# densities
1.0000
1.0000
1.0000
1.0000
1.0000
1.0000
1.0000
1.0000
1.0000
0.9537
0.9611
0.9231
0.9461
0.9668
0.9770
1.0000
0.9493
0.8978
0.8455
0.7924
0.7383
0.6833
0.6272
0.5699
0.5114
0.4517
0.3910
0.3294
0.2671
0.2046
0.1424
0.0813
0.0223
0.0000
0.0000
0.0000
0.0000
0.0000
0.0000
0.0000
0.0000
0.0000
0.0000
0.0000
0.0000
0.0000
0.0000
0.0000
0.0000
0.0000
1.0000
1.0000
1.0000
1.0000
1.0000
1.0000
1.0000
1.0000
1.0000
0.9353
0.9675
0.9778
0.9783
1.0000
0.9497
0.9006
0.8535
0.8070
0.7608
0.7146
0.6681
0.6213
0.5740
0.5261
0.4776
0.4284
0.3786
0.3280
0.2769
0.2253
0.1733
0.1209
0.0683
0.0154
0.0000
0.0000
0.0000
0.0000
0.0000
0.0000
0.0000
0.0000
0.0000
0.0000
0.0000
0.0000
0.0000
0.0000
0.0000
0.0000
1.0000
1.0000
1.0000
1.0000
1.0000
1.0000
1.0000
0.9762
0.9862
0.9909
0.9885
0.9985
0.9679
0.9199
0.8747
0.8314
0.7901
0.7504
0.7119
0.6740
0.6366
0.5993
0.5621
0.5246
0.4869
0.4486
0.4097
0.3698
0.3289
0.2867
0.2428
0.1971
0.1493
0.0991
0.0461
0.0000
0.0000
0.0000
0.0000
0.0000
0.0000
0.0000
0.0000
0.0000
0.0000
0.0000
0.0000
0.0000
0.0000
0.0000
1.0000
1.0000
1.0000
1.0000
1.0000
1.0000
1.0000
1.0000
0.9905
0.9993
0.9798
0.9357
0.8947
0.8557
0.8185
0.7830
0.7494
0.7175
0.6870
0.6576
0.6289
0.6008
0.5729
0.5449
0.5167
0.4878
0.4580
0.4269
0.3940
0.3591
0.3217
0.2813
0.2378
0.1909
0.1402
0.0853
0.0255
0.0000
0.0105
0.0000
0.0000
0.0000
0.0000
0.0000
0.0000
0.0000
0.0000
0.0000
0.0000
0.0000
0.8348
0.9564
1.0000
0.9947
1.0000
0.9929
1.0000
0.9960
0.9623
0.9282
0.8953
0.8634
0.8325
0.8028
0.7742
0.7470
0.7212
0.6970
0.6741
0.6523
0.6315
0.6112
0.5912
0.5711
0.5507
0.5295
0.5072
0.4832
0.4572
0.4286
0.3970
0.3621
0.3234
0.2806
0.2334
0.1815
0.1246
0.0622
0.0000
0.0000
0.0000
0.0000
0.0000
0.0000
0.0000
0.0000
0.0000
0.0000
0.0000
0.0000
0.5901
0.6862
0.7707
0.8314
0.8654
0.8798
0.8797
0.8705
0.8555
0.8374
0.8176
0.7969
0.7760
0.7552
0.7350
0.7156
0.6972
0.6799
0.6638
0.6487
0.6343
0.6206
0.6071
0.5935
0.5796
0.5648
0.5489
0.5312
0.5115
0.4891
0.4636
0.4345
0.4015
0.3640
0.3217
0.2741
0.2210
0.1619
0.0968
0.0256
0.0000
0.0008
0.0000
0.0000
0.0000
0.0000
0.0000
0.0000
0.0000
0.0000
0.4348
0.5135
0.5901
0.6536
0.7008
0.7317
0.7494
0.7569
0.7570
0.7520
0.7437
0.7331
0.7212
0.7086
0.6959
0.6834
0.6716
0.6604
0.6501
0.6406
0.6317
0.6234
0.6153
0.6071
0.5987
0.5895
0.5793
0.5675
0.5538
0.5376
0.5185
0.4960
0.4694
0.4384
0.4022
0.3605
0.3125
0.2579
0.1965
0.1284
0.0537
0.0000
0.0100
0.0000
0.0000
0.0000
0.0000
0.0000
0.0000
0.0000
0.3316
0.3944
0.4608
0.5212
0.5712
0.6097
0.6372
0.6555
0.6663
0.6715
0.6724
0.6703
0.6661
0.6606
0.6544
0.6479
0.6416
0.6356
0.6302
0.6253
0.6210
0.6170
0.6134
0.6098
0.6060
0.6018
0.5967
0.5905
0.5826
0.5727
0.5602
0.5446
0.5253
0.5016
0.4728
0.4382
0.3969
0.3484
0.2922
0.2281
0.1564
0.0777
0.0000
0.0000
0.0000
0.0000
0.0000
0.0000
0.0000
0.0000
0.2604
0.3090
0.3646
0.4191
0.4678
0.5085
0.5409
0.5656
0.5836
0.5959
0.6039
0.6084
0.6105
0.6108
0.6099
0.6084
0.6066
0.6049
0.6034
0.6023
0.6016
0.6012
0.6012
0.6013
0.6015
0.6014
0.6009
0.5997
0.5973
0.5934
0.5875
0.5790
0.5674
0.5517
0.5313
0.5050
0.4720
0.4312
0.3820
0.3237
0.2564
0.1805
0.0970
0.0070
0.0000
0.0000
0.0000
0.0000
0.0000
0.0000
0.2098
0.2459
0.2913
0.3389
0.3841
0.4243
0.4584
0.4864
0.5087
0.5259
0.5389
0.5484
0.5552
0.5600
0.5633
0.5657
0.5675
0.5691
0.5707
0.5725
0.5745
0.5769
0.5796
0.5826
0.5859
0.5892
0.5925
0.5955
0.5980
0.5996
0.5999
0.5984
0.5945
0.5872
0.5757
0.5588
0.5353
0.5040
0.4635
0.4131
0.3523
0.2810
0.2001
0.1108
0.0152
0.0000
0.0000
0.0000
0.0000
0.0000
0.1727
0.1983
0.2343
0.2748
0.3156
0.3537
0.3877
0.4170
0.4416
0.4618
0.4781
0.4911
0.5014
0.5096
0.5160
0.5214
0.5259
0.5299
0.5338
0.5376
0.5416
0.5459
0.5505
0.5555
0.5609
0.5667
0.5728
0.5792
0.5856
0.5919
0.5977
0.6025
0.6058
0.6068
0.6045
0.5975
0.5846
0.5640
0.5343
0.4941
0.4421
0.3779
0.3016
0.2145
0.1186
0.0164
0.0000
0.0000
0.0000
0.0000
0.1447
0.1617
0.1894
0.2232
0.2592
0.2944
0.3271
0.3565
0.3821
0.4039
0.4224
0.4377
0.4504
0.4610
0.4697
0.4772
0.4836
0.4894
0.4947
0.4999
0.5051
0.5105
0.5162
0.5223
0.5289
0.5362
0.5441
0.5526
0.5618
0.5716
0.5817
0.5918
0.6015
0.6100
0.6164
0.6194
0.6175
0.6089
0.5916
0.5636
0.5232
0.4689
0.4002
0.3177
0.2230
0.1192
0.0102
0.0000
0.0000
0.0000
0.1228
0.1331
0.1537
0.1813
0.2125
0.2445
0.2754
0.3039
0.3297
0.3523
0.3719
0.3888
0.4032
0.4154
0.4258
0.4347
0.4425
0.4494
0.4557
0.4617
0.4674
0.4733
0.4793
0.4857
0.4927
0.5004
0.5090
0.5185
0.5292
0.5410
0.5539
0.5678
0.5823
0.5970
0.6110
0.6232
0.6322
0.6359
0.6322
0.6186
0.5924
0.5513
0.4937
0.4191
0.3285
0.2248
0.1122
0.0000
0.0000
0.0000
0.1050
0.1102
0.1249
0.1471
0.1738
0.2025
0.2312
0.2585
0.2838
0.3067
0.3269
0.3447
0.3602
0.3736
0.3852
0.3952
0.4039
0.4116
0.4185
0.4249
0.4308
0.4366
0.4425
0.4486
0.4553
0.4626
0.4708
0.4801
0.4909
0.5032
0.5172
0.5329
0.5504
0.5693
0.5891
0.6089
0.6276
0.6432
0.6535
0.6555
0.6460
0.6215
0.5790
0.5166
0.4341
0.3335
0.2192
0.0979
0.0000
0.0000
0.0901
0.0915
0.1016
0.1190
0.1416
0.1671
0.1935
0.2194
0.2440
0.2666
0.2872
0.3055
0.3218
0.3361
0.3486
0.3594
0.3689
0.3772
0.3846
0.3911
0.3971
0.4027
0.4081
0.4136
0.4194
0.4257
0.4328
0.4410
0.4507
0.4620
0.4754
0.4910
0.5091
0.5297
0.5528
0.5777
0.6038
0.6296
0.6529
0.6708
0.6797
0.6750
0.6521
0.6071
0.5380
0.4452
0.3326
0.2071
0.0814
0.0000
0.0771
0.0759
0.0824
0.0959
0.1148
0.1373
0.1614
0.1858
0.2094
0.2317
0.2523
0.2710
0.2878
0.3028
0.3161
0.3277
0.3379
0.3468
0.3545
0.3613
0.3673
0.3727
0.3777
0.3825
0.3874
0.3925
0.3982
0.4047
0.4124
0.4217
0.4330
0.4467
0.4632
0.4829
0.5061
0.5328
0.5629
0.5956
0.6294
0.6618
0.6892
0.7065
0.7076
0.6861
0.6370
0.5585
0.4529
0.3274
0.1962
0.0953
0.0656
0.0625
0.0663
0.0767
0.0925
0.1122
0.1341
0.1569
0.1796
0.2013
0.2218
0.2408
0.2581
0.2737
0.2876
0.3000
0.3109
0.3204
0.3287
0.3359
0.3421
0.3475
0.3523
0.3566
0.3607
0.3647
0.3690
0.3738
0.3794
0.3862
0.3946
0.4052
0.4183
0.4347
0.4550
0.4798
0.5097
0.5447
0.5844
0.6274
0.6709
0.7101
0.7384
0.7465
0.7258
0.6702
0.5796
0.4606
0.3300
0.2314
0.0551
0.0509
0.0528
0.0607
0.0739
0.0911
0.1110
0.1323
0.1539
0.1751
0.1954
0.2145
0.2322
0.2484
0.2630
0.2761
0.2878
0.2980
0.3070
0.3147
0.3213
0.3269
0.3318
0.3360
0.3397
0.3431
0.3464
0.3498
0.3537
0.3582
0.3638
0.3709
0.3800
0.3917
0.4069
0.4266
0.4518
0.4836
0.5230
0.5701
0.6239
0.6813
0.7362
0.7791
0.7958
0.7745
0.7101
0.6077
0.4867
0.3992
0.0457
0.0408
0.0413
0.0473
0.0583
0.0735
0.0915
0.1113
0.1319
0.1525
0.1726
0.1918
0.2098
0.2265
0.2419
0.2557
0.2682
0.2792
0.2888
0.2972
0.3044
0.3106
0.3158
0.3202
0.3239
0.3272
0.3301
0.3328
0.3356
0.3386
0.3421
0.3464
0.3520
0.3592
0.3688
0.3818
0.3994
0.4234
0.4557
0.4984
0.5530
0.6195
0.6948
0.7711
0.8346
0.8611
0.8387
0.7702
0.6723
0.6084
0.0372
0.0318
0.0314
0.0361
0.0455
0.0588
0.0752
0.0937
0.1133
0.1333
0.1531
0.1724
0.1907
0.2080
0.2239
0.2385
0.2517
0.2635
0.2739
0.2831
0.2910
0.2977
0.3035
0.3084
0.3125
0.3159
0.3189
0.3216
0.3240
0.3264
0.3289
0.3317
0.3350
0.3392
0.3446
0.3518
0.3618
0.3761
0.3970
0.4275
0.4715
0.5331
0.6146
0.7138
0.8210
0.9160
0.9526
0.9458
0.9019
0.8768
0.0296
0.0240
0.0230
0.0268
0.0349
0.0468
0.0618
0.0791
0.0978
0.1173
0.1369
0.1562
0.1748
0.1924
0.2090
0.2242
0.2381
0.2507
0.2618
0.2717
0.2803
0.2878
0.2942
0.2996
0.3043
0.3082
0.3116
0.3146
0.3172
0.3197
0.3220
0.3245
0.3270
0.3299
0.3333
0.3374
0.3426
0.3497
0.3600
0.3760
0.4018
0.4437
0.5100
0.6085
0.7414
0.8991
1.0000
0.9047
0.8783
0.7759
0.0233
0.0175
0.0162
0.0192
0.0265
0.0373
0.0512
0.0674
0.0854
0.1043
0.1237
0.1430
0.1619
0.1799
0.1969
0.2128
0.2273
0.2405
0.2523
0.2628
0.2720
0.2801
0.2871
0.2932
0.2984
0.3029
0.3068
0.3103
0.3134
0.3163
0.3190
0.3218
0.3246
0.3275
0.3307
0.3342
0.3380
0.3423
0.3474
0.3541
0.3643
0.3822
0.4163
0.4814
0.5962
0.7776
1.0000
1.0000
1.0000
1.0000
0.0182
0.0124
0.0108
0.0135
0.0201
0.0301
0.0432
0.0586
0.0759
0.0945
0.1137
0.1330
0.1521
0.1704
0.1878
0.2041
0.2191
0.2328
0.2452
0.2562
0.2660
0.2745
0.2821
0.2886
0.2943
0.2993
0.3037
0.3077
0.3113
0.3147
0.3179
0.3212
0.3247
0.3283
0.3321
0.3363
0.3408
0.3454
0.3502
0.3548
0.3592
0.3639
0.3713
0.3897
0.4390
0.5548
0.7961
1.0000
1.0000
1.0000
0.0147
0.0088
0.0071
0.0095
0.0157
0.0253
0.0378
0.0527
0.0696
0.0879
0.1070
0.1263
0.1455
0.1640
0.1817
0.1983
0.2137
0.2277
0.2404
0.2518
0.2619
0.2709
0.2787
0.2856
0.2917
0.2971
0.3018
0.3061
0.3101
0.3139
0.3177
0.3214
0.3254
0.3296
0.3343
0.3394
0.3449
0.3509
0.3572
0.3632
0.3684
0.3716
0.3714
0.3667
0.3596
0.3682
0.4559
0.8098
1.0000
1.0000
0.0129
0.0070
0.0052
0.0075
0.0136
0.0229
0.0351
0.0497
0.0664
0.0845
0.1035
0.1229
0.1421
0.1608
0.1786
0.1954
0.2109
0.2251
0.2380
0.2496
0.2599
0.2690
0.2771
0.2842
0.2904
0.2960
0.3009
0.3054
0.3096
0.3136
0.3176
0.3216
0.3259
0.3305
0.3356
0.3412
0.3475
0.3544
0.3618
0.3692
0.3761
0.3809
0.3813
0.3739
0.3544
0.3210
0.2892
0.3515
0.9518
1.0000
0.0129
0.0070
0.0052
0.0075
0.0136
0.0229
0.0351
0.0497
0.0664
0.0845
0.1035
0.1229
0.1421
0.1608
0.1786
0.1954
0.2109
0.2251
0.2380
0.2496
0.2599
0.2690
0.2771
0.2842
0.2904
0.2960
0.3009
0.3054
0.3096
0.3136
0.3176
0.3216
0.3259
0.3305
0.3356
0.3412
0.3475
0.3544
0.3618
0.3692
0.3761
0.3809
0.3813
0.3739
0.3544
0.3210
0.2892
0.3515
0.9518
1.0000
0.0147
0.0088
0.0071
0.0095
0.0157
0.0253
0.0378
0.0527
0.0696
0.0879
0.1070
0.1263
0.1455
0.1640
0.1817
0.1983
0.2137
0.2277
0.2404
0.2518
0.2619
0.2709
0.2787
0.2856
0.2917
0.2971
0.3018
0.3061
0.3101
0.3139
0.3177
0.3214
0.3254
0.3296
0.3343
0.3394
0.3449
0.3509
0.3572
0.3632
0.3684
0.3716
0.3714
0.3667
0.3596
0.3682
0.4559
0.8098
1.0000
1.0000
0.0182
0.0124
0.0108
0.0135
0.0201
0.0301
0.0432
0.0586
0.0759
0.0945
0.1137
0.1330
0.1521
0.1704
0.1878
0.2041
0.2191
0.2328
0.2452
0.2562
0.2660
0.2745
0.2821
0.2886
0.2943
0.2993
0.3037
0.3077
0.3113
0.3147
0.3179
0.3212
0.3247
0.3283
0.3321
0.3363
0.3408
0.3454
0.3502
0.3548
0.3592
0.3639
0.3713
0.3897
0.4390
0.5548
0.7961
1.0000
1.0000
1.0000
0.0233
0.0175
0.0162
0.0192
0.0265
0.0373
0.0512
0.0674
0.0854
0.1043
0.1237
0.1430
0.1619
0.1799
0.1969
0.2128
0.2273
0.2405
0.2523
0.2628
0.2720
0.2801
0.2871
0.2932
0.2984
0.3029
0.3068
0.3103
0.3134
0.3163
0.3190
0.3218
0.3246
0.3275
0.3307
0.3342
0.3380
0.3423
0.3474
0.3541
0.3643
0.3822
0.4163
0.4814
0.5962
0.7776
1.0000
1.0000
1.0000
1.0000
0.0296
0.0240
0.0230
0.0268
0.0349
0.0468
0.0618
0.0791
0.0978
0.1173
0.1369
0.1562
0.1748
0.1924
0.2090
0.2242
0.2381
0.2507
0.2618
0.2717
0.2803
0.2878
0.2942
0.2996
0.3043
0.3082
0.3116
0.3146
0.3172
0.3197
0.3220
0.3245
0.3270
0.3299
0.3333
0.3374
0.3426
0.3497
0.3600
0.3760
0.4018
0.4437
0.5100
0.6085
0.7414
0.8991
1.0000
0.9047
0.8783
0.7759
0.0372
0.0318
0.0314
0.0361
0.0455
0.0588
0.0752
0.0937
0.1133
0.1333
0.1531
0.1724
0.1907
0.2080
0.2239
0.2385
0.2517
0.2635
0.2739
0.2831
0.2910
0.2977
0.3035
0.3084
0.3125
0.3159
0.3189
0.3216
0.3240
0.3264
0.3289
0.3317
0.3350
0.3392
0.3446
0.3518
0.3618
0.3761
0.3970
0.4275
0.4715
0.5331
0.6146
0.7138
0.8210
0.9160
0.9526
0.9458
0.9019
0.8768
0.0457
0.0408
0.0413
0.0473
0.0583
0.0735
0.0915
0.1113
0.1319
0.1525
0.1726
0.1918
0.2098
0.2265
0.2419
0.2557
0.2682
0.2792
0.2888
0.2972
0.3044
0.3106
0.3158
0.3202
0.3239
0.3272
0.3301
0.3328
0.3356
0.3386
0.3421
0.3464
0.3520
0.3592
0.3688
0.3818
0.3994
0.4234
0.4557
0.4984
0.5530
0.6195
0.6948
0.7711
0.8346
0.8611
0.8387
0.7702
0.6723
0.6084
0.0551
0.0509
0.0528
0.0607
0.0739
0.0911
0.1110
0.1323
0.1539
0.1751
0.1954
0.2145
0.2322
0.2484
0.2630
0.2761
0.2878
0.2980
0.3070
0.3147
0.3213
0.3269
0.3318
0.3360
0.3397
0.3431
0.3464
0.3498
0.3537
0.3582
0.3638
0.3709
0.3800
0.3917
0.4069
0.4266
0.4518
0.4836
0.5230
0.5701
0.6239
0.6813
0.7362
0.7791
0.7958
0.7745
0.7101
0.6077
0.4867
0.3992
0.0656
0.0625
0.0663
0.0767
0.0925
0.1122
0.1341
0.1569
0.1796
0.2013
0.2218
0.2408
0.2581
0.2737
0.2876
0.3000
0.3109
0.3204
0.3287
0.3359
0.3421
0.3475
0.3523
0.3566
0.3607
0.3647
0.3690
0.3738
0.3794
0.3862
0.3946
0.4052
0.4183
0.4347
0.4550
0.4798
0.5097
0.5447
0.5844
0.6274
0.6709
0.7101
0.7384
0.7465
0.7258
0.6702
0.5796
0.4606
0.3300
0.2314
0.0771
0.0759
0.0824
0.0959
0.1148
0.1373
0.1614
0.1858
0.2094
0.2317
0.2523
0.2710
0.2878
0.3028
0.3161
0.3277
0.3379
0.3468
0.3545
0.3613
0.3673
0.3727
0.3777
0.3825
0.3874
0.3925
0.3982
0.4047
0.4124
0.4217
0.4330
0.4467
0.4632
0.4829
0.5061
0.5328
0.5629
0.5956
0.6294
0.6618
0.6892
0.7065
0.7076
0.6861
0.6370
0.5585
0.4529
0.3274
0.1962
0.0953
0.0901
0.0915
0.1016
0.1190
0.1416
0.1671
0.1935
0.2194
0.2440
0.2666
0.2872
0.3055
0.3218
0.3361
0.3486
0.3594
0.3689
0.3772
0.3846
0.3911
0.3971
0.4027
0.4081
0.4136
0.4194
0.4257
0.4328
0.4410
0.4507
0.4620
0.4754
0.4910
0.5091
0.5297
0.5528
0.5777
0.6038
0.6296
0.6529
0.6708
0.6797
0.6750
0.6521
0.6071
0.5380
0.4452
0.3326
0.2071
0.0814
0.0000
0.1050
0.1102
0.1249
0.1471
0.1738
0.2025
0.2312
0.2585
0.2838
0.3067
0.3269
0.3447
0.3602
0.3736
0.3852
0.3952
0.4039
0.4116
0.4185
0.4249
0.4308
0.4366
0.4425
0.4486
0.4553
0.4626
0.4708
0.4801
0.4909
0.5032
0.5172
0.5329
0.5504
0.5693
0.5891
0.6089
0.6276
0.6432
0.6535
0.6555
0.6460
0.6215
0.5790
0.5166
0.4341
0.3335
0.2192
0.0979
0.0000
0.0000
0.1228
0.1331
0.1537
0.1813
0.2125
0.2445
0.2754
0.3039
0.3297
0.3523
0.3719
0.3888
0.4032
0.4154
0.4258
0.4347
0.4425
0.4494
0.4557
0.4617
0.4674
0.4733
0.4793
0.4857
0.4927
0.5004
0.5090
0.5185
0.5292
0.5410
0.5539
0.5678
0.5823
0.5970
0.6110
0.6232
0.6322
0.6359
0.6322
0.6186
0.5924
0.5513
0.4937
0.4191
0.3285
0.2248
0.1122
0.0000
0.0000
0.0000
0.1447
0.1617
0.1894
0.2232
0.2592
0.2944
0.3271
0.3565
0.3821
0.4039
0.4224
0.4377
0.4504
0.4610
0.4697
0.4772
0.4836
0.4894
0.4947
0.4999
0.5051
0.5105
0.5162
0.5223
0.5289
0.5362
0.5441
0.5526
0.5618
0.5716
0.5817
0.5918
0.6015
0.6100
0.6164
0.6194
0.6175
0.6089
0.5916
0.5636
0.5232
0.4689
0.4002
0.3177
0.2230
0.1192
0.0102
0.0000
0.0000
0.0000
0.1727
0.1983
0.2343
0.2748
0.3156
0.3537
0.3877
0.4170
0.4416
0.4618
0.4781
0.4911
0.5014
0.5096
0.5160
0.5214
0.5259
0.5299
0.5338
0.5376
0.5416
0.5459
0.5505
0.5555
0.5609
0.5667
0.5728
0.5792
0.5856
0.5919
0.5977
0.6025
0.6058
0.6068
0.6045
0.5975
0.5846
0.5640
0.5343
0.4941
0.4421
0.3779
0.3016
0.2145
0.1186
0.0164
0.0000
0.0000
0.0000
0.0000
0.2098
0.2459
0.2913
0.3389
0.3841
0.4243
0.4584
0.4864
0.5087
0.5259
0.5389
0.5484
0.5552
0.5600
0.5633
0.5657
0.5675
0.5691
0.5707
0.5725
0.5745
0.5769
0.5796
0.5826
0.5859
0.5892
0.5925
0.5955
0.5980
0.5996
0.5999
0.5984
0.5945
0.5872
0.5757
0.5588
0.5353
0.5040
0.4635
0.4131
0.3523
0.2810
0.2001
0.1108
0.0152
0.0000
0.0000
0.0000
0.0000
0.0000
0.2604
0.3090
0.3646
0.4191
0.4678
0.5085
0.5409
0.5656
0.5836
0.5959
0.6039
0.6084
0.6105
0.6108
0.6099
0.6084
0.6066
0.6049
0.6034
0.6023
0.6016
0.6012
0.6012
0.6013
0.6015
0.6014
0.6009
0.5997
0.5973
0.5934
0.5875
0.5790
0.5674
0.5517
0.5313
0.5050
0.4720
0.4312
0.3820
0.3237
0.2564
0.1805
0.0970
0.0070
0.0000
0.0000
0.0000
0.0000
0.0000
0.0000
0.3316
0.3944
0.4608
0.5212
0.5712
0.6097
0.6372
0.6555
0.6663
0.6715
0.6724
0.6703
0.6661
0.6606
0.6544
0.6479
0.6416
0.6356
0.6302
0.6253
0.6210
0.6170
0.6134
0.6098
0.6060
0.6018
0.5967
0.5905
0.5826
0.5727
0.5602
0.5446
0.5253
0.5016
0.4728
0.4382
0.3969
0.3484
0.2922
0.2281
0.1564
0.0777
0.0000
0.0000
0.0000
0.0000
0.0000
0.0000
0.0000
0.0000
0.4348
0.5135
0.5901
0.6536
0.7008
0.7317
0.7494
0.7569
0.7570
0.7520
0.7437
0.7331
0.7212
0.7086
0.6959
0.6834
0.6716
0.6604
0.6501
0.6406
0.6317
0.6234
0.6153
0.6071
0.5987
0.5895
0.5793
0.5675
0.5538
0.5376
0.5185
0.4960
0.4694
0.4384
0.4022
0.3605
0.3125
0.2579
0.1965
0.1284
0.0537
0.0000
0.0100
0.0000
0.0000
0.0000
0.0000
0.0000
0.0000
0.0000
0.5901
0.6862
0.7707
0.8314
0.8654
0.8798
0.8797
0.8705
0.8555
0.8374
0.8176
0.7969
0.7760
0.7552
0.7350
0.7156
0.6972
0.6799
0.6638
0.6487
0.6343
0.6206
0.6071
0.5935
0.5796
0.5648
0.5489
0.5312
0.5115
0.4891
0.4636
0.4345
0.4015
0.3640
0.3217
0.2741
0.2210
0.1619
0.0968
0.0256
0.0000
0.0008
0.0000
0.0000
0.0000
0.0000
0.0000
0.0000
0.0000
0.0000
0.8348
0.9564
1.0000
0.9947
1.0000
0.9929
1.0000
0.9960
0.9623
0.9282
0.8953
0.8634
0.8325
0.8028
0.7742
0.7470
0.7212
0.6970
0.6741
0.6523
0.6315
0.6112
0.5912
0.5711
0.5507
0.5295
0.5072
0.4832
0.4572
0.4286
0.3970
0.3621
0.3234
0.2806
0.2334
0.1815
0.1246
0.0622
0.0000
0.0000
0.0000
0.0000
0.0000
0.0000
0.0000
0.0000
0.0000
0.0000
0.0000
0.0000
1.0000
1.0000
1.0000
1.0000
1.0000
1.0000
1.0000
1.0000
0.9905
0.9993
0.9798
0.9357
0.8947
0.8557
0.8185
0.7830
0.7494
0.7175
0.6870
0.6576
0.6289
0.6008
0.5729
0.5449
0.5167
0.4878
0.4580
0.4269
0.3940
0.3591
0.3217
0.2813
0.2378
0.1909
0.1402
0.0853
0.0255
0.0000
0.0105
0.0000
0.0000
0.0000
0.0000
0.0000
0.0000
0.0000
0.0000
0.0000
0.0000
0.0000
1.0000
1.0000
1.0000
1.0000
1.0000
1.0000
1.0000
0.9762
0.9862
0.9909
0.9885
0.9985
0.9679
0.9199
0.8747
0.8314
0.7901
0.7504
0.7119
0.6740
0.6366
0.5993
0.5621
0.5246
0.4869
0.4486
0.4097
0.3698
0.3289
0.2867
0.2428
0.1971
0.1493
0.0991
0.0461
0.0000
0.0000
0.0000
0.0000
0.0000
0.0000
0.0000
0.0000
0.0000
0.0000
0.0000
0.0000
0.0000
0.0000
0.0000
1.0000
1.0000
1.0000
1.0000
1.0000
1.0000
1.0000
1.0000
1.0000
0.9353
0.9675
0.9778
0.9783
1.0000
0.9497
0.9006
0.8535
0.8070
0.7608
0.7146
0.6681
0.6213
0.5740
0.5261
0.4776
0.4284
0.3786
0.3280
0.2769
0.2253
0.1733
0.1209
0.0683
0.0154
0.0000
0.0000
0.0000
0.0000
0.0000
0.0000
0.0000
0.0000
0.0000
0.0000
0.0000
0.0000
0.0000
0.0000
0.0000
0.0000
1.0000
1.0000
1.0000
1.0000
1.0000
1.0000
1.0000
1.0000
1.0000
0.9537
0.9611
0.9231
0.9461
0.9668
0.9770
1.0000
0.9493
0.8978
0.8455
0.7924
0.7383
0.6833
0.6272
0.5699
0.5114
0.4517
0.3910
0.3294
0.2671
0.2046
0.1424
0.0813
0.0223
0.0000
0.0000
0.0000
0.0000
0.0000
0.0000
0.0000
0.0000
0.0000
0.0000
0.0000
0.0000
0.0000
0.0000
0.0000
0.0000
0.0000
# OPTIMIZATION PARAMETERS 
# nelx: 50
# nely: 50
# max buckling: 0.0
# penalization: 1.484
# initial densities: 0.8
# FEA MODEL DATA 
# material: {'Ex': 10000.0, 'Ey': 10000.0, 'NUxy': 0.3}
# loads: {'Val': -10, 'direction': 'x', 'dof': array([2549, 2651, 2753], dtype=int64)}
# bc: Left Clamped
# 
