# densities
0.9995
1.0000
0.9761
0.9570
0.7059
0.4782
0.3245
0.1670
0.0164
0.0029
0.0000
0.0023
0.0000
0.0019
0.0000
0.0030
0.0009
0.0007
0.0017
0.0009
0.0002
0.0000
0.0000
0.0000
0.0000
0.0000
0.0000
0.0000
0.0000
0.0000
1.0000
1.0000
0.9563
0.9289
0.7862
0.4220
0.1282
0.0000
0.0000
0.0030
0.0005
0.0022
0.0007
0.0061
0.0046
0.0060
0.0012
0.0019
0.0029
0.0017
0.0008
0.0002
0.0000
0.0000
0.0000
0.0000
0.0000
0.0000
0.0000
0.0000
0.9828
0.9646
0.9644
0.9528
0.9430
0.9358
0.7997
0.4732
0.1479
0.0000
0.0000
0.0000
0.0018
0.0024
0.0027
0.0019
0.0006
0.0011
0.0032
0.0026
0.0025
0.0005
0.0000
0.0000
0.0000
0.0000
0.0000
0.0000
0.0000
0.0000
0.9709
0.9487
0.9595
0.9541
0.9471
0.9410
0.9365
0.9119
0.5442
0.2230
0.0000
0.0000
0.0024
0.0038
0.0049
0.0018
0.0003
0.0004
0.0062
0.0040
0.0058
0.0004
0.0000
0.0000
0.0000
0.0000
0.0000
0.0000
0.0000
0.0000
0.9179
0.9377
0.9532
0.9501
0.9449
0.9395
0.9353
0.9323
0.8936
0.5723
0.2572
0.0000
0.0002
0.0000
0.0000
0.0000
0.0008
0.0005
0.0092
0.0041
0.0085
0.0000
0.0000
0.0000
0.0000
0.0000
0.0000
0.0000
0.0000
0.0000
0.6919
0.7588
0.9473
0.9452
0.9417
0.9378
0.9347
0.9321
0.9306
0.9297
0.6316
0.3186
0.0394
0.0000
0.0000
0.0000
0.0006
0.0011
0.0097
0.0043
0.0083
0.0000
0.0000
0.0008
0.0000
0.0000
0.0000
0.0000
0.0000
0.0000
0.5294
0.4767
0.6446
0.9371
0.9383
0.9354
0.9335
0.9315
0.9301
0.9290
0.9280
0.6706
0.3651
0.0883
0.0000
0.0000
0.0011
0.0012
0.0063
0.0031
0.0048
0.0001
0.0006
0.0022
0.0007
0.0000
0.0000
0.0000
0.0000
0.0000
0.4173
0.2708
0.3977
0.6568
0.8159
0.9330
0.9320
0.9306
0.9294
0.9284
0.9274
0.9261
0.6877
0.3919
0.1189
0.0000
0.0003
0.0010
0.0027
0.0019
0.0014
0.0015
0.0021
0.0043
0.0020
0.0008
0.0000
0.0000
0.0000
0.0000
0.3332
0.1140
0.2137
0.4327
0.5512
0.7575
0.9308
0.9300
0.9290
0.9283
0.9274
0.9262
0.9247
0.7047
0.4152
0.1440
0.0000
0.0003
0.0003
0.0014
0.0026
0.0073
0.0069
0.0082
0.0042
0.0023
0.0011
0.0002
0.0000
0.0000
0.2679
0.0086
0.0793
0.2641
0.3333
0.5100
0.7754
0.9295
0.9289
0.9284
0.9277
0.9266
0.9252
0.9235
0.7196
0.4335
0.1627
0.0000
0.0002
0.0010
0.0023
0.0082
0.0099
0.0119
0.0077
0.0045
0.0027
0.0016
0.0005
0.0002
0.2142
0.0613
0.0000
0.1408
0.1608
0.2982
0.5330
0.7512
0.9291
0.9288
0.9283
0.9273
0.9261
0.9245
0.9226
0.7287
0.4449
0.1740
0.0000
0.0017
0.0042
0.0088
0.0093
0.0090
0.0053
0.0022
0.0011
0.0004
0.0001
0.0000
0.1713
0.1225
0.0082
0.0582
0.0263
0.1256
0.3212
0.5141
0.7286
0.9297
0.9292
0.9284
0.9272
0.9257
0.9239
0.9218
0.7337
0.4507
0.1788
0.0000
0.0007
0.0039
0.0076
0.0074
0.0059
0.0015
0.0005
0.0001
0.0000
0.0000
0.1258
0.1802
0.0713
0.0581
0.0113
0.0000
0.1470
0.3046
0.4965
0.7250
0.9305
0.9297
0.9287
0.9273
0.9256
0.9236
0.9212
0.7354
0.4513
0.1777
0.0000
0.0003
0.0025
0.0008
0.0012
0.0000
0.0000
0.0000
0.0000
0.0000
0.0834
0.1979
0.1108
0.1039
0.0427
0.0126
0.0077
0.1288
0.2881
0.4928
0.7186
0.9315
0.9305
0.9293
0.9276
0.9256
0.9234
0.9208
0.7336
0.4468
0.1705
0.0007
0.0016
0.0007
0.0013
0.0005
0.0007
0.0010
0.0007
0.0004
0.0781
0.1797
0.1441
0.1426
0.1022
0.0297
0.0187
0.0000
0.1118
0.2820
0.4851
0.7100
0.9327
0.9316
0.9300
0.9281
0.9258
0.9233
0.9205
0.7281
0.4362
0.1557
0.0000
0.0001
0.0003
0.0005
0.0007
0.0011
0.0007
0.0003
0.0880
0.1405
0.1267
0.1266
0.1258
0.0809
0.0356
0.0218
0.0000
0.1017
0.2711
0.4743
0.7026
0.9343
0.9328
0.9310
0.9288
0.9262
0.9233
0.9203
0.7176
0.4184
0.1356
0.0000
0.0002
0.0008
0.0010
0.0011
0.0009
0.0006
0.0855
0.1207
0.1037
0.0971
0.1210
0.1123
0.0876
0.0447
0.0286
0.0000
0.0867
0.2560
0.4620
0.6949
0.9333
0.9344
0.9322
0.9296
0.9267
0.9235
0.9202
0.7005
0.3961
0.1094
0.0000
0.0002
0.0002
0.0002
0.0000
0.0000
0.0855
0.1188
0.0991
0.0738
0.0981
0.1121
0.1082
0.0917
0.0517
0.0305
0.0099
0.0673
0.2383
0.4477
0.6863
0.9330
0.9362
0.9335
0.9306
0.9273
0.9238
0.9202
0.6808
0.3678
0.0628
0.0000
0.0001
0.0005
0.0016
0.0012
0.0820
0.1161
0.0941
0.0731
0.0764
0.0911
0.1035
0.1090
0.0951
0.0592
0.0324
0.0103
0.0451
0.2176
0.4310
0.6770
0.9341
0.9382
0.9351
0.9317
0.9281
0.9243
0.9204
0.6555
0.3176
0.0110
0.0001
0.0006
0.0013
0.0007
0.0754
0.1075
0.0894
0.0718
0.0750
0.0723
0.0767
0.0936
0.1088
0.0981
0.0668
0.0295
0.0102
0.0208
0.1941
0.4120
0.6668
0.9368
0.9404
0.9369
0.9331
0.9290
0.9249
0.9209
0.6056
0.2629
0.0000
0.0006
0.0015
0.0015
0.0698
0.0997
0.0855
0.0715
0.0761
0.0745
0.0705
0.0723
0.0910
0.1057
0.1005
0.0698
0.0292
0.0136
0.0000
0.1680
0.3897
0.6554
0.9418
0.9429
0.9389
0.9346
0.9301
0.9259
0.9033
0.5393
0.2273
0.0000
0.0005
0.0000
0.0657
0.0937
0.0829
0.0710
0.0779
0.0767
0.0733
0.0723
0.0719
0.0901
0.1022
0.0972
0.0766
0.0497
0.0147
0.0047
0.1378
0.3646
0.6434
0.9497
0.9457
0.9411
0.9363
0.9317
0.9270
0.8324
0.5036
0.1396
0.0000
0.0865
0.0623
0.0887
0.0805
0.0704
0.0789
0.0798
0.0789
0.0778
0.0763
0.0751
0.0915
0.1008
0.0949
0.0843
0.0511
0.0274
0.0083
0.1031
0.3366
0.6314
0.9537
0.9487
0.9435
0.9385
0.9334
0.9283
0.8747
0.4897
0.0135
0.3054
0.0596
0.0849
0.0786
0.0699
0.0794
0.0812
0.0811
0.0808
0.0787
0.0764
0.0752
0.0841
0.0967
0.1086
0.0950
0.0701
0.0319
0.0098
0.0677
0.3077
0.6192
0.9575
0.9518
0.9464
0.9413
0.9363
0.9332
0.8302
0.0821
0.4673
0.0576
0.0821
0.0772
0.0696
0.0799
0.0823
0.0827
0.0828
0.0815
0.0793
0.0782
0.0753
0.0787
0.0923
0.1047
0.1004
0.0759
0.0406
0.0140
0.0334
0.2777
0.6134
0.9612
0.9552
0.9500
0.9459
0.9444
0.9361
0.2801
0.6010
0.0563
0.0802
0.0763
0.0696
0.0805
0.0834
0.0841
0.0844
0.0834
0.0818
0.0796
0.0770
0.0769
0.0784
0.0949
0.1061
0.1047
0.0867
0.0643
0.0274
0.0087
0.2492
0.6118
0.9647
0.9587
0.9557
0.9563
0.9522
0.9221
0.8998
0.0554
0.0792
0.0758
0.0696
0.0808
0.0839
0.0847
0.0850
0.0843
0.0832
0.0823
0.0816
0.0812
0.0816
0.0835
0.0979
0.1097
0.1066
0.0998
0.0716
0.0448
0.0091
0.2125
0.5964
0.9675
0.9642
0.9674
0.9758
0.9726
0.9905
0.0550
0.0786
0.0754
0.0695
0.0808
0.0839
0.0847
0.0851
0.0845
0.0835
0.0825
0.0818
0.0813
0.0807
0.0813
0.0832
0.0971
0.1112
0.1220
0.1115
0.0874
0.0549
0.0173
0.1519
0.6128
0.9694
0.9718
0.9875
1.0000
1.0000
0.0548
0.0783
0.0752
0.0694
0.0807
0.0838
0.0845
0.0849
0.0843
0.0833
0.0823
0.0814
0.0807
0.0802
0.0799
0.0809
0.0828
0.0914
0.1090
0.1229
0.1219
0.1176
0.0927
0.0525
0.1045
0.5175
0.9675
0.9859
1.0000
1.0000
0.0547
0.0782
0.0751
0.0693
0.0805
0.0836
0.0844
0.0848
0.0842
0.0833
0.0823
0.0814
0.0806
0.0801
0.0799
0.0801
0.0817
0.0849
0.0945
0.1130
0.1433
0.1619
0.1384
0.0884
0.0233
0.1112
0.4871
0.9761
1.0000
1.0000
0.0547
0.0782
0.0751
0.0693
0.0805
0.0836
0.0844
0.0848
0.0842
0.0833
0.0823
0.0814
0.0806
0.0801
0.0799
0.0801
0.0817
0.0849
0.0945
0.1130
0.1433
0.1619
0.1384
0.0884
0.0233
0.1112
0.4871
0.9761
1.0000
1.0000
0.0548
0.0783
0.0752
0.0694
0.0807
0.0838
0.0845
0.0849
0.0843
0.0833
0.0823
0.0814
0.0807
0.0802
0.0799
0.0809
0.0828
0.0914
0.1090
0.1229
0.1219
0.1176
0.0927
0.0525
0.1045
0.5175
0.9675
0.9859
1.0000
1.0000
0.0550
0.0786
0.0754
0.0695
0.0808
0.0839
0.0847
0.0851
0.0845
0.0835
0.0825
0.0818
0.0813
0.0807
0.0813
0.0832
0.0971
0.1112
0.1220
0.1115
0.0874
0.0549
0.0173
0.1519
0.6128
0.9694
0.9718
0.9875
1.0000
1.0000
0.0554
0.0792
0.0758
0.0696
0.0808
0.0839
0.0847
0.0850
0.0843
0.0832
0.0823
0.0816
0.0812
0.0816
0.0835
0.0979
0.1097
0.1066
0.0998
0.0716
0.0448
0.0091
0.2125
0.5964
0.9675
0.9642
0.9674
0.9758
0.9726
0.9905
0.0563
0.0802
0.0763
0.0696
0.0805
0.0834
0.0841
0.0844
0.0834
0.0818
0.0796
0.0770
0.0769
0.0784
0.0949
0.1061
0.1047
0.0867
0.0643
0.0274
0.0087
0.2492
0.6118
0.9647
0.9587
0.9557
0.9563
0.9522
0.9221
0.8998
0.0576
0.0821
0.0772
0.0696
0.0799
0.0823
0.0827
0.0828
0.0815
0.0793
0.0782
0.0753
0.0787
0.0923
0.1047
0.1004
0.0759
0.0406
0.0140
0.0334
0.2777
0.6134
0.9612
0.9552
0.9500
0.9459
0.9444
0.9361
0.2801
0.6010
0.0596
0.0849
0.0786
0.0699
0.0794
0.0812
0.0811
0.0808
0.0787
0.0764
0.0752
0.0841
0.0967
0.1086
0.0950
0.0701
0.0319
0.0098
0.0677
0.3077
0.6192
0.9575
0.9518
0.9464
0.9413
0.9363
0.9332
0.8302
0.0821
0.4673
0.0623
0.0887
0.0805
0.0704
0.0789
0.0798
0.0789
0.0778
0.0763
0.0751
0.0915
0.1008
0.0949
0.0843
0.0511
0.0274
0.0083
0.1031
0.3366
0.6314
0.9537
0.9487
0.9435
0.9385
0.9334
0.9283
0.8747
0.4897
0.0135
0.3054
0.0657
0.0937
0.0829
0.0710
0.0779
0.0767
0.0733
0.0723
0.0719
0.0901
0.1022
0.0972
0.0766
0.0497
0.0147
0.0047
0.1378
0.3646
0.6434
0.9497
0.9457
0.9411
0.9363
0.9317
0.9270
0.8324
0.5036
0.1396
0.0000
0.0865
0.0698
0.0997
0.0855
0.0715
0.0761
0.0745
0.0705
0.0723
0.0910
0.1057
0.1005
0.0698
0.0292
0.0136
0.0000
0.1680
0.3897
0.6554
0.9418
0.9429
0.9389
0.9346
0.9301
0.9259
0.9033
0.5393
0.2273
0.0000
0.0005
0.0000
0.0754
0.1075
0.0894
0.0718
0.0750
0.0723
0.0767
0.0936
0.1088
0.0981
0.0668
0.0295
0.0102
0.0208
0.1941
0.4120
0.6668
0.9368
0.9404
0.9369
0.9331
0.9290
0.9249
0.9209
0.6056
0.2629
0.0000
0.0006
0.0015
0.0015
0.0820
0.1161
0.0941
0.0731
0.0764
0.0911
0.1035
0.1090
0.0951
0.0592
0.0324
0.0103
0.0451
0.2176
0.4310
0.6770
0.9341
0.9382
0.9351
0.9317
0.9281
0.9243
0.9204
0.6555
0.3176
0.0110
0.0001
0.0006
0.0013
0.0007
0.0855
0.1188
0.0991
0.0738
0.0981
0.1121
0.1082
0.0917
0.0517
0.0305
0.0099
0.0673
0.2383
0.4477
0.6863
0.9330
0.9362
0.9335
0.9306
0.9273
0.9238
0.9202
0.6808
0.3678
0.0628
0.0000
0.0001
0.0005
0.0016
0.0012
0.0855
0.1207
0.1037
0.0971
0.1210
0.1123
0.0876
0.0447
0.0286
0.0000
0.0867
0.2560
0.4620
0.6949
0.9333
0.9344
0.9322
0.9296
0.9267
0.9235
0.9202
0.7005
0.3961
0.1094
0.0000
0.0002
0.0002
0.0002
0.0000
0.0000
0.0880
0.1405
0.1267
0.1266
0.1258
0.0809
0.0356
0.0218
0.0000
0.1017
0.2711
0.4743
0.7026
0.9343
0.9328
0.9310
0.9288
0.9262
0.9233
0.9203
0.7176
0.4184
0.1356
0.0000
0.0002
0.0008
0.0010
0.0011
0.0009
0.0006
0.0781
0.1797
0.1441
0.1426
0.1022
0.0297
0.0187
0.0000
0.1118
0.2820
0.4851
0.7100
0.9327
0.9316
0.9300
0.9281
0.9258
0.9233
0.9205
0.7281
0.4362
0.1557
0.0000
0.0001
0.0003
0.0005
0.0007
0.0011
0.0007
0.0003
0.0834
0.1979
0.1108
0.1039
0.0427
0.0126
0.0077
0.1288
0.2881
0.4928
0.7186
0.9315
0.9305
0.9293
0.9276
0.9256
0.9234
0.9208
0.7336
0.4468
0.1705
0.0007
0.0016
0.0007
0.0013
0.0005
0.0007
0.0010
0.0007
0.0004
0.1258
0.1802
0.0713
0.0581
0.0113
0.0000
0.1470
0.3046
0.4965
0.7250
0.9305
0.9297
0.9287
0.9273
0.9256
0.9236
0.9212
0.7354
0.4513
0.1777
0.0000
0.0003
0.0025
0.0008
0.0012
0.0000
0.0000
0.0000
0.0000
0.0000
0.1713
0.1225
0.0082
0.0582
0.0263
0.1256
0.3212
0.5141
0.7286
0.9297
0.9292
0.9284
0.9272
0.9257
0.9239
0.9218
0.7337
0.4507
0.1788
0.0000
0.0007
0.0039
0.0076
0.0074
0.0059
0.0015
0.0005
0.0001
0.0000
0.0000
0.2142
0.0613
0.0000
0.1408
0.1608
0.2982
0.5330
0.7512
0.9291
0.9288
0.9283
0.9273
0.9261
0.9245
0.9226
0.7287
0.4449
0.1740
0.0000
0.0017
0.0042
0.0088
0.0093
0.0090
0.0053
0.0022
0.0011
0.0004
0.0001
0.0000
0.2679
0.0086
0.0793
0.2641
0.3333
0.5100
0.7754
0.9295
0.9289
0.9284
0.9277
0.9266
0.9252
0.9235
0.7196
0.4335
0.1627
0.0000
0.0002
0.0010
0.0023
0.0082
0.0099
0.0119
0.0077
0.0045
0.0027
0.0016
0.0005
0.0002
0.3332
0.1140
0.2137
0.4327
0.5512
0.7575
0.9308
0.9300
0.9290
0.9283
0.9274
0.9262
0.9247
0.7047
0.4152
0.1440
0.0000
0.0003
0.0003
0.0014
0.0026
0.0073
0.0069
0.0082
0.0042
0.0023
0.0011
0.0002
0.0000
0.0000
0.4173
0.2708
0.3977
0.6568
0.8159
0.9330
0.9320
0.9306
0.9294
0.9284
0.9274
0.9261
0.6877
0.3919
0.1189
0.0000
0.0003
0.0010
0.0027
0.0019
0.0014
0.0015
0.0021
0.0043
0.0020
0.0008
0.0000
0.0000
0.0000
0.0000
0.5294
0.4767
0.6446
0.9371
0.9383
0.9354
0.9335
0.9315
0.9301
0.9290
0.9280
0.6706
0.3651
0.0883
0.0000
0.0000
0.0011
0.0012
0.0063
0.0031
0.0048
0.0001
0.0006
0.0022
0.0007
0.0000
0.0000
0.0000
0.0000
0.0000
0.6919
0.7588
0.9473
0.9452
0.9417
0.9378
0.9347
0.9321
0.9306
0.9297
0.6316
0.3186
0.0394
0.0000
0.0000
0.0000
0.0006
0.0011
0.0097
0.0043
0.0083
0.0000
0.0000
0.0008
0.0000
0.0000
0.0000
0.0000
0.0000
0.0000
0.9179
0.9377
0.9532
0.9501
0.9449
0.9395
0.9353
0.9323
0.8936
0.5723
0.2572
0.0000
0.0002
0.0000
0.0000
0.0000
0.0008
0.0005
0.0092
0.0041
0.0085
0.0000
0.0000
0.0000
0.0000
0.0000
0.0000
0.0000
0.0000
0.0000
0.9709
0.9487
0.9595
0.9541
0.9471
0.9410
0.9365
0.9119
0.5442
0.2230
0.0000
0.0000
0.0024
0.0038
0.0049
0.0018
0.0003
0.0004
0.0062
0.0040
0.0058
0.0004
0.0000
0.0000
0.0000
0.0000
0.0000
0.0000
0.0000
0.0000
0.9828
0.9646
0.9644
0.9528
0.9430
0.9358
0.7997
0.4732
0.1479
0.0000
0.0000
0.0000
0.0018
0.0024
0.0027
0.0019
0.0006
0.0011
0.0032
0.0026
0.0025
0.0005
0.0000
0.0000
0.0000
0.0000
0.0000
0.0000
0.0000
0.0000
1.0000
1.0000
0.9563
0.9289
0.7862
0.4220
0.1282
0.0000
0.0000
0.0030
0.0005
0.0022
0.0007
0.0061
0.0046
0.0060
0.0012
0.0019
0.0029
0.0017
0.0008
0.0002
0.0000
0.0000
0.0000
0.0000
0.0000
0.0000
0.0000
0.0000
0.9995
1.0000
0.9761
0.9570
0.7059
0.4782
0.3245
0.1670
0.0164
0.0029
0.0000
0.0023
0.0000
0.0019
0.0000
0.0030
0.0009
0.0007
0.0017
0.0009
0.0002
0.0000
0.0000
0.0000
0.0000
0.0000
0.0000
0.0000
0.0000
0.0000
# OPTIMIZATION PARAMETERS 
# nelx: 30
# nely: 60
# max buckling: 0.0
# penalization: 1.0
# initial densities: [1. 1. 1. ... 0. 0. 0.]
# FEA MODEL DATA 
# material: {'Ex': 1, 'Ey': 1, 'NUxy': 0.3}
# loads: {'Val': 0.005, 'direction': 'x', 'dof': array([1859, 1921, 1983], dtype=int64)}
# bc: Left Clamped
# 
