# it, buckling[l1, l2, l3, l4, l5], volume, compliance
1.0000 -5.8115 -4.5146 -3.6035 -3.1669 -3.1415 0.3000 0.7463
2.0000 -4.5099 -4.0451 -3.9727 -3.3081 -3.2383 0.3000 0.8574
3.0000 -4.2907 -3.8570 -3.7120 -3.2767 -3.1664 0.3000 0.8937
4.0000 -4.1835 -3.7951 -3.7581 -3.3153 -3.1141 0.3000 0.9152
5.0000 -4.0866 -3.7939 -3.7388 -3.1408 -3.0297 0.3000 0.9372
6.0000 -3.9988 -3.7567 -3.6919 -3.1185 -3.0242 0.3000 0.9567
7.0000 -3.9196 -3.6929 -3.6496 -3.1545 -3.0650 0.3000 0.9745
8.0000 -3.8482 -3.6115 -3.5867 -3.1615 -3.0915 0.3000 0.9909
9.0000 -3.7839 -3.5740 -3.4117 -3.2410 -3.1405 0.3000 1.0076
10.0000 -3.7261 -3.5413 -3.4051 -3.3260 -3.2031 0.3000 1.0236
11.0000 -3.6735 -3.5112 -3.4445 -3.3347 -3.2842 0.3000 1.0390
12.0000 -3.5909 -3.4654 -3.4455 -3.3213 -3.2774 0.3000 1.0627
13.0000 -3.5127 -3.4065 -3.3977 -3.3216 -3.3047 0.3000 1.0857
14.0000 -3.4647 -3.3788 -3.3658 -3.3202 -3.3105 0.3000 1.0992
15.0000 -3.4404 -3.3680 -3.3623 -3.3466 -3.3291 0.3000 1.1017
16.0000 -3.4183 -3.3734 -3.3520 -3.3450 -3.2967 0.3000 1.1039
17.0000 -3.3967 -3.3469 -3.3388 -3.2976 -3.2843 0.3000 1.1057
18.0000 -3.3781 -3.3507 -3.3352 -3.3281 -3.2873 0.3000 1.1098
19.0000 -3.3605 -3.3447 -3.3263 -3.3055 -3.2788 0.3000 1.1131
20.0000 -3.3442 -3.3356 -3.3189 -3.3009 -3.2824 0.3000 1.1167
21.0000 -3.3295 -3.3235 -3.3107 -3.2961 -3.2695 0.3000 1.1181
22.0000 -3.3162 -3.3129 -3.3081 -3.2950 -3.2566 0.3000 1.1188
23.0000 -3.3070 -3.2884 -3.2864 -3.2769 -3.2486 0.3000 1.1186
24.0000 -3.2825 -3.2816 -3.2769 -3.2613 -3.2534 0.3000 1.1121
25.0000 -3.2790 -3.2771 -3.2716 -3.2595 -3.2535 0.3000 1.1100
26.0000 -3.2731 -3.2701 -3.2580 -3.2544 -3.2498 0.3000 1.1049
27.0000 -3.2730 -3.2672 -3.2550 -3.2535 -3.2496 0.3000 1.1035
28.0000 -3.2728 -3.2650 -3.2543 -3.2515 -3.2491 0.3000 1.1022
29.0000 -3.2706 -3.2534 -3.2389 -3.1923 -3.1827 0.2997 1.0652
30.0000 -3.2647 -3.2504 -3.2369 -3.1826 -3.1784 0.2998 1.0612
31.0000 -3.2593 -3.2447 -3.2355 -3.1735 -3.1704 0.2998 1.0572
32.0000 -3.2545 -3.2442 -3.2372 -3.1774 -3.1584 0.2998 1.0573
33.0000 -3.2492 -3.2436 -3.2342 -3.1777 -3.1642 0.2998 1.0568
34.0000 -3.2323 -3.2058 -3.1952 -3.1551 -3.1319 0.3000 1.0480
35.0000 -3.2196 -3.2121 -3.2055 -3.0616 -3.0340 0.3000 1.0350
36.0000 -3.2267 -3.2111 -3.1973 -3.0429 -3.0248 0.3000 1.0124
37.0000 -3.2151 -3.2103 -3.2000 -3.0600 -3.0231 0.3000 1.0217
38.0000 -3.2110 -3.2053 -3.2003 -3.0964 -3.0179 0.3000 1.0254
39.0000 -3.2048 -3.2034 -3.1964 -3.1053 -3.0111 0.2999 1.0292
40.0000 -3.2000 -3.1885 -3.1851 -3.0957 -2.9814 0.3000 1.0198
41.0000 -3.1928 -3.1853 -3.1813 -3.1032 -2.9771 0.3000 1.0220
42.0000 -3.1944 -3.1913 -3.1835 -3.0947 -2.9662 0.3000 1.0124
43.0000 -3.1939 -3.1924 -3.1791 -3.0859 -2.9592 0.3000 1.0000
44.0000 -3.1964 -3.1913 -3.1544 -3.0851 -2.9492 0.3000 0.9916
45.0000 -3.1978 -3.1876 -3.1058 -3.0802 -2.9371 0.2999 0.9802
46.0000 -3.1982 -3.1841 -3.0938 -3.0914 -2.9409 0.2999 0.9773
47.0000 -3.1980 -3.1804 -3.1054 -3.0916 -2.9477 0.2999 0.9745
48.0000 -3.1980 -3.1804 -3.1054 -3.0916 -2.9477 0.2999 0.9745
49.0000 -3.1980 -3.1804 -3.1054 -3.0916 -2.9477 0.2999 0.9745
50.0000 -3.1980 -3.1804 -3.1054 -3.0916 -2.9477 0.2999 0.9745
51.0000 -3.1980 -3.1804 -3.1054 -3.0916 -2.9477 0.2999 0.9745
52.0000 -3.1930 -3.1836 -3.0911 -3.0752 -2.9403 0.3000 0.9712
53.0000 -3.1968 -3.1950 -3.0815 -3.0584 -2.9482 0.3000 0.9625
54.0000 -3.1988 -3.1922 -3.0474 -3.0377 -2.9924 0.3000 0.9524
55.0000 -3.1988 -3.1922 -3.0474 -3.0377 -2.9924 0.3000 0.9524
56.0000 -3.1988 -3.1922 -3.0474 -3.0377 -2.9924 0.3000 0.9524
57.0000 -3.1985 -3.1933 -3.0436 -3.0222 -2.9694 0.3000 0.9416
58.0000 -3.1956 -3.1918 -3.0667 -2.9976 -2.9595 0.3000 0.9341
59.0000 -3.1930 -3.1886 -3.0450 -3.0043 -2.9483 0.3000 0.9337
60.0000 -3.1916 -3.1893 -3.0378 -3.0076 -2.9200 0.3000 0.9280
61.0000 -3.1941 -3.1923 -3.0505 -3.0174 -2.9185 0.3000 0.9251
62.0000 -3.1939 -3.1916 -3.0465 -3.0102 -2.9039 0.3000 0.9197
63.0000 -3.1958 -3.1908 -3.0448 -3.0125 -2.8932 0.2999 0.9139
64.0000 -3.1958 -3.1908 -3.0448 -3.0125 -2.8932 0.2999 0.9139
65.0000 -3.1936 -3.1908 -3.0450 -3.0099 -2.8905 0.3000 0.9122
66.0000 -3.1941 -3.1927 -3.0759 -3.0052 -2.9108 0.3000 0.9072
67.0000 -3.1933 -3.1914 -3.0556 -3.0098 -2.8903 0.3000 0.9038
68.0000 -3.1937 -3.1913 -3.0648 -3.0115 -2.8896 0.3000 0.8979
69.0000 -3.1926 -3.1912 -3.0732 -3.0110 -2.8899 0.3000 0.8948
70.0000 -3.1932 -3.1923 -3.0769 -3.0027 -2.8922 0.3000 0.8934
71.0000 -3.1943 -3.1928 -3.0842 -2.9960 -2.8975 0.3000 0.8924
72.0000 -3.1940 -3.1902 -3.1130 -2.9979 -2.9199 0.3000 0.8912
73.0000 -3.1927 -3.1904 -3.1157 -3.0109 -2.9184 0.3000 0.8905
74.0000 -3.1926 -3.1907 -3.1420 -3.0150 -2.9336 0.3000 0.8877
75.0000 -3.1926 -3.1910 -3.1521 -3.0155 -2.9399 0.3000 0.8868
76.0000 -3.1925 -3.1916 -3.1623 -3.0138 -2.9464 0.3000 0.8858
77.0000 -3.1938 -3.1925 -3.1764 -3.0056 -2.9516 0.3000 0.8832
78.0000 -3.1982 -3.1929 -3.1517 -2.9463 -2.8801 0.3000 0.8673
79.0000 -3.1924 -3.1906 -3.1502 -2.9519 -2.8726 0.3000 0.8682
80.0000 -3.1928 -3.1920 -3.1493 -2.9173 -2.8666 0.3000 0.8648
81.0000 -3.1928 -3.1907 -3.1416 -2.8845 -2.8600 0.3000 0.8610
82.0000 -3.1924 -3.1899 -3.1286 -2.8614 -2.8500 0.3000 0.8571
83.0000 -3.1923 -3.1906 -3.1215 -2.8599 -2.8387 0.3000 0.8552
84.0000 -3.1923 -3.1921 -3.1118 -2.8612 -2.8245 0.3000 0.8528
85.0000 -3.1935 -3.1923 -3.1060 -2.8624 -2.8184 0.3000 0.8516
86.0000 -3.1923 -3.1916 -3.0984 -2.8613 -2.8144 0.3000 0.8506
87.0000 -3.1926 -3.1923 -3.0841 -2.8603 -2.7986 0.3000 0.8468
88.0000 -3.1925 -3.1919 -3.0700 -2.8604 -2.7937 0.3000 0.8441
89.0000 -3.1924 -3.1918 -3.0511 -2.8597 -2.7904 0.3000 0.8409
90.0000 -3.1924 -3.1917 -3.0311 -2.8594 -2.7885 0.3000 0.8375
91.0000 -3.1924 -3.1921 -3.0242 -2.8600 -2.7881 0.3000 0.8356
92.0000 -3.1925 -3.1923 -3.0200 -2.8608 -2.7868 0.3000 0.8340
93.0000 -3.1924 -3.1921 -3.0175 -2.8604 -2.7859 0.3000 0.8326
94.0000 -3.1925 -3.1923 -3.0177 -2.8606 -2.7841 0.3000 0.8308
95.0000 -3.1924 -3.1921 -3.0273 -2.8605 -2.7829 0.3000 0.8281
96.0000 -3.1924 -3.1921 -3.0340 -2.8606 -2.7818 0.3000 0.8266
97.0000 -3.1924 -3.1922 -3.0368 -2.8606 -2.7803 0.3000 0.8259
98.0000 -3.1924 -3.1922 -3.0437 -2.8601 -2.7791 0.3000 0.8251
99.0000 -3.1923 -3.1922 -3.0566 -2.8588 -2.7779 0.3000 0.8241
100.0000 -3.1923 -3.1922 -3.0690 -2.8575 -2.7820 0.3000 0.8232
101.0000 -3.1924 -3.1923 -3.0873 -2.8560 -2.7933 0.3000 0.8220
102.0000 -3.1923 -3.1923 -3.0958 -2.8547 -2.7973 0.3000 0.8208
103.0000 -3.1924 -3.1923 -3.0957 -2.8542 -2.7983 0.3000 0.8202
104.0000 -3.1924 -3.1923 -3.1029 -2.8519 -2.8045 0.3000 0.8177
105.0000 -3.1925 -3.1923 -3.1011 -2.8509 -2.8065 0.3000 0.8162
106.0000 -3.1923 -3.1918 -3.0984 -2.8484 -2.8097 0.3000 0.8145
107.0000 -3.1923 -3.1916 -3.0968 -2.8469 -2.8112 0.3000 0.8131
108.0000 -3.1923 -3.1915 -3.0944 -2.8453 -2.8110 0.3000 0.8116
109.0000 -3.1923 -3.1913 -3.0998 -2.8433 -2.8123 0.3000 0.8097
110.0000 -3.1923 -3.1913 -3.0928 -2.8426 -2.8087 0.3000 0.8091
111.0000 -3.1923 -3.1914 -3.0842 -2.8415 -2.8045 0.3000 0.8085
112.0000 -3.1923 -3.1915 -3.0785 -2.8409 -2.8014 0.3000 0.8080
113.0000 -3.1923 -3.1918 -3.0675 -2.8400 -2.7953 0.3000 0.8070
114.0000 -3.1923 -3.1920 -3.0610 -2.8393 -2.7914 0.3000 0.8063
115.0000 -3.1927 -3.1922 -3.0462 -2.8376 -2.7820 0.3000 0.8044
116.0000 -3.1923 -3.1918 -3.0379 -2.8357 -2.7762 0.3000 0.8028
117.0000 -3.1923 -3.1923 -3.0331 -2.8349 -2.7727 0.3000 0.8016
118.0000 -3.1929 -3.1923 -3.0320 -2.8347 -2.7719 0.3000 0.8006
119.0000 -3.1923 -3.1912 -3.0293 -2.8335 -2.7685 0.3000 0.7998
120.0000 -3.1923 -3.1911 -3.0290 -2.8337 -2.7677 0.3000 0.7993
121.0000 -3.1923 -3.1909 -3.0270 -2.8337 -2.7650 0.3000 0.7986
122.0000 -3.1923 -3.1907 -3.0236 -2.8334 -2.7605 0.3000 0.7978
123.0000 -3.1923 -3.1905 -3.0214 -2.8329 -2.7569 0.3000 0.7971
124.0000 -3.1923 -3.1904 -3.0208 -2.8329 -2.7553 0.3000 0.7968
125.0000 -3.1923 -3.1903 -3.0191 -2.8326 -2.7520 0.3000 0.7961
126.0000 -3.1923 -3.1900 -3.0134 -2.8321 -2.7402 0.3000 0.7938
127.0000 -3.1923 -3.1901 -3.0130 -2.8319 -2.7382 0.3000 0.7934
128.0000 -3.1923 -3.1902 -3.0134 -2.8317 -2.7371 0.3000 0.7930
129.0000 -3.1923 -3.1906 -3.0155 -2.8318 -2.7359 0.3000 0.7924
130.0000 -3.1923 -3.1910 -3.0171 -2.8320 -2.7351 0.3000 0.7920
131.0000 -3.1927 -3.1922 -3.0236 -2.8333 -2.7321 0.3000 0.7904
132.0000 -3.1924 -3.1922 -3.0257 -2.8332 -2.7326 0.3000 0.7902
133.0000 -3.1934 -3.1920 -3.0383 -2.8358 -2.7344 0.3000 0.7886
134.0000 -3.1924 -3.1898 -3.0574 -2.8366 -2.7384 0.3000 0.7874
135.0000 -3.1923 -3.1896 -3.0619 -2.8356 -2.7397 0.3000 0.7869
136.0000 -3.1923 -3.1894 -3.0670 -2.8341 -2.7406 0.3000 0.7863
137.0000 -3.1923 -3.1894 -3.0711 -2.8327 -2.7413 0.3000 0.7859
138.0000 -3.1924 -3.1896 -3.0754 -2.8313 -2.7421 0.3000 0.7854
139.0000 -3.1924 -3.1899 -3.0865 -2.8283 -2.7451 0.3000 0.7844
140.0000 -3.1924 -3.1899 -3.0978 -2.8255 -2.7493 0.3000 0.7838
141.0000 -3.1923 -3.1899 -3.1039 -2.8242 -2.7513 0.3000 0.7833
142.0000 -3.1923 -3.1900 -3.1160 -2.8223 -2.7574 0.3000 0.7826
143.0000 -3.1923 -3.1901 -3.1227 -2.8216 -2.7618 0.3000 0.7822
144.0000 -3.1923 -3.1902 -3.1282 -2.8209 -2.7655 0.3000 0.7819
145.0000 -3.1923 -3.1904 -3.1378 -2.8197 -2.7724 0.3000 0.7815
146.0000 -3.1924 -3.1906 -3.1489 -2.8183 -2.7810 0.3000 0.7810
147.0000 -3.1924 -3.1910 -3.1673 -2.8163 -2.7959 0.3000 0.7802
148.0000 -3.1923 -3.1911 -3.1706 -2.8161 -2.7986 0.3000 0.7800
149.0000 -3.1924 -3.1915 -3.1782 -2.8164 -2.8042 0.3000 0.7794
# OPTIMIZATION PARAMETERS 
# nelx: 30
# nely: 60
# max buckling: 0.31325
# penalization: 3.0
# initial densities: [0.3467 0.298  0.238  ... 0.     0.     0.    ]
# FEA MODEL DATA 
# material: {'Ex': 1, 'Ey': 0.2, 'NUxy': 0.3}
# loads: {'Val': 0.005, 'direction': 'x', 'dof': array([1859, 1921, 1983], dtype=int64)}
# bc: Left Clamped
# 
