# densities
1.0000
1.0000
1.0000
1.0000
1.0000
0.9961
0.4909
0.0047
0.0000
0.0000
0.0000
0.0000
0.0000
0.0000
0.0000
0.0000
0.0000
0.0000
0.0000
0.0000
0.0000
0.0000
0.0000
0.0000
0.0000
0.0000
0.0000
0.0000
0.0000
0.0000
1.0000
1.0000
1.0000
1.0000
1.0000
1.0000
0.8968
0.0088
0.0000
0.0000
0.0000
0.0000
0.0000
0.0000
0.0000
0.0000
0.0000
0.0000
0.0000
0.0000
0.0000
0.0000
0.0000
0.0000
0.0000
0.0000
0.0000
0.0000
0.0000
0.0000
0.9860
0.9861
0.9860
0.9935
0.9892
0.9922
0.9937
0.9939
0.0719
0.0000
0.0000
0.0000
0.0000
0.0000
0.0000
0.0000
0.0000
0.0000
0.0000
0.0000
0.0000
0.0000
0.0000
0.0000
0.0000
0.0000
0.0000
0.0000
0.0000
0.0000
0.9902
0.9918
0.9868
0.9264
0.8317
0.9149
0.9931
0.9931
0.9925
0.0367
0.0000
0.0000
0.0000
0.0000
0.0000
0.0000
0.0000
0.0000
0.0000
0.0000
0.0000
0.0000
0.0000
0.0000
0.0000
0.0000
0.0000
0.0000
0.0000
0.0000
0.9992
0.9991
0.9959
0.8645
0.0288
0.1061
0.5507
0.9720
0.9929
0.9913
0.0117
0.0000
0.0000
0.0000
0.0000
0.0000
0.0000
0.0000
0.0000
0.0000
0.0000
0.0000
0.0000
0.0000
0.0000
0.0000
0.0000
0.0000
0.0000
0.0000
0.9985
1.0000
0.8685
0.1553
0.0111
0.0166
0.0094
0.5969
0.9853
0.9955
0.5612
0.0072
0.0000
0.0000
0.0000
0.0000
0.0000
0.0000
0.0000
0.0000
0.0000
0.0000
0.0000
0.0000
0.0000
0.0000
0.0000
0.0000
0.0000
0.0000
0.6003
0.6756
0.0179
0.0030
0.0038
0.0196
0.0034
0.0078
0.7795
0.9877
0.9964
0.5594
0.0055
0.0000
0.0000
0.0000
0.0000
0.0000
0.0000
0.0000
0.0000
0.0000
0.0000
0.0000
0.0000
0.0000
0.0000
0.0000
0.0000
0.0000
0.0150
0.0074
0.0057
0.0008
0.0012
0.0012
0.0012
0.0024
0.0069
0.9506
0.9867
0.9968
0.1533
0.0036
0.0000
0.0000
0.0000
0.0000
0.0000
0.0000
0.0000
0.0000
0.0000
0.0000
0.0000
0.0000
0.0000
0.0000
0.0000
0.0000
0.0000
0.0000
0.0000
0.0000
0.0006
0.0012
0.0012
0.0012
0.0019
0.0075
0.9838
0.9894
0.9963
0.1148
0.0036
0.0000
0.0000
0.0000
0.0000
0.0000
0.0000
0.0000
0.0000
0.0000
0.0000
0.0000
0.0000
0.0000
0.0000
0.0000
0.0000
0.0000
0.0000
0.0000
0.0000
0.0005
0.0012
0.0012
0.0012
0.0017
0.0969
0.9863
0.9944
0.9921
0.0446
0.0017
0.0000
0.0000
0.0000
0.0000
0.0000
0.0000
0.0000
0.0000
0.0000
0.0000
0.0000
0.0000
0.0000
0.0000
0.0000
0.0000
0.0000
0.0000
0.0000
0.0000
0.0005
0.0012
0.0012
0.0012
0.0016
0.4679
0.9864
0.9948
0.9861
0.0170
0.0016
0.0000
0.0000
0.0000
0.0000
0.0000
0.0000
0.0000
0.0000
0.0000
0.0000
0.0000
0.0000
0.0000
0.0000
0.0000
0.0000
0.0000
0.0000
0.0000
0.0000
0.0004
0.0012
0.0012
0.0012
0.0016
0.6806
0.9926
0.9945
0.8766
0.0122
0.0014
0.0000
0.0000
0.0000
0.0000
0.0000
0.0000
0.0000
0.0000
0.0000
0.0000
0.0000
0.0000
0.0000
0.0000
0.0000
0.0000
0.0000
0.0000
0.0000
0.0000
0.0004
0.0012
0.0012
0.0012
0.0016
0.7230
0.9924
0.9942
0.6351
0.0101
0.0011
0.0000
0.0000
0.0000
0.0000
0.0000
0.0000
0.0000
0.0000
0.0000
0.0000
0.0000
0.0000
0.0000
0.0000
0.0000
0.0000
0.0000
0.0000
0.0000
0.0000
0.0004
0.0012
0.0012
0.0012
0.0017
0.8753
0.9922
0.9938
0.1789
0.0102
0.0009
0.0000
0.0000
0.0000
0.0000
0.0000
0.0000
0.0000
0.0000
0.0000
0.0000
0.0000
0.0000
0.0000
0.0000
0.0000
0.0000
0.0000
0.0000
0.0000
0.0000
0.0004
0.0011
0.0012
0.0012
0.0099
0.8996
0.9922
0.9895
0.0486
0.0105
0.0008
0.0000
0.0000
0.0000
0.0000
0.0000
0.0000
0.0000
0.0000
0.0000
0.0000
0.0000
0.0000
0.0000
0.0000
0.0000
0.0000
0.0000
0.0000
0.0000
0.0000
0.0004
0.0011
0.0012
0.0012
0.0187
0.9895
0.9923
0.9846
0.0504
0.0113
0.0009
0.0000
0.0000
0.0000
0.0000
0.0000
0.0000
0.0000
0.0000
0.0000
0.0000
0.0000
0.0000
0.0000
0.0000
0.0000
0.0000
0.0000
0.0000
0.0000
0.0000
0.0003
0.0011
0.0012
0.0012
0.3377
0.9898
0.9891
0.9834
0.0410
0.0127
0.0016
0.0000
0.0000
0.0000
0.0000
0.0000
0.0000
0.0000
0.0000
0.0000
0.0000
0.0000
0.0000
0.0000
0.0000
0.0000
0.0000
0.0000
0.0000
0.0000
0.0000
0.0003
0.0011
0.0012
0.0043
0.6304
0.9903
0.9896
0.6069
0.0371
0.0164
0.0040
0.0000
0.0000
0.0000
0.0000
0.0000
0.0000
0.0000
0.0000
0.0000
0.0000
0.0000
0.0000
0.0000
0.0000
0.0000
0.0000
0.0000
0.0000
0.0000
0.0000
0.0003
0.0011
0.0005
0.0070
0.7040
0.9911
0.9936
0.8465
0.0256
0.0191
0.0070
0.0000
0.0000
0.0000
0.0000
0.0000
0.0000
0.0000
0.0000
0.0000
0.0000
0.0000
0.0000
0.0000
0.0000
0.0000
0.0000
0.0000
0.0000
0.0000
0.0000
0.0003
0.0006
0.0019
0.0114
0.9636
0.9893
0.9958
0.9894
0.7013
0.1615
0.0106
0.0000
0.0000
0.0000
0.0000
0.0000
0.0000
0.0000
0.0000
0.0000
0.0000
0.0000
0.0000
0.0000
0.0000
0.0000
0.0000
0.0000
0.0000
0.0000
0.0000
0.0003
0.0026
0.0050
0.1082
0.9883
0.9912
0.9943
0.9946
0.9934
0.9765
0.8842
0.0065
0.0000
0.0000
0.0000
0.0000
0.0000
0.0000
0.0000
0.0000
0.0000
0.0000
0.0000
0.0000
0.0000
0.0000
0.0000
0.0000
0.0000
0.0000
0.0000
0.0003
0.0053
0.0340
0.9891
0.9906
0.8828
0.3387
0.9944
0.9935
0.9934
0.9737
0.0035
0.0000
0.0000
0.0000
0.0000
0.0000
0.0000
0.0000
0.0000
0.0000
0.0000
0.0000
0.0000
0.0000
0.0000
0.0000
0.0000
0.0000
0.0000
0.0000
0.0004
0.0320
0.9912
0.9177
0.6746
0.0776
0.3201
0.9827
0.9980
0.9933
0.9631
0.9121
0.0000
0.0000
0.0000
0.0000
0.0000
0.0000
0.0000
0.0000
0.0000
0.0000
0.0000
0.0000
0.0000
0.0000
0.0000
0.0000
0.0000
0.0000
0.0000
0.0216
0.9936
0.3523
0.2243
0.0217
0.0273
0.1454
1.0000
1.0000
0.9737
0.9737
0.0000
0.0000
0.0000
0.0000
0.0000
0.0000
0.0000
0.0000
0.0000
0.0000
0.0000
0.0000
0.0000
0.0000
0.0000
0.0000
0.0000
0.0000
0.0000
0.0385
0.9775
0.7533
0.5230
0.0221
0.0128
0.0323
0.9710
1.0000
0.9955
0.9957
0.0000
0.0000
0.0000
0.0000
0.0000
0.0000
0.0000
0.0000
0.0000
0.0000
0.0000
0.0000
0.0000
0.0000
0.0000
0.0000
0.0000
0.0000
0.0000
0.0137
0.9550
0.2537
0.7728
0.0507
0.1293
0.6544
0.9980
1.0000
1.0000
1.0000
0.0000
0.0000
0.0000
0.0000
0.0000
0.0000
0.0000
0.0000
0.0000
0.0000
0.0000
0.0000
0.0000
0.0000
0.0000
0.0000
0.0000
0.0000
0.0000
0.0019
0.9552
0.7802
0.9798
0.0635
0.8807
0.9703
0.9819
1.0000
1.0000
1.0000
0.0000
0.0000
0.0000
0.0000
0.0000
0.0000
0.0000
0.0000
0.0000
0.0000
0.0000
0.0000
0.0000
0.0000
0.0000
0.0000
0.0000
0.0000
0.0011
0.0001
0.9634
0.9866
0.9990
0.9995
1.0000
0.9817
0.9819
1.0000
1.0000
1.0000
0.0000
0.0000
0.0000
0.0000
0.0000
0.0000
0.0000
0.0000
0.0000
0.0000
0.0000
0.0000
0.0000
0.0000
0.0000
0.0000
0.0000
0.0000
0.0000
0.0005
0.0256
0.9874
0.9988
0.9992
0.9998
0.9885
0.9819
1.0000
1.0000
1.0000
0.0000
0.0000
0.0000
0.0000
0.0000
0.0000
0.0000
0.0000
0.0000
0.0000
0.0000
0.0000
0.0000
0.0000
0.0000
0.0000
0.0000
0.0000
0.0000
0.0023
0.0005
0.9980
0.9966
0.9990
0.9995
1.0000
0.9838
1.0000
1.0000
1.0000
0.0000
0.0000
0.0000
0.0000
0.0000
0.0000
0.0000
0.0000
0.0000
0.0000
0.0000
0.0000
0.0000
0.0000
0.0000
0.0000
0.0000
0.0002
0.0000
0.0191
0.3194
0.9986
0.9988
0.9990
0.9996
1.0000
1.0000
1.0000
1.0000
1.0000
0.0000
0.0000
0.0000
0.0000
0.0000
0.0000
0.0000
0.0000
0.0000
0.0000
0.0000
0.0000
0.0000
0.0000
0.0000
0.0000
0.0000
0.0001
0.0000
0.0376
0.9106
0.9939
0.9988
0.9992
0.9998
1.0000
1.0000
1.0000
1.0000
1.0000
0.0000
0.0000
0.0000
0.0000
0.0000
0.0000
0.0000
0.0000
0.0000
0.0000
0.0000
0.0000
0.0000
0.0000
0.0000
0.0000
0.0000
0.0000
0.8999
0.9726
0.9819
0.9964
0.9990
0.9995
1.0000
1.0000
1.0000
1.0000
1.0000
1.0000
0.0000
0.0000
0.0000
0.0000
0.0000
0.0000
0.0000
0.0000
0.0000
0.0000
0.0000
0.0000
0.0000
0.0000
0.0000
0.0000
0.0000
0.8580
0.9807
0.9806
0.9869
0.9973
0.9994
1.0000
1.0000
1.0000
1.0000
0.9820
0.1762
0.0236
0.0000
0.0000
0.0000
0.0000
0.0000
0.0000
0.0000
0.0000
0.0000
0.0000
0.0000
0.0000
0.0000
0.0000
0.0000
0.0000
0.5113
0.9752
0.9838
0.9898
0.9988
0.9993
1.0000
1.0000
1.0000
1.0000
1.0000
0.9962
0.0242
0.0121
0.0000
0.0000
0.0000
0.0000
0.0000
0.0000
0.0000
0.0000
0.0000
0.0000
0.0000
0.0000
0.0000
0.0000
0.0000
0.0332
0.9752
0.9837
0.9906
0.9988
0.9993
1.0000
1.0000
1.0000
1.0000
1.0000
0.9809
0.9369
0.0627
0.0207
0.0000
0.0000
0.0000
0.0000
0.0000
0.0000
0.0000
0.0000
0.0000
0.0000
0.0000
0.0000
0.0000
0.0000
0.0000
0.9532
0.9837
0.9924
0.9988
0.9992
1.0000
1.0000
1.0000
1.0000
1.0000
1.0000
0.8612
0.1764
0.0080
0.0036
0.0000
0.0000
0.0000
0.0000
0.0000
0.0000
0.0000
0.0000
0.0000
0.0000
0.0000
0.0000
0.0000
0.0000
0.7566
0.9837
0.9947
0.9988
0.9992
0.9115
0.8578
0.9510
1.0000
1.0000
1.0000
1.0000
0.2632
0.0242
0.0000
0.0000
0.0000
0.0000
0.0000
0.0000
0.0000
0.0000
0.0000
0.0000
0.0000
0.0000
0.0000
0.0000
0.0000
0.5933
0.9837
0.9966
0.9988
0.9992
0.8758
0.7784
0.7770
0.9991
1.0000
1.0000
1.0000
0.9146
0.1553
0.0084
0.0000
0.0000
0.0000
0.0000
0.0000
0.0000
0.0000
0.0000
0.0000
0.0000
0.0000
0.0000
0.0000
0.0000
0.4131
0.9838
0.9975
0.9988
0.9992
0.8677
0.6592
0.6310
0.9608
1.0000
1.0000
1.0000
0.9809
0.8217
0.0890
0.0028
0.0000
0.0000
0.0000
0.0000
0.0000
0.0000
0.0000
0.0000
0.0000
0.0000
0.0000
0.0000
0.0000
0.0722
0.9648
0.9970
0.9988
0.9992
0.8922
0.6592
0.6529
0.8945
0.9740
1.0000
1.0000
1.0000
0.9998
0.1969
0.0114
0.0000
0.0000
0.0000
0.0000
0.0000
0.0000
0.0000
0.0000
0.0000
0.0000
0.0000
0.0000
0.0000
0.0789
0.9534
0.9956
0.9988
0.9992
0.9909
0.3776
0.3945
0.8248
0.9327
0.9987
1.0000
1.0000
0.9999
0.9682
0.0702
0.0000
0.0000
0.0000
0.0000
0.0000
0.0000
0.0000
0.0000
0.0000
0.0000
0.0000
0.0000
0.0000
0.4614
0.8879
0.9905
0.9988
0.9992
0.9668
0.3972
0.3926
0.9024
0.8482
0.9406
1.0000
1.0000
1.0000
0.9992
0.8931
0.0221
0.0000
0.0000
0.0000
0.0000
0.0000
0.0000
0.0000
0.0000
0.0000
0.0000
0.0000
0.0000
0.4283
0.8725
0.9895
0.9988
0.9992
0.9668
0.3683
0.3941
0.5350
0.5966
0.8486
0.9622
1.0000
1.0000
0.9993
0.9988
0.2575
0.0065
0.0000
0.0000
0.0000
0.0000
0.0000
0.0000
0.0000
0.0000
0.0000
0.0000
0.0000
0.6494
0.8725
0.9856
0.9962
0.9992
0.9999
0.6532
0.7018
0.9025
0.9296
0.6008
0.8377
1.0000
1.0000
0.9993
0.9988
0.9937
0.1104
0.0000
0.0000
0.0000
0.0000
0.0000
0.1281
0.0116
0.0000
0.0722
0.0722
0.5003
0.6737
0.8734
0.9793
0.9988
0.9992
1.0000
0.5919
0.3217
0.7339
0.8820
0.8009
0.8698
0.9492
1.0000
0.9994
0.9988
0.9988
0.3268
0.0076
0.0000
0.0000
0.0000
0.0000
0.0000
0.6817
0.6875
0.8010
0.8027
0.8531
0.8703
0.9525
0.9806
0.9975
0.9992
1.0000
1.0000
0.7891
0.9554
0.9588
0.8979
0.9798
0.9815
1.0000
0.9994
0.9988
0.9988
0.8776
0.0562
0.0000
0.0000
0.0000
0.0000
0.0000
0.0000
0.9629
0.9593
0.9532
0.9554
0.9632
0.9702
0.9841
0.9986
0.9992
1.0000
1.0000
0.7418
0.6470
0.6359
0.5870
0.9798
0.9798
1.0000
0.9994
0.9988
0.9988
0.9838
0.1350
0.0000
0.0000
0.0000
0.0000
0.0000
0.0000
0.0000
0.9701
0.9710
0.9766
0.9818
0.9837
0.9859
0.9988
0.9993
1.0000
1.0000
0.9809
0.9230
0.9934
0.9997
0.9963
1.0000
1.0000
0.9995
0.9988
0.9988
0.9838
0.1384
0.0038
0.0000
0.0000
0.0000
0.0000
0.0000
0.0000
0.0000
0.9812
0.9821
0.9838
0.9838
0.9848
0.9988
0.9993
1.0000
1.0000
1.0000
0.8960
0.7686
0.9687
0.9809
1.0000
1.0000
0.9995
0.9988
0.9988
0.9838
0.1531
0.0038
0.0000
0.0000
0.0000
0.0000
0.0000
0.0000
0.0000
0.0000
0.6558
0.8882
0.9838
0.9901
0.9988
0.9994
1.0000
1.0000
1.0000
1.0000
0.8960
0.9992
0.9990
1.0000
1.0000
0.9995
0.9988
0.9804
0.8972
0.1531
0.0241
0.0000
0.0000
0.0000
0.0000
0.0000
0.0000
0.0000
0.0000
0.0000
0.7727
0.7742
0.9988
0.9988
0.9995
1.0000
1.0000
1.0000
1.0000
1.0000
0.8935
0.9962
0.9962
0.9962
0.9987
0.9804
0.9804
0.4175
0.0581
0.0000
0.0000
0.0000
0.0000
0.0000
0.0000
0.0000
0.0000
0.0000
0.0000
0.0000
0.8156
0.8800
0.9989
0.9996
1.0000
1.0000
1.0000
1.0000
0.9974
0.7763
0.9635
0.9816
0.9816
0.9950
0.6594
0.4228
0.0745
0.0248
0.0000
0.0000
0.0000
0.0000
0.0000
0.0000
0.0000
0.0000
0.0000
0.0000
0.0000
0.0000
0.9786
0.9716
0.9999
1.0000
0.9668
0.9900
1.0000
0.9962
0.8275
0.8925
0.6461
0.7649
0.3569
0.3496
0.0884
0.0268
0.0000
0.0000
0.0000
0.0000
0.0000
0.0000
0.0000
0.0000
0.0000
0.0000
0.0000
0.0000
0.0000
0.0000
0.9819
0.9864
0.9850
0.9079
0.9621
0.9698
0.7305
0.7942
0.4413
0.3645
0.3827
0.1268
0.0608
0.0299
0.0030
0.0000
0.0000
0.0000
0.0000
0.0000
0.0000
0.0000
0.0000
0.0000
0.0000
0.0000
0.0000
0.0000
0.0000
0.0000
0.9991
0.9863
0.9874
0.9188
0.7664
0.9698
0.5344
0.6141
0.1873
0.2274
0.1406
0.0481
0.0093
0.0000
0.0000
0.0000
0.0000
0.0000
0.0000
0.0000
0.0000
0.0000
0.0000
0.0000
0.0000
0.0000
0.0000
0.0000
0.0000
0.0000
0.9976
0.9982
0.9726
0.8819
0.4526
0.5657
0.3358
0.1187
0.1319
0.0353
0.0173
0.0042
0.0000
0.0000
0.0000
0.0000
0.0000
0.0000
0.0000
0.0000
0.0000
0.0000
0.0000
0.0000
0.0000
0.0000
0.0000
0.0000
0.0000
0.0000
0.9923
0.9936
0.9500
0.3043
0.2756
0.2205
0.0789
0.0395
0.0717
0.0134
0.0030
0.0000
0.0000
0.0000
0.0000
0.0000
0.0000
0.0000
0.0000
0.0000
0.0000
0.0000
0.0000
0.0000
0.0000
0.0000
0.0000
0.0000
0.0000
0.0000
0.2767
0.3443
0.1851
0.1810
0.1160
0.0738
0.0451
0.0214
0.0264
0.0000
0.0000
0.0000
0.0000
0.0000
0.0000
0.0000
0.0000
0.0000
0.0000
0.0000
0.0000
0.0000
0.0000
0.0000
0.0000
0.0000
0.0000
0.0000
0.0000
0.0000
0.4286
0.2129
0.1459
0.2195
0.0424
0.0304
0.0248
0.0126
0.0031
0.0000
0.0000
0.0000
0.0000
0.0000
0.0000
0.0000
0.0000
0.0000
0.0000
0.0000
0.0000
0.0000
0.0000
0.0000
0.0000
0.0000
0.0000
0.0000
0.0000
0.0000
# OPTIMIZATION PARAMETERS 
# nelx: 30
# nely: 60
# max buckling: 0.18795
# penalization: 3.0
# initial densities: [1. 1. 1. ... 0. 0. 0.]
# FEA MODEL DATA 
# material: {'Ex': 0.2, 'Ey': 1, 'NUxy': 0.3}
# loads: {'Val': 0.005, 'direction': 'x', 'dof': array([1859, 1921, 1983], dtype=int64)}
# bc: Left Clamped
# 
