# densities
0.2787
0.1651
0.1353
0.0508
0.0000
0.0000
0.0000
0.0000
0.0000
0.0000
0.0000
0.0000
0.0000
0.0000
0.0000
0.0000
0.0000
0.0000
0.0000
0.0000
0.0000
0.0000
0.0000
0.0000
0.0000
0.0000
0.0000
0.0000
0.0000
0.0000
0.0000
0.0000
0.0000
0.0000
0.0000
0.0000
0.0000
0.0000
0.0000
0.0000
0.0000
0.0000
0.0000
0.0000
0.0000
0.0000
0.0000
0.0000
0.0000
0.0000
0.0000
0.0000
0.0000
0.0000
0.0000
0.0000
0.0000
0.0000
0.0000
0.0000
0.0000
0.0000
0.0000
0.0000
0.0000
0.0000
0.0000
0.0000
0.0000
0.0000
0.0000
0.0000
0.0000
0.0000
0.0000
0.0000
0.0000
0.0000
0.0000
0.0000
0.0000
0.0000
0.0000
0.0000
0.0000
0.0000
0.0000
0.0000
0.0000
0.0000
0.0000
0.0000
0.0000
0.0000
0.0000
0.0000
0.0000
0.0000
0.0000
0.0000
0.0000
0.0000
0.0000
0.0000
0.0000
0.0000
0.0000
0.0000
0.0000
0.0000
0.0000
0.0000
0.0000
0.0000
0.0000
0.0000
0.0000
0.0000
0.0000
0.0000
0.0000
0.0000
0.0000
0.0000
0.0000
0.0000
0.0000
0.0000
0.0000
0.0000
0.0000
0.0000
0.0000
0.0000
0.0000
0.0000
0.0000
0.0000
0.0000
0.0000
0.0000
0.0000
0.0000
0.0000
0.0000
0.0000
0.0000
0.0000
0.0000
0.0000
0.0000
0.0000
0.0000
0.0000
0.0000
0.0000
0.0000
0.0000
0.0000
0.0000
0.0000
0.0000
0.0000
0.0000
0.0000
0.0000
0.0000
0.0000
0.0000
0.0000
0.0000
0.0000
0.0000
0.0000
0.0000
0.0000
0.0000
0.0000
0.0000
0.0000
0.0000
0.0000
0.0000
0.0000
0.0000
0.0000
0.0000
0.0000
0.0000
0.0000
0.0000
0.0000
0.0000
0.0000
0.0000
0.0000
0.0000
0.0000
0.0000
0.0000
0.0000
0.0000
0.0000
0.0000
0.0000
0.0000
0.0000
0.0000
0.0000
0.0000
0.9495
0.9123
0.5413
0.1451
0.0000
0.0000
0.0000
0.0000
0.0000
0.0000
0.0000
0.0000
0.0000
0.0000
0.0000
0.0000
0.0000
0.0000
0.0000
0.0000
0.0000
0.0000
0.0000
0.0000
0.0000
0.0000
0.0000
0.0000
0.0000
0.0000
0.9496
0.9152
0.9293
0.9281
0.9244
0.4891
0.1127
0.0000
0.0000
0.0000
0.0000
0.0000
0.0000
0.0000
0.0000
0.0000
0.0000
0.0000
0.0000
0.0000
0.0000
0.0000
0.0000
0.0000
0.0000
0.0000
0.0000
0.0000
0.0000
0.0000
0.9444
0.9053
0.9248
0.9270
0.9276
0.9296
0.9279
0.6537
0.2264
0.0000
0.0000
0.0000
0.0000
0.0000
0.0000
0.0000
0.0000
0.0000
0.0000
0.0000
0.0000
0.0000
0.0000
0.0000
0.0000
0.0000
0.0000
0.0000
0.0000
0.0000
0.9324
0.8860
0.9133
0.9166
0.9189
0.9228
0.9258
0.9296
0.9298
0.6507
0.2254
0.0000
0.0000
0.0000
0.0000
0.0000
0.0000
0.0000
0.0000
0.0000
0.0000
0.0000
0.0000
0.0000
0.0000
0.0000
0.0000
0.0000
0.0000
0.0000
0.9198
0.8646
0.8967
0.9007
0.9049
0.9098
0.9145
0.9201
0.9244
0.9296
0.9297
0.5300
0.1504
0.0000
0.0000
0.0000
0.0000
0.0000
0.0000
0.0000
0.0000
0.0000
0.0000
0.0000
0.0000
0.0000
0.0000
0.0000
0.0000
0.0000
0.9086
0.8452
0.8810
0.8848
0.8888
0.8936
0.8991
0.9054
0.9118
0.9189
0.9239
0.9290
0.8413
0.3626
0.0425
0.0000
0.0000
0.0000
0.0000
0.0000
0.0000
0.0000
0.0000
0.0000
0.0000
0.0000
0.0000
0.0000
0.0000
0.0000
0.9013
0.8319
0.8689
0.8714
0.8745
0.8786
0.8835
0.8895
0.8963
0.9041
0.9114
0.9188
0.9238
0.9263
0.5886
0.1954
0.0000
0.0000
0.0000
0.0000
0.0000
0.0000
0.0000
0.0000
0.0000
0.0000
0.0000
0.0000
0.0000
0.0000
0.9010
0.8303
0.8646
0.8641
0.8644
0.8662
0.8697
0.8748
0.8811
0.8885
0.8966
0.9049
0.9125
0.9183
0.9216
0.8280
0.3488
0.0391
0.0000
0.0000
0.0000
0.0000
0.0000
0.0000
0.0000
0.0000
0.0000
0.0000
0.0000
0.0000
0.8174
0.7529
0.8354
0.8676
0.8620
0.8585
0.8585
0.8616
0.8670
0.8738
0.8816
0.8900
0.8986
0.9064
0.9128
0.9163
0.9166
0.5114
0.1432
0.0000
0.0000
0.0000
0.0000
0.0000
0.0000
0.0000
0.0000
0.0000
0.0000
0.0000
0.8132
0.7022
0.6386
0.6040
0.7578
0.8575
0.8504
0.8499
0.8535
0.8595
0.8670
0.8754
0.8841
0.8927
0.9006
0.9071
0.9112
0.9122
0.6997
0.2456
0.0000
0.0000
0.0000
0.0000
0.0000
0.0000
0.0000
0.0000
0.0000
0.0000
0.7658
0.6046
0.4758
0.3667
0.3642
0.5233
0.8461
0.8400
0.8410
0.8454
0.8523
0.8606
0.8694
0.8785
0.8873
0.8954
0.9020
0.9063
0.9076
0.8976
0.3477
0.0172
0.0000
0.0000
0.0000
0.0000
0.0000
0.0000
0.0000
0.0000
0.4286
0.2866
0.2267
0.1796
0.1524
0.1756
0.2979
0.5866
0.8303
0.8328
0.8379
0.8457
0.8543
0.8638
0.8733
0.8825
0.8907
0.8974
0.9022
0.9041
0.9031
0.4595
0.0690
0.0000
0.0000
0.0000
0.0000
0.0000
0.0000
0.0000
0.0000
0.0000
0.0000
0.0000
0.0000
0.0000
0.0194
0.1143
0.3169
0.7161
0.8260
0.8321
0.8392
0.8486
0.8584
0.8685
0.8780
0.8864
0.8934
0.8985
0.9011
0.9006
0.5951
0.1219
0.0000
0.0000
0.0000
0.0000
0.0000
0.0000
0.0000
0.0000
0.0000
0.0000
0.0000
0.0000
0.0000
0.0000
0.0000
0.1143
0.3864
0.8226
0.8267
0.8343
0.8435
0.8537
0.8642
0.8741
0.8830
0.8903
0.8957
0.8983
0.8976
0.7464
0.1799
0.0000
0.0000
0.0000
0.0000
0.0000
0.0000
0.0000
0.0000
0.0000
0.0000
0.0000
0.0000
0.0000
0.0000
0.0000
0.0000
0.1360
0.5152
0.8234
0.8306
0.8392
0.8500
0.8605
0.8709
0.8800
0.8875
0.8928
0.8952
0.8946
0.8910
0.2372
0.0011
0.0001
0.0000
0.0000
0.0000
0.0000
0.0000
0.0000
0.0000
0.0000
0.0000
0.0000
0.0000
0.0000
0.0000
0.0000
0.0000
0.1807
0.7099
0.8279
0.8375
0.8470
0.8582
0.8686
0.8779
0.8854
0.8904
0.8929
0.8924
0.8895
0.2806
0.0262
0.0000
0.0000
0.0000
0.0000
0.0000
0.0000
0.0000
0.0000
0.0000
0.0000
0.0000
0.0000
0.0000
0.0000
0.0000
0.0000
0.0000
0.2634
0.8301
0.8370
0.8473
0.8579
0.8679
0.8770
0.8842
0.8892
0.8915
0.8910
0.8881
0.3049
0.1079
0.0005
0.0000
0.0000
0.0000
0.0000
0.0000
0.0000
0.0000
0.0000
0.0000
0.0000
0.0000
0.0000
0.0000
0.0000
0.0000
0.0000
0.0000
0.4495
0.8413
0.8517
0.8611
0.8709
0.8786
0.8852
0.8895
0.8914
0.8906
0.8868
0.2370
0.2554
0.0000
0.0000
0.0000
0.0000
0.0000
0.0000
0.0000
0.0000
0.0000
0.0000
0.0000
0.0000
0.0000
0.0000
0.0000
0.0000
0.0000
0.0000
0.0397
0.7699
0.8632
0.8755
0.8829
0.8881
0.8905
0.8927
0.8935
0.8916
0.8567
0.5851
0.0000
0.0000
0.0000
0.0000
0.0000
0.0000
0.0000
0.0000
0.0000
0.0000
0.0000
0.0000
0.0000
0.0000
0.0000
0.0000
0.0010
0.0017
0.0031
0.0009
0.0818
0.9003
0.9172
0.9207
0.9156
0.9091
0.9050
0.9052
0.8822
0.9320
0.0000
0.0000
0.0000
0.0000
0.0000
0.0000
0.0000
0.0000
0.0000
0.0000
0.0000
0.0000
0.0000
0.0000
0.0000
0.0000
0.0002
0.0000
0.0014
0.0023
0.0051
0.0296
0.0298
0.9904
0.9979
0.9885
0.9649
0.9514
0.9795
0.9954
0.0000
0.0000
0.0000
0.0000
0.0000
0.0000
0.0000
0.0000
0.0000
0.0000
0.0000
0.0000
0.0000
0.0000
0.0000
0.0000
0.0000
0.0000
0.0022
0.0060
0.0375
0.1301
0.1492
0.6077
0.5952
0.9309
0.9969
1.0000
1.0000
1.0000
0.0000
0.0000
0.0000
0.0000
0.0000
0.0000
0.0000
0.0000
0.0000
0.0000
0.0000
0.0000
0.0000
0.0000
0.0000
0.0000
0.0014
0.0074
0.0298
0.0521
0.0631
0.1832
0.2365
0.9911
0.9341
1.0000
0.8261
1.0000
1.0000
1.0000
0.0000
0.0000
0.0000
0.0000
0.0000
0.0000
0.0000
0.0000
0.0000
0.0000
0.0000
0.0000
0.0000
0.0000
0.0000
0.0000
0.0000
0.0000
0.0117
0.0403
0.0789
0.1887
0.2914
1.0000
1.0000
1.0000
1.0000
1.0000
1.0000
1.0000
0.0000
0.0000
0.0000
0.0000
0.0000
0.0000
0.0000
0.0000
0.0000
0.0000
0.0000
0.0000
0.0000
0.0000
0.0000
0.0000
0.0005
0.0098
0.0229
0.0361
0.2080
0.3312
0.4019
0.7683
0.9891
0.9728
1.0000
1.0000
1.0000
1.0000
0.0000
0.0000
0.0000
0.0000
0.0000
0.0000
0.0000
0.0000
0.0000
0.0000
0.0000
0.0000
0.0000
0.0000
0.0000
0.0000
0.0000
0.0150
0.1428
0.1570
0.3135
0.3552
0.4555
1.0000
1.0000
1.0000
1.0000
1.0000
1.0000
1.0000
0.0000
0.0000
0.0000
0.0000
0.0000
0.0000
0.0000
0.0000
0.0000
0.0000
0.0000
0.0000
0.0000
0.0056
0.0350
0.0561
0.1539
0.1907
0.3190
0.3304
0.6712
0.9779
1.0000
1.0000
1.0000
1.0000
1.0000
1.0000
0.9171
0.9399
0.0000
0.0000
0.0000
0.0000
0.0000
0.0000
0.0008
0.0012
0.0022
0.0005
0.0000
0.0039
0.0188
0.0677
0.1234
0.1938
0.2868
0.3375
0.5918
1.0000
0.9771
0.9912
1.0000
1.0000
1.0000
1.0000
0.9998
0.9740
0.9303
0.9899
0.0000
0.0000
0.0000
0.0000
0.0000
0.0000
0.0027
0.0049
0.0080
0.0117
0.0148
0.0295
0.0938
0.1423
0.2113
0.3046
0.5054
0.9569
1.0000
1.0000
0.9938
0.9996
1.0000
1.0000
1.0000
0.9984
0.9856
0.9563
1.0000
0.7366
0.0128
0.0157
0.0100
0.0042
0.0004
0.0000
0.0026
0.0059
0.0120
0.0287
0.0332
0.0673
0.1267
0.1784
0.3727
0.7110
0.9985
0.9992
1.0000
0.9997
0.9926
0.9969
1.0000
1.0000
0.9984
0.9915
0.9631
0.9958
0.9144
0.4231
0.0222
0.0321
0.0206
0.0099
0.0050
0.0018
0.0167
0.0156
0.0134
0.0319
0.0416
0.0979
0.2058
0.4860
1.0000
1.0000
1.0000
0.9995
0.9999
0.9872
0.9861
0.9947
0.9988
0.9974
0.9965
0.9858
0.9966
0.8611
0.6627
0.3958
0.1138
0.1548
0.0586
0.0409
0.0758
0.0738
0.0486
0.0354
0.0246
0.0271
0.0897
0.3014
0.7206
1.0000
1.0000
1.0000
0.9991
0.9974
0.9889
0.9844
0.9930
0.9963
0.9943
0.9928
0.9925
0.9547
0.7373
0.5958
0.4125
0.1971
0.0932
0.1877
0.1920
0.2200
0.2505
0.2285
0.1639
0.1376
0.1608
0.2414
0.5113
0.9683
0.9993
1.0000
1.0000
1.0000
0.9960
0.9945
0.9947
0.9953
0.9950
0.9934
0.9901
0.9819
0.8079
0.5576
0.5038
0.3608
0.1939
0.0675
0.1533
0.2836
0.2975
0.3746
0.4541
0.4411
0.3930
0.3897
0.5143
0.8640
0.9656
0.9815
1.0000
0.9996
0.9996
0.9979
0.9948
0.9940
0.9951
0.9965
0.9965
0.9935
1.0000
0.6740
0.4612
0.4053
0.3035
0.1379
0.0113
0.0085
0.5962
0.6096
0.5865
0.6277
0.6224
0.6063
0.6299
0.8303
1.0000
0.9828
0.9833
0.9996
0.9989
0.9987
0.9987
0.9987
0.9983
0.9985
0.9982
0.9979
0.9978
0.8028
0.5114
0.3844
0.3458
0.2461
0.1238
0.0594
0.0000
0.0000
0.8891
0.8443
0.7448
0.6967
0.7041
0.8297
0.9980
0.9995
0.9857
0.9771
0.9860
1.0000
0.9984
0.9981
0.9980
0.9979
0.9999
1.0000
0.9997
0.9959
0.5737
0.3167
0.2218
0.2190
0.1704
0.1308
0.0646
0.0249
0.0000
0.0000
0.8980
0.8637
0.8111
0.8069
0.9605
0.9962
0.9914
0.9645
0.9536
0.9587
0.9719
0.9872
0.9980
1.0000
0.9932
0.9807
0.9692
0.9677
0.7747
0.3599
0.1365
0.1527
0.1508
0.1354
0.0929
0.0616
0.0109
0.0000
0.0000
0.0000
0.8693
0.8479
0.9272
0.9679
0.9579
0.9423
0.9274
0.9221
0.9255
0.9362
0.9495
0.9613
0.9680
0.9673
0.9594
0.9471
0.9359
0.5316
0.1804
0.0505
0.0796
0.0818
0.0536
0.0183
0.0086
0.0000
0.0000
0.0000
0.0000
0.0000
0.9275
0.8763
0.9030
0.9018
0.8980
0.8947
0.8944
0.8991
0.9084
0.9208
0.9337
0.9447
0.9511
0.9510
0.9442
0.8394
0.3517
0.0427
0.0119
0.0278
0.0354
0.0356
0.0253
0.0049
0.0000
0.0000
0.0000
0.0000
0.0000
0.0000
0.9106
0.8469
0.8785
0.8787
0.8793
0.8819
0.8874
0.8964
0.9084
0.9229
0.9371
0.9505
0.9582
0.9599
0.6158
0.2136
0.0000
0.0011
0.0027
0.0128
0.0146
0.0145
0.0046
0.0000
0.0000
0.0000
0.0000
0.0000
0.0000
0.0000
0.9085
0.8443
0.8788
0.8816
0.8854
0.8915
0.9004
0.9127
0.9273
0.9450
0.9602
0.9759
0.8921
0.4141
0.0849
0.0000
0.0000
0.0001
0.0013
0.0016
0.0008
0.0000
0.0000
0.0000
0.0000
0.0000
0.0000
0.0000
0.0000
0.0000
0.9160
0.8582
0.8925
0.8980
0.9048
0.9143
0.9258
0.9410
0.9567
0.9761
0.9869
0.5985
0.2182
0.0000
0.0000
0.0000
0.0000
0.0000
0.0000
0.0000
0.0000
0.0000
0.0000
0.0000
0.0000
0.0000
0.0000
0.0000
0.0000
0.0000
0.9276
0.8791
0.9116
0.9193
0.9270
0.9387
0.9513
0.9679
0.9797
0.7139
0.2946
0.0176
0.0000
0.0000
0.0000
0.0000
0.0000
0.0000
0.0000
0.0000
0.0000
0.0000
0.0000
0.0000
0.0000
0.0000
0.0000
0.0000
0.0000
0.0000
0.9388
0.8978
0.9251
0.9340
0.9420
0.9543
0.9624
0.7000
0.2813
0.0138
0.0000
0.0000
0.0000
0.0000
0.0000
0.0000
0.0000
0.0000
0.0000
0.0000
0.0000
0.0000
0.0000
0.0000
0.0000
0.0000
0.0000
0.0000
0.0000
0.0000
0.9423
0.9050
0.9291
0.9358
0.9395
0.5139
0.1454
0.0000
0.0000
0.0000
0.0000
0.0000
0.0000
0.0000
0.0000
0.0000
0.0000
0.0000
0.0000
0.0000
0.0000
0.0000
0.0000
0.0000
0.0000
0.0000
0.0000
0.0000
0.0000
0.0000
0.9404
0.8987
0.5386
0.1491
0.0000
0.0000
0.0000
0.0000
0.0000
0.0000
0.0000
0.0000
0.0000
0.0000
0.0000
0.0000
0.0000
0.0000
0.0000
0.0000
0.0000
0.0000
0.0000
0.0000
0.0000
0.0000
0.0000
0.0000
0.0000
0.0000
0.0000
0.0000
0.0000
0.0000
0.0000
0.0000
0.0000
0.0000
0.0000
0.0000
0.0000
0.0000
0.0000
0.0000
0.0000
0.0000
0.0000
0.0000
0.0000
0.0000
0.0000
0.0000
0.0000
0.0000
0.0000
0.0000
0.0000
0.0000
0.0000
0.0000
0.0000
0.0000
0.0000
0.0000
0.0000
0.0000
0.0000
0.0000
0.0000
0.0000
0.0000
0.0000
0.0000
0.0000
0.0000
0.0000
0.0000
0.0000
0.0000
0.0000
0.0000
0.0000
0.0000
0.0000
0.0000
0.0000
0.0000
0.0000
0.0000
0.0000
0.0000
0.0000
0.0000
0.0000
0.0000
0.0000
0.0000
0.0000
0.0000
0.0000
0.0000
0.0000
0.0000
0.0000
0.0000
0.0000
0.0000
0.0000
0.0000
0.0000
0.0000
0.0000
0.0000
0.0000
0.0000
0.0000
0.0000
0.0000
0.0000
0.0000
0.0000
0.0000
0.0000
0.0000
0.0000
0.0000
0.0000
0.0000
0.0000
0.0000
0.0000
0.0000
0.0000
0.0000
0.0000
0.0000
0.0000
0.0000
0.0000
0.0000
0.0000
0.0000
0.0000
0.0000
0.0000
0.0000
0.0000
0.0000
0.0000
0.0000
0.0000
0.0000
0.0000
0.0000
0.0000
0.0000
0.0000
0.0000
0.0000
0.0000
0.0000
0.0000
0.0000
0.0000
0.0000
0.0000
0.0000
0.0000
0.0000
0.0000
0.0000
0.0000
0.0000
0.0000
0.0000
0.0000
0.0000
0.0000
0.0000
0.0000
0.0000
0.0000
0.0000
0.0000
0.0000
0.0000
0.0000
0.0000
0.0000
0.0000
0.0000
0.0000
0.0000
0.0000
0.0000
0.0000
0.0000
0.0000
0.0000
0.0000
0.0000
0.0000
0.0000
0.0000
0.0000
0.0000
0.0000
0.0000
0.0000
0.0000
0.2787
0.1651
0.1353
0.0508
0.0000
0.0000
0.0000
0.0000
0.0000
0.0000
0.0000
0.0000
0.0000
0.0000
0.0000
0.0000
0.0000
0.0000
0.0000
0.0000
0.0000
0.0000
0.0000
0.0000
0.0000
0.0000
0.0000
0.0000
0.0000
0.0000
# OPTIMIZATION PARAMETERS 
# nelx: 30
# nely: 60
# max buckling: 0.2506
# penalization: 1.484
# initial densities: [0.3467 0.298  0.238  ... 0.     0.     0.    ]
# FEA MODEL DATA 
# material: {'Ex': 1, 'Ey': 0.2, 'NUxy': 0.3}
# loads: {'Val': 0.005, 'direction': 'x', 'dof': array([1859, 1921, 1983], dtype=int64)}
# bc: Left Clamped
# 
