# densities
1.0000
1.0000
1.0000
0.9627
0.6152
0.2394
0.0000
0.0000
0.0000
0.0000
0.0000
0.0000
0.0000
0.0000
0.0000
0.0000
0.0000
0.0000
0.0000
0.0000
0.0000
0.0000
0.0000
0.0000
0.0000
0.0000
0.0000
0.0000
0.0000
0.0000
1.0000
1.0000
1.0000
0.9841
0.7571
0.1511
0.0000
0.0000
0.0000
0.0000
0.0000
0.0000
0.0000
0.0000
0.0000
0.0000
0.0000
0.0000
0.0000
0.0000
0.0000
0.0000
0.0000
0.0000
0.0000
0.0000
0.0000
0.0000
0.0000
0.0000
1.0000
1.0000
1.0000
1.0000
1.0000
0.9951
0.7334
0.1920
0.0000
0.0000
0.0000
0.0000
0.0000
0.0000
0.0000
0.0000
0.0000
0.0000
0.0000
0.0000
0.0000
0.0000
0.0000
0.0000
0.0000
0.0000
0.0000
0.0000
0.0000
0.0000
1.0000
1.0000
1.0000
1.0000
1.0000
1.0000
0.9974
0.8224
0.2559
0.0000
0.0000
0.0000
0.0000
0.0000
0.0000
0.0000
0.0000
0.0000
0.0000
0.0000
0.0000
0.0000
0.0000
0.0000
0.0000
0.0000
0.0000
0.0000
0.0000
0.0000
1.0000
1.0000
1.0000
1.0000
1.0000
1.0000
1.0000
0.9216
0.7461
0.2571
0.0000
0.0000
0.0000
0.0000
0.0000
0.0000
0.0000
0.0000
0.0000
0.0000
0.0000
0.0000
0.0000
0.0000
0.0000
0.0000
0.0000
0.0000
0.0000
0.0000
0.6856
0.7728
1.0000
1.0000
1.0000
1.0000
1.0000
1.0000
0.9023
0.7684
0.3130
0.0000
0.0000
0.0000
0.0000
0.0000
0.0000
0.0000
0.0000
0.0000
0.0000
0.0000
0.0000
0.0000
0.0000
0.0000
0.0000
0.0000
0.0000
0.0000
0.5000
0.4423
0.6360
0.9738
1.0000
1.0000
1.0000
1.0000
0.9902
0.8935
0.7654
0.3490
0.0000
0.0000
0.0000
0.0000
0.0000
0.0000
0.0000
0.0000
0.0000
0.0000
0.0000
0.0000
0.0000
0.0000
0.0000
0.0000
0.0000
0.0000
0.4391
0.2979
0.2776
0.5408
0.7895
0.9980
1.0000
1.0000
1.0000
0.9752
0.8820
0.7554
0.3654
0.0000
0.0000
0.0000
0.0000
0.0000
0.0000
0.0000
0.0000
0.0000
0.0000
0.0000
0.0000
0.0000
0.0000
0.0000
0.0000
0.0000
0.4178
0.2308
0.0345
0.2043
0.3850
0.7222
1.0000
1.0000
1.0000
1.0000
0.9700
0.8753
0.7519
0.3845
0.0007
0.0000
0.0000
0.0000
0.0000
0.0000
0.0000
0.0000
0.0000
0.0000
0.0000
0.0000
0.0000
0.0000
0.0000
0.0000
0.3413
0.1987
0.0000
0.0000
0.0265
0.3309
0.7652
0.9990
1.0000
1.0000
1.0000
0.9655
0.8720
0.7512
0.4034
0.0000
0.0000
0.0000
0.0000
0.0000
0.0000
0.0000
0.0000
0.0000
0.0000
0.0000
0.0000
0.0000
0.0000
0.0000
0.1815
0.0875
0.0000
0.0000
0.0000
0.0001
0.3748
0.7553
0.9992
1.0000
1.0000
0.9996
0.9620
0.8699
0.7525
0.4199
0.0000
0.0000
0.0000
0.0000
0.0000
0.0000
0.0000
0.0000
0.0000
0.0000
0.0000
0.0000
0.0000
0.0000
0.0000
0.0000
0.0000
0.0000
0.0000
0.0000
0.0016
0.3645
0.7315
1.0000
1.0000
1.0000
0.9993
0.9598
0.8703
0.7584
0.4377
0.0079
0.0000
0.0000
0.0000
0.0000
0.0000
0.0000
0.0000
0.0000
0.0000
0.0000
0.0000
0.0000
0.0000
0.0000
0.0000
0.0000
0.0000
0.0000
0.0000
0.0001
0.3459
0.7321
1.0000
1.0000
1.0000
0.9995
0.9592
0.8751
0.7701
0.4584
0.0311
0.0000
0.0000
0.0000
0.0000
0.0000
0.0000
0.0000
0.0000
0.0000
0.0000
0.0000
0.0000
0.0000
0.0000
0.0000
0.0000
0.0000
0.0000
0.0000
0.0000
0.3416
0.7263
1.0000
1.0000
1.0000
1.0000
0.9616
0.8845
0.7874
0.4828
0.0605
0.0000
0.0000
0.0000
0.0000
0.0000
0.0000
0.0000
0.0000
0.0000
0.0000
0.0000
0.0000
0.0000
0.0000
0.0000
0.0000
0.0000
0.0000
0.0000
0.0000
0.3321
0.7152
1.0000
1.0000
1.0000
1.0000
0.9666
0.8975
0.8108
0.5140
0.0991
0.0000
0.0000
0.0000
0.0000
0.0000
0.0000
0.0000
0.0000
0.0000
0.0000
0.0000
0.0000
0.0000
0.0000
0.0000
0.0000
0.0000
0.0000
0.0000
0.0000
0.3176
0.6993
0.9997
1.0000
1.0000
1.0000
0.9718
0.9127
0.8420
0.5547
0.1521
0.0000
0.0000
0.0000
0.0000
0.0000
0.0000
0.0000
0.0000
0.0000
0.0000
0.0000
0.0000
0.0000
0.0000
0.0000
0.0000
0.0000
0.0000
0.0000
0.0000
0.3002
0.6822
1.0000
1.0000
1.0000
1.0000
0.9732
0.9299
0.8840
0.6096
0.2256
0.0000
0.0000
0.0000
0.0000
0.0000
0.0000
0.0000
0.0000
0.0000
0.0000
0.0000
0.0000
0.0000
0.0000
0.0000
0.0000
0.0000
0.0000
0.0000
0.0000
0.2998
0.6624
0.9981
1.0000
1.0000
0.9955
0.9687
0.9517
0.9412
0.6835
0.3193
0.0001
0.0000
0.0000
0.0000
0.0000
0.0000
0.0000
0.0000
0.0000
0.0000
0.0000
0.0000
0.0000
0.0000
0.0000
0.0000
0.0000
0.0000
0.0000
0.0000
0.2541
0.6365
0.9671
1.0000
0.9874
0.9658
0.9635
0.9832
1.0000
0.7787
0.4034
0.0386
0.0000
0.0000
0.0000
0.0000
0.0000
0.0000
0.0000
0.0000
0.0000
0.0000
0.0000
0.0000
0.0000
0.0000
0.0000
0.0000
0.0000
0.0000
0.0000
0.2578
0.6061
0.9439
0.9513
0.9327
0.9316
0.9635
1.0000
0.9354
0.8528
0.5072
0.1190
0.0000
0.0000
0.0000
0.0000
0.0000
0.0000
0.0000
0.0000
0.0000
0.0000
0.0000
0.0000
0.0000
0.0000
0.0000
0.0001
0.0042
0.0852
0.0670
0.2095
0.5879
0.8966
0.8810
0.8726
0.8985
0.9793
0.9843
0.9241
0.9294
0.6403
0.0846
0.0000
0.0000
0.0000
0.0000
0.0000
0.0000
0.0000
0.0000
0.0000
0.0000
0.0000
0.0000
0.0000
0.0000
0.0010
0.0000
0.0769
0.0000
0.1130
0.2892
0.5719
0.8403
0.8079
0.8115
0.8808
1.0000
0.9659
0.9446
1.0000
0.5691
0.0012
0.0002
0.0000
0.0000
0.0000
0.0000
0.0000
0.0000
0.0000
0.0000
0.0000
0.0000
0.0000
0.0000
0.1394
0.0071
0.1319
0.0000
0.0000
0.2498
0.3188
0.5420
0.7845
0.7359
0.7665
0.8885
1.0000
0.9989
1.0000
1.0000
0.1705
0.2782
0.0000
0.0000
0.0000
0.0000
0.0000
0.0000
0.0000
0.0000
0.0000
0.0000
0.0000
0.0000
0.0000
0.0000
0.0063
0.0000
0.0000
0.0845
0.2875
0.3611
0.5228
0.7288
0.6761
0.7469
0.9015
0.9346
1.0000
1.0000
0.5595
0.6946
0.0000
0.0000
0.0000
0.0000
0.0000
0.0000
0.0000
0.0000
0.0000
0.0000
0.0000
0.0000
0.0000
0.0000
0.0000
0.0000
0.0000
0.1427
0.2188
0.4439
0.3524
0.4799
0.6724
0.6403
0.7296
0.9889
1.0000
1.0000
1.0000
0.9926
0.0000
0.0000
0.0000
0.0000
0.0000
0.0000
0.0000
0.0000
0.0000
0.0000
0.0000
0.0000
0.0000
0.0000
0.0000
0.0000
0.0000
0.0253
0.1345
0.4477
0.3848
0.3295
0.4764
0.6472
0.5908
0.7901
1.0000
1.0000
1.0000
1.0000
0.0000
0.0000
0.0000
0.0000
0.0000
0.0000
0.0000
0.0000
0.0000
0.0000
0.0000
0.0000
0.0000
0.0000
0.0000
0.0000
0.0000
0.0000
0.0629
0.3896
0.5087
0.4731
0.3765
0.3989
0.5316
0.5892
0.9998
1.0000
1.0000
1.0000
0.0000
0.0000
0.0000
0.0000
0.0000
0.0000
0.0000
0.0000
0.0000
0.0000
0.0000
0.0000
0.0000
0.0000
0.0000
0.0000
0.0000
0.0000
0.0312
0.2400
0.6503
0.7688
0.7682
0.3109
0.3094
0.4950
0.8342
1.0000
1.0000
1.0000
0.0000
0.0000
0.0000
0.0000
0.0000
0.0000
0.0000
0.0000
0.0000
0.0000
0.0000
0.0000
0.0000
0.0000
0.0000
0.0000
0.0000
0.0000
0.1412
0.4023
0.5006
0.6271
0.9614
0.6422
0.3994
0.3011
0.7133
1.0000
1.0000
1.0000
0.0000
0.0000
0.0000
0.0000
0.0000
0.0000
0.0000
0.0000
0.0000
0.0000
0.0000
0.0000
0.0000
0.0000
0.0000
0.0000
0.0000
0.0000
0.1388
0.1079
0.5850
0.5847
0.9133
0.7009
0.5912
0.3523
0.6600
1.0000
1.0000
1.0000
0.0000
0.0000
0.0000
0.0000
0.0000
0.0000
0.0000
0.0000
0.0000
0.0000
0.0000
0.0000
0.0000
0.0000
0.0000
0.0093
0.0000
0.0000
0.0016
0.2460
0.3279
0.1130
0.5721
0.5689
0.5172
0.8816
0.9256
1.0000
1.0000
1.0000
0.0000
0.0000
0.0000
0.0000
0.0000
0.0000
0.0000
0.0000
0.0000
0.0000
0.0000
0.0000
0.0000
0.0000
0.0000
0.0000
0.0000
0.0000
0.0000
0.1964
0.3477
0.4468
0.4406
0.7284
0.8112
0.9266
1.0000
1.0000
1.0000
1.0000
0.0000
0.0000
0.0000
0.0000
0.0000
0.0000
0.0000
0.0000
0.0000
0.0000
0.0000
0.0000
0.0000
0.0000
0.0000
0.0000
0.0000
0.0001
0.0001
0.3293
0.3275
0.5235
0.3887
0.9070
1.0000
1.0000
1.0000
1.0000
1.0000
1.0000
0.0000
0.0000
0.0000
0.0000
0.0000
0.0000
0.0000
0.0000
0.0000
0.0000
0.0000
0.0000
0.0000
0.0000
0.0000
0.0000
0.0000
0.0001
0.0042
0.2542
0.8708
0.9128
0.8468
1.0000
1.0000
1.0000
1.0000
1.0000
0.2817
0.5632
0.0000
0.0000
0.0000
0.0000
0.0000
0.0000
0.0000
0.0000
0.0000
0.0000
0.0000
0.0000
0.0000
0.0000
0.0000
0.0000
0.0000
0.1564
0.4154
0.6919
0.7635
0.9808
0.9153
1.0000
1.0000
1.0000
1.0000
0.7436
0.0000
0.0000
0.0000
0.0000
0.0000
0.0000
0.0000
0.0000
0.0000
0.0000
0.0000
0.0000
0.0000
0.0000
0.0000
0.0000
0.0000
0.0000
0.1534
0.4600
0.6675
0.8271
0.9864
0.9139
1.0000
1.0000
1.0000
1.0000
1.0000
0.3211
0.0000
0.0000
0.0000
0.0000
0.0000
0.0000
0.0000
0.0000
0.0000
0.0000
0.0000
0.0000
0.0000
0.0000
0.0000
0.0000
0.0000
0.1496
0.4154
0.6367
0.7950
0.9800
0.8766
0.9942
0.9600
0.9463
0.9415
0.9437
0.8160
0.0745
0.0001
0.0000
0.0000
0.0000
0.0000
0.0000
0.0000
0.0000
0.0000
0.0000
0.0000
0.0000
0.0000
0.0000
0.0000
0.0000
0.1007
0.3794
0.5936
0.8015
0.9471
0.9067
0.9404
0.8846
0.8274
0.8184
0.7988
0.7778
0.5960
0.0044
0.0000
0.0000
0.0000
0.0000
0.0000
0.0000
0.0000
0.0000
0.0000
0.0000
0.0000
0.0000
0.0000
0.0000
0.0000
0.0248
0.3365
0.5557
0.8070
0.9542
0.9470
0.9289
0.8450
0.7670
0.7309
0.7511
0.7409
0.6149
0.2982
0.0493
0.0000
0.0000
0.0000
0.0000
0.0000
0.0000
0.0000
0.0000
0.0000
0.0000
0.0000
0.0000
0.0000
0.0000
0.0000
0.2531
0.5168
0.7758
0.9295
0.9807
0.9284
0.8317
0.7287
0.6775
0.7072
0.7353
0.7192
0.5012
0.0521
0.0000
0.0000
0.0000
0.0000
0.0000
0.0000
0.0000
0.0000
0.0000
0.0000
0.0000
0.0000
0.0000
0.0000
0.0000
0.1191
0.4516
0.7269
0.8937
0.9880
0.9382
0.8205
0.7072
0.6508
0.6801
0.7326
0.7715
0.5670
0.2933
0.0144
0.0000
0.0000
0.0000
0.0000
0.0000
0.0000
0.0000
0.0000
0.0000
0.0000
0.0000
0.0000
0.0000
0.0000
0.1175
0.3456
0.6527
0.8472
0.9573
0.9283
0.8153
0.6995
0.6397
0.6684
0.7283
0.7870
0.6331
0.4521
0.0338
0.1058
0.0000
0.0000
0.0000
0.0000
0.0000
0.0000
0.0000
0.0000
0.0000
0.0000
0.0000
0.0000
0.0286
0.2023
0.2546
0.5603
0.7910
0.9317
0.9309
0.8138
0.7045
0.6435
0.6675
0.7331
0.7964
0.6922
0.5965
0.2258
0.0000
0.0000
0.0000
0.0000
0.0000
0.1998
0.1681
0.0430
0.0000
0.0000
0.0000
0.0030
0.0264
0.1001
0.1301
0.2922
0.5134
0.7358
0.9086
0.9340
0.8270
0.7258
0.6594
0.6768
0.7464
0.8061
0.7690
0.6888
0.3854
0.0000
0.0000
0.0000
0.0000
0.0000
0.0000
0.2839
0.3954
0.2421
0.1302
0.1683
0.2142
0.2636
0.3162
0.3415
0.4331
0.5487
0.7212
0.8974
0.9405
0.8641
0.7673
0.6930
0.6968
0.7605
0.8154
0.8032
0.7572
0.4983
0.1227
0.0000
0.0000
0.0000
0.0000
0.0000
0.0000
0.3862
0.4669
0.2869
0.2417
0.3527
0.4114
0.4138
0.4245
0.5075
0.6076
0.7382
0.9020
0.9629
0.9195
0.8304
0.7477
0.7318
0.7939
0.8258
0.8236
0.7987
0.5686
0.2193
0.0000
0.0000
0.0000
0.0000
0.0000
0.0000
0.0000
0.3362
0.5647
0.3902
0.4420
0.5173
0.5207
0.4950
0.5077
0.5897
0.7275
0.8923
0.9780
0.9656
0.8958
0.8166
0.7822
0.8231
0.8403
0.8356
0.7984
0.5937
0.2761
0.0456
0.0000
0.0000
0.0000
0.0000
0.0000
0.0000
0.0000
0.4392
0.3390
0.3590
0.4252
0.4624
0.4690
0.5356
0.5679
0.6727
0.8499
0.9673
0.9756
0.9309
0.8746
0.8352
0.8499
0.8565
0.8370
0.7592
0.5673
0.2764
0.0618
0.0000
0.0000
0.0000
0.0000
0.0000
0.0000
0.0000
0.0000
0.4709
0.1336
0.4181
0.5175
0.4331
0.4420
0.5637
0.6573
0.7965
0.9393
0.9427
0.9238
0.8982
0.8709
0.8695
0.8624
0.8200
0.6873
0.4925
0.2218
0.0309
0.0000
0.0000
0.0000
0.0000
0.0000
0.0000
0.0000
0.0000
0.0000
0.4446
0.0600
0.3321
0.4807
0.4139
0.4681
0.6507
0.8006
0.9114
0.9007
0.8938
0.8893
0.8802
0.8743
0.8443
0.7704
0.5762
0.3702
0.1084
0.0000
0.0000
0.0000
0.0000
0.0000
0.0000
0.0000
0.0000
0.0000
0.0000
0.0000
0.5028
0.1061
0.3363
0.4808
0.4620
0.5722
0.8057
0.9161
0.8778
0.8696
0.8738
0.8790
0.8719
0.8144
0.6888
0.4412
0.2006
0.0000
0.0000
0.0000
0.0000
0.0000
0.0000
0.0000
0.0000
0.0000
0.0000
0.0000
0.0000
0.0000
0.4706
0.3154
0.3802
0.5607
0.6117
0.7656
0.9166
0.8859
0.8649
0.8708
0.8857
0.8887
0.8214
0.6338
0.3160
0.0162
0.0000
0.0000
0.0000
0.0000
0.0000
0.0000
0.0000
0.0000
0.0000
0.0000
0.0000
0.0000
0.0000
0.0000
0.4384
0.3195
0.4884
0.7265
0.8420
0.9167
0.9042
0.8876
0.8872
0.9091
0.9291
0.8799
0.6340
0.2547
0.0000
0.0000
0.0000
0.0000
0.0000
0.0000
0.0000
0.0000
0.0000
0.0000
0.0000
0.0000
0.0000
0.0000
0.0000
0.0000
0.4742
0.3960
0.7066
0.9681
0.9640
0.9367
0.9285
0.9284
0.9506
0.9821
0.9734
0.6865
0.2638
0.0000
0.0000
0.0000
0.0000
0.0000
0.0000
0.0000
0.0000
0.0000
0.0000
0.0000
0.0000
0.0000
0.0000
0.0000
0.0000
0.0000
0.6296
0.6695
0.9998
1.0000
1.0000
0.9815
0.9786
0.9893
0.9999
1.0000
0.7166
0.2911
0.0453
0.0000
0.0000
0.0000
0.0000
0.0000
0.0000
0.0000
0.0000
0.0000
0.0000
0.0000
0.0000
0.0000
0.0000
0.0000
0.0000
0.0000
0.9211
0.9539
1.0000
1.0000
1.0000
1.0000
1.0000
0.9921
0.9971
0.6934
0.2898
0.0000
0.0000
0.0000
0.0000
0.0000
0.0000
0.0000
0.0000
0.0000
0.0000
0.0000
0.0000
0.0000
0.0000
0.0000
0.0000
0.0000
0.0000
0.0000
1.0000
1.0000
1.0000
1.0000
1.0000
1.0000
0.9983
0.9660
0.6893
0.2522
0.0000
0.0000
0.0000
0.0000
0.0000
0.0000
0.0000
0.0000
0.0000
0.0000
0.0000
0.0000
0.0000
0.0000
0.0000
0.0000
0.0000
0.0000
0.0000
0.0000
1.0000
1.0000
1.0000
1.0000
1.0000
1.0000
0.9123
0.5320
0.1174
0.0000
0.0000
0.0000
0.0000
0.0000
0.0000
0.0000
0.0000
0.0000
0.0000
0.0000
0.0000
0.0000
0.0000
0.0000
0.0000
0.0000
0.0000
0.0000
0.0000
0.0000
1.0000
1.0000
1.0000
0.9551
0.6585
0.2365
0.0000
0.0000
0.0000
0.0000
0.0000
0.0000
0.0000
0.0000
0.0000
0.0000
0.0000
0.0000
0.0000
0.0000
0.0000
0.0000
0.0000
0.0000
0.0000
0.0000
0.0000
0.0000
0.0000
0.0000
1.0000
1.0000
1.0000
0.9300
0.5767
0.3080
0.1233
0.0000
0.0000
0.0000
0.0000
0.0000
0.0000
0.0000
0.0000
0.0000
0.0000
0.0000
0.0000
0.0000
0.0000
0.0000
0.0000
0.0000
0.0000
0.0000
0.0000
0.0000
0.0000
0.0000
# OPTIMIZATION PARAMETERS 
# nelx: 30
# nely: 60
# max buckling: 0.1253
# penalization: 1.484
# initial densities: [1. 1. 1. ... 0. 0. 0.]
# FEA MODEL DATA 
# material: {'Ex': 0.2, 'Ey': 1, 'NUxy': 0.3}
# loads: {'Val': 0.005, 'direction': 'x', 'dof': array([1859, 1921, 1983], dtype=int64)}
# bc: Left Clamped
# 
