# densities
1.0000
1.0000
1.0000
0.9971
0.6191
0.2747
0.0398
0.0000
0.0000
0.0000
0.0000
0.0000
0.0000
0.0000
0.0000
0.0000
0.0000
0.0000
0.0000
0.0000
0.0000
0.0000
0.0000
0.0000
0.0000
0.0000
0.0000
0.0000
0.0000
0.0000
1.0000
1.0000
1.0000
0.9994
0.7608
0.2133
0.0000
0.0000
0.0000
0.0000
0.0000
0.0000
0.0000
0.0000
0.0000
0.0000
0.0000
0.0000
0.0000
0.0000
0.0000
0.0000
0.0000
0.0000
0.0000
0.0000
0.0000
0.0000
0.0000
0.0000
1.0000
1.0000
1.0000
1.0000
1.0000
1.0000
0.8350
0.3435
0.0000
0.0000
0.0000
0.0000
0.0000
0.0000
0.0000
0.0000
0.0000
0.0000
0.0000
0.0000
0.0000
0.0000
0.0000
0.0000
0.0000
0.0000
0.0000
0.0000
0.0000
0.0000
1.0000
1.0000
1.0000
1.0000
1.0000
1.0000
1.0000
0.9657
0.4360
0.0000
0.0000
0.0000
0.0000
0.0000
0.0000
0.0000
0.0000
0.0000
0.0000
0.0000
0.0000
0.0000
0.0000
0.0000
0.0000
0.0000
0.0000
0.0000
0.0000
0.0000
1.0000
1.0000
1.0000
1.0000
1.0000
1.0000
1.0000
0.9951
0.8855
0.4174
0.0000
0.0000
0.0000
0.0000
0.0000
0.0000
0.0000
0.0000
0.0000
0.0000
0.0000
0.0000
0.0000
0.0000
0.0000
0.0000
0.0000
0.0000
0.0000
0.0000
0.7711
0.9116
1.0000
1.0000
1.0000
1.0000
1.0000
1.0000
1.0000
0.8891
0.4455
0.0000
0.0000
0.0000
0.0000
0.0000
0.0000
0.0000
0.0000
0.0000
0.0000
0.0000
0.0000
0.0000
0.0000
0.0000
0.0000
0.0000
0.0000
0.0000
0.5753
0.5659
0.7392
1.0000
1.0000
1.0000
1.0000
1.0000
0.9990
0.9783
0.8618
0.4525
0.0000
0.0000
0.0000
0.0000
0.0000
0.0000
0.0000
0.0000
0.0000
0.0000
0.0000
0.0000
0.0000
0.0000
0.0000
0.0000
0.0000
0.0000
0.5181
0.4412
0.4451
0.7002
0.9318
1.0000
1.0000
1.0000
1.0000
1.0000
0.9487
0.8295
0.4436
0.0000
0.0000
0.0000
0.0000
0.0000
0.0000
0.0000
0.0000
0.0000
0.0000
0.0000
0.0000
0.0000
0.0000
0.0000
0.0000
0.0000
0.5330
0.4384
0.2898
0.4362
0.5998
0.8437
1.0000
1.0000
1.0000
1.0000
1.0000
0.9288
0.8073
0.4411
0.0000
0.0000
0.0000
0.0000
0.0000
0.0000
0.0000
0.0000
0.0000
0.0000
0.0000
0.0000
0.0000
0.0000
0.0000
0.0000
0.5357
0.4457
0.2332
0.2656
0.3372
0.5073
0.8873
1.0000
1.0000
1.0000
1.0000
1.0000
0.9148
0.7907
0.4411
0.0000
0.0000
0.0000
0.0000
0.0000
0.0000
0.0000
0.0000
0.0000
0.0000
0.0000
0.0000
0.0000
0.0000
0.0000
0.4638
0.4670
0.2019
0.1228
0.1321
0.1823
0.5564
0.8919
1.0000
1.0000
1.0000
1.0000
1.0000
0.9034
0.7770
0.4379
0.0007
0.0000
0.0000
0.0000
0.0000
0.0000
0.0000
0.0000
0.0000
0.0000
0.0000
0.0000
0.0000
0.0000
0.2860
0.2969
0.1271
0.0000
0.0330
0.0312
0.2129
0.5608
0.8820
1.0000
1.0000
1.0000
1.0000
1.0000
0.8946
0.7662
0.4330
0.0000
0.0000
0.0000
0.0000
0.0000
0.0000
0.0000
0.0000
0.0000
0.0000
0.0000
0.0000
0.0000
0.0119
0.0000
0.0000
0.0000
0.0000
0.0000
0.0053
0.1991
0.5496
0.8991
1.0000
1.0000
1.0000
1.0000
0.9981
0.8886
0.7581
0.4266
0.0000
0.0000
0.0000
0.0000
0.0000
0.0000
0.0000
0.0000
0.0000
0.0000
0.0000
0.0000
0.0000
0.0000
0.0000
0.0000
0.0000
0.0000
0.0000
0.0000
0.1831
0.5582
0.9088
1.0000
1.0000
1.0000
1.0000
0.9977
0.8848
0.7520
0.4182
0.0000
0.0000
0.0000
0.0000
0.0000
0.0000
0.0000
0.0000
0.0000
0.0000
0.0000
0.0000
0.0000
0.0000
0.0000
0.0000
0.0000
0.0000
0.0000
0.0000
0.1797
0.5617
0.9141
1.0000
1.0000
1.0000
1.0000
0.9996
0.8832
0.7480
0.4081
0.0000
0.0000
0.0000
0.0000
0.0000
0.0000
0.0000
0.0000
0.0000
0.0000
0.0000
0.0000
0.0000
0.0000
0.0000
0.0000
0.0000
0.0000
0.0000
0.0000
0.1751
0.5630
0.9233
1.0000
1.0000
1.0000
1.0000
1.0000
0.8839
0.7468
0.3957
0.0001
0.0000
0.0000
0.0000
0.0000
0.0000
0.0000
0.0000
0.0000
0.0000
0.0000
0.0000
0.0000
0.0000
0.0000
0.0000
0.0000
0.0000
0.0000
0.0000
0.1694
0.5664
0.9346
1.0000
1.0000
1.0000
1.0000
1.0000
0.8875
0.7488
0.3804
0.0004
0.0000
0.0000
0.0000
0.0000
0.0000
0.0000
0.0000
0.0000
0.0000
0.0000
0.0000
0.0000
0.0000
0.0000
0.0000
0.0000
0.0000
0.0000
0.0000
0.1627
0.5690
0.9470
1.0000
1.0000
1.0000
1.0000
1.0000
0.8937
0.7543
0.3682
0.0026
0.0000
0.0000
0.0000
0.0000
0.0000
0.0000
0.0000
0.0000
0.0000
0.0000
0.0000
0.0000
0.0000
0.0000
0.0000
0.0000
0.0000
0.0000
0.0000
0.1528
0.5704
0.9607
1.0000
1.0000
1.0000
1.0000
1.0000
0.9030
0.7679
0.3610
0.0163
0.0000
0.0000
0.0000
0.0000
0.0000
0.0000
0.0000
0.0000
0.0000
0.0000
0.0000
0.0000
0.0000
0.0000
0.0000
0.0000
0.0000
0.0000
0.0000
0.1393
0.5712
0.9757
1.0000
1.0000
1.0000
1.0000
1.0000
0.9198
0.7956
0.3453
0.0194
0.0000
0.0000
0.0000
0.0000
0.0000
0.0000
0.0000
0.0000
0.0000
0.0000
0.0000
0.0000
0.0000
0.0000
0.0000
0.0000
0.0000
0.0000
0.0000
0.1254
0.5730
0.9916
1.0000
1.0000
1.0000
1.0000
1.0000
0.9508
0.8096
0.3234
0.0119
0.0000
0.0000
0.0000
0.0000
0.0000
0.0000
0.0000
0.0000
0.0000
0.0000
0.0000
0.0000
0.0000
0.0000
0.0000
0.0000
0.0000
0.0000
0.0000
0.1172
0.5801
1.0000
1.0000
1.0000
1.0000
1.0000
1.0000
0.9829
0.7882
0.3669
0.0000
0.0000
0.0000
0.0000
0.0000
0.0000
0.0000
0.0000
0.0000
0.0000
0.0000
0.0000
0.0000
0.0000
0.0000
0.0000
0.0000
0.0000
0.0000
0.0000
0.1164
0.5838
1.0000
1.0000
1.0000
1.0000
1.0000
1.0000
1.0000
0.9372
0.3349
0.0000
0.0009
0.0000
0.0000
0.0000
0.0000
0.0000
0.0000
0.0000
0.0000
0.0000
0.0000
0.0000
0.0000
0.0000
0.0000
0.0000
0.0000
0.0000
0.0000
0.1369
0.5830
0.9911
1.0000
1.0000
1.0000
1.0000
1.0000
1.0000
0.8701
0.0000
0.1548
0.0000
0.0000
0.0000
0.0000
0.0000
0.0000
0.0000
0.0000
0.0000
0.0000
0.0000
0.0000
0.0000
0.0000
0.0000
0.0000
0.0000
0.0000
0.0000
0.2116
0.5722
0.9629
1.0000
1.0000
1.0000
1.0000
1.0000
1.0000
0.2492
0.4799
0.0000
0.0000
0.0000
0.0000
0.0000
0.0000
0.0000
0.0000
0.0000
0.0000
0.0000
0.0000
0.0000
0.0000
0.0000
0.0000
0.0000
0.0000
0.0000
0.0871
0.2656
0.5707
0.9406
1.0000
1.0000
1.0000
1.0000
1.0000
1.0000
1.0000
0.0000
0.0000
0.0000
0.0000
0.0000
0.0000
0.0000
0.0000
0.0000
0.0000
0.0000
0.0000
0.0000
0.0000
0.0000
0.0000
0.0000
0.0000
0.0000
0.0000
0.1895
0.3047
0.5013
0.8527
1.0000
1.0000
1.0000
1.0000
1.0000
1.0000
0.0000
0.0000
0.0000
0.0000
0.0000
0.0000
0.0000
0.0000
0.0000
0.0000
0.0000
0.0000
0.0000
0.0000
0.0000
0.0000
0.0000
0.0000
0.0000
0.0000
0.1643
0.2711
0.2605
0.3731
0.7971
1.0000
1.0000
1.0000
1.0000
1.0000
0.0000
0.0000
0.0000
0.0000
0.0000
0.0000
0.0000
0.0000
0.0000
0.0000
0.0000
0.0000
0.0000
0.0000
0.0000
0.0000
0.0000
0.0000
0.0000
0.0259
0.1719
0.1908
0.3074
0.3624
0.4831
0.8111
1.0000
1.0000
1.0000
1.0000
0.0000
0.0000
0.0000
0.0000
0.0000
0.0000
0.0000
0.0000
0.0000
0.0000
0.0000
0.0000
0.0000
0.0000
0.0000
0.0000
0.0000
0.0000
0.0000
0.0000
0.0639
0.0884
0.3357
0.4266
0.5150
0.4611
0.7023
1.0000
1.0000
1.0000
0.0000
0.0000
0.0000
0.0000
0.0000
0.0000
0.0000
0.0000
0.0000
0.0000
0.0000
0.0000
0.0000
0.0000
0.0000
0.0000
0.0000
0.0000
0.0000
0.0000
0.0800
0.1140
0.3341
0.4465
0.5324
0.4805
0.7270
1.0000
1.0000
1.0000
0.0000
0.0000
0.0000
0.0000
0.0000
0.0000
0.0000
0.0000
0.0000
0.0000
0.0000
0.0000
0.0000
0.0000
0.0000
0.0000
0.0000
0.0000
0.0000
0.0000
0.1538
0.2683
0.3412
0.4167
0.5341
0.8950
1.0000
1.0000
1.0000
1.0000
0.0000
0.0000
0.0000
0.0000
0.0000
0.0000
0.0000
0.0000
0.0000
0.0000
0.0000
0.0000
0.0000
0.0000
0.0000
0.0000
0.0000
0.0000
0.0000
0.0704
0.2446
0.3798
0.3791
0.4551
0.8836
1.0000
1.0000
1.0000
1.0000
1.0000
0.0000
0.0000
0.0000
0.0000
0.0000
0.0000
0.0000
0.0000
0.0000
0.0000
0.0000
0.0000
0.0000
0.0000
0.0000
0.0000
0.0000
0.0000
0.0000
0.2357
0.4052
0.4813
0.6484
0.9650
1.0000
1.0000
1.0000
1.0000
1.0000
1.0000
0.0000
0.0000
0.0000
0.0000
0.0000
0.0000
0.0000
0.0000
0.0000
0.0000
0.0000
0.0000
0.0000
0.0000
0.0000
0.0000
0.0000
0.0000
0.1182
0.2842
0.3919
0.6908
0.9887
1.0000
1.0000
1.0000
1.0000
1.0000
1.0000
0.9371
0.0000
0.0000
0.0000
0.0000
0.0000
0.0000
0.0000
0.0000
0.0000
0.0000
0.0000
0.0000
0.0000
0.0000
0.0000
0.0000
0.0000
0.1188
0.2887
0.4384
0.7226
0.9788
1.0000
1.0000
1.0000
1.0000
1.0000
1.0000
0.1466
0.4355
0.0000
0.0000
0.0000
0.0000
0.0000
0.0000
0.0000
0.0000
0.0000
0.0000
0.0000
0.0000
0.0000
0.0000
0.0000
0.0000
0.0935
0.3074
0.5203
0.7842
0.9821
1.0000
1.0000
1.0000
1.0000
1.0000
1.0000
0.8247
0.0000
0.1468
0.0000
0.0000
0.0000
0.0000
0.0000
0.0000
0.0000
0.0000
0.0000
0.0000
0.0000
0.0000
0.0000
0.0000
0.0000
0.0459
0.2751
0.5539
0.8181
0.9867
1.0000
1.0000
1.0000
1.0000
1.0000
0.9614
0.9282
0.3651
0.0000
0.0002
0.0000
0.0000
0.0000
0.0000
0.0000
0.0000
0.0000
0.0000
0.0000
0.0000
0.0000
0.0000
0.0000
0.0000
0.0036
0.2470
0.5727
0.8394
0.9904
1.0000
1.0000
1.0000
0.9705
0.9592
0.9266
0.8490
0.4821
0.0003
0.0000
0.0000
0.0000
0.0000
0.0000
0.0000
0.0000
0.0000
0.0000
0.0000
0.0000
0.0000
0.0000
0.0000
0.0000
0.0000
0.2321
0.5710
0.8411
0.9988
1.0000
1.0000
0.9938
0.9268
0.9127
0.9003
0.8611
0.5455
0.1483
0.0000
0.0000
0.0000
0.0000
0.0000
0.0000
0.0000
0.0000
0.0000
0.0000
0.0000
0.0000
0.0000
0.0000
0.0000
0.0000
0.2038
0.5464
0.8288
0.9998
1.0000
1.0000
0.9737
0.9011
0.8823
0.8754
0.8594
0.6468
0.2575
0.0090
0.0000
0.0000
0.0000
0.0000
0.0000
0.0000
0.0000
0.0000
0.0000
0.0000
0.0000
0.0000
0.0000
0.0000
0.0000
0.1512
0.5044
0.7987
1.0000
1.0000
1.0000
0.9664
0.8896
0.8662
0.8607
0.8503
0.7168
0.3580
0.0000
0.0000
0.0000
0.0000
0.0000
0.0000
0.0000
0.0000
0.0000
0.0000
0.0000
0.0000
0.0000
0.0000
0.0000
0.0000
0.0771
0.4469
0.7595
1.0000
1.0000
1.0000
0.9715
0.8918
0.8620
0.8576
0.8489
0.7475
0.4378
0.0536
0.0000
0.0000
0.0000
0.0000
0.0000
0.0000
0.0000
0.0000
0.0000
0.0000
0.0000
0.0000
0.0000
0.0000
0.0000
0.0100
0.3749
0.7079
0.9784
1.0000
1.0000
0.9886
0.9075
0.8698
0.8635
0.8542
0.7663
0.4809
0.1365
0.0000
0.0000
0.0000
0.0000
0.0000
0.0000
0.2010
0.1867
0.0347
0.0000
0.0000
0.0000
0.0000
0.0000
0.0056
0.0471
0.3193
0.6458
0.9428
1.0000
1.0000
1.0000
0.9360
0.8895
0.8782
0.8630
0.7749
0.5016
0.1805
0.0000
0.0000
0.0000
0.0000
0.0000
0.0000
0.0000
0.2722
0.2939
0.1872
0.0711
0.1052
0.1453
0.0888
0.1036
0.1758
0.3441
0.6041
0.9015
1.0000
1.0000
1.0000
0.9753
0.9194
0.8998
0.8747
0.7674
0.5000
0.1907
0.0000
0.0000
0.0000
0.0000
0.0000
0.0000
0.0000
0.0000
0.3608
0.4966
0.3561
0.2410
0.2494
0.2492
0.2156
0.2874
0.3801
0.5993
0.8712
1.0000
1.0000
1.0000
1.0000
0.9581
0.9193
0.8877
0.7459
0.4722
0.1686
0.0000
0.0000
0.0000
0.0000
0.0000
0.0000
0.0000
0.0000
0.0000
0.4044
0.5214
0.3887
0.3049
0.2957
0.2650
0.3276
0.4280
0.5808
0.8431
1.0000
1.0000
1.0000
1.0000
0.9989
0.9414
0.8990
0.7102
0.4199
0.1153
0.0000
0.0000
0.0000
0.0000
0.0000
0.0000
0.0000
0.0000
0.0000
0.0000
0.3938
0.5158
0.4436
0.4309
0.3436
0.3042
0.4323
0.5926
0.8027
1.0000
1.0000
1.0000
1.0000
1.0000
0.9650
0.8995
0.6633
0.3457
0.0295
0.0000
0.0000
0.0000
0.0000
0.0000
0.0000
0.0000
0.0000
0.0000
0.0000
0.0000
0.3893
0.3764
0.3298
0.4184
0.3838
0.3986
0.5989
0.8125
1.0000
1.0000
1.0000
1.0000
1.0000
0.9891
0.9024
0.6198
0.2582
0.0000
0.0000
0.0000
0.0000
0.0000
0.0000
0.0000
0.0000
0.0000
0.0000
0.0000
0.0000
0.0000
0.3717
0.2089
0.2972
0.4259
0.4553
0.5585
0.8266
0.9966
1.0000
1.0000
1.0000
1.0000
1.0000
0.9252
0.6020
0.1908
0.0000
0.0000
0.0000
0.0000
0.0000
0.0000
0.0000
0.0000
0.0000
0.0000
0.0000
0.0000
0.0000
0.0000
0.3710
0.1993
0.3303
0.5247
0.6285
0.8049
0.9999
1.0000
1.0000
1.0000
1.0000
0.9979
0.9675
0.6206
0.1710
0.0000
0.0000
0.0000
0.0000
0.0000
0.0000
0.0000
0.0000
0.0000
0.0000
0.0000
0.0000
0.0000
0.0000
0.0000
0.3983
0.2563
0.4538
0.7186
0.8891
1.0000
1.0000
1.0000
1.0000
1.0000
0.9987
0.9972
0.6671
0.2007
0.0000
0.0000
0.0000
0.0000
0.0000
0.0000
0.0000
0.0000
0.0000
0.0000
0.0000
0.0000
0.0000
0.0000
0.0000
0.0000
0.4982
0.4412
0.7067
1.0000
1.0000
1.0000
1.0000
1.0000
1.0000
0.9995
0.9965
0.7174
0.2495
0.0000
0.0000
0.0000
0.0000
0.0000
0.0000
0.0000
0.0000
0.0000
0.0000
0.0000
0.0000
0.0000
0.0000
0.0000
0.0000
0.0000
0.7139
0.8128
1.0000
1.0000
1.0000
1.0000
1.0000
1.0000
0.9995
0.9969
0.7219
0.2680
0.0000
0.0000
0.0000
0.0000
0.0000
0.0000
0.0000
0.0000
0.0000
0.0000
0.0000
0.0000
0.0000
0.0000
0.0000
0.0000
0.0000
0.0000
1.0000
1.0000
1.0000
1.0000
1.0000
1.0000
1.0000
0.9996
0.9893
0.6668
0.2405
0.0000
0.0000
0.0000
0.0000
0.0000
0.0000
0.0000
0.0000
0.0000
0.0000
0.0000
0.0000
0.0000
0.0000
0.0000
0.0000
0.0000
0.0000
0.0000
1.0000
1.0000
1.0000
1.0000
1.0000
1.0000
1.0000
0.9973
0.6337
0.1835
0.0000
0.0000
0.0000
0.0000
0.0000
0.0000
0.0000
0.0000
0.0000
0.0000
0.0000
0.0000
0.0000
0.0000
0.0000
0.0000
0.0000
0.0000
0.0000
0.0000
1.0000
1.0000
1.0000
1.0000
1.0000
1.0000
0.8801
0.4674
0.0400
0.0000
0.0000
0.0000
0.0000
0.0000
0.0000
0.0000
0.0000
0.0000
0.0000
0.0000
0.0000
0.0000
0.0000
0.0000
0.0000
0.0000
0.0000
0.0000
0.0000
0.0000
1.0000
1.0000
1.0000
0.9973
0.6741
0.2082
0.0000
0.0000
0.0000
0.0000
0.0000
0.0000
0.0000
0.0000
0.0000
0.0000
0.0000
0.0000
0.0000
0.0000
0.0000
0.0000
0.0000
0.0000
0.0000
0.0000
0.0000
0.0000
0.0000
0.0000
1.0000
1.0000
1.0000
0.9649
0.5768
0.2804
0.0779
0.0000
0.0000
0.0000
0.0000
0.0000
0.0000
0.0000
0.0000
0.0000
0.0000
0.0000
0.0000
0.0000
0.0000
0.0000
0.0000
0.0000
0.0000
0.0000
0.0000
0.0000
0.0000
0.0000
# OPTIMIZATION PARAMETERS 
# nelx: 30
# nely: 60
# max buckling: 0.31325
# penalization: 1.484
# initial densities: [1. 1. 1. ... 0. 0. 0.]
# FEA MODEL DATA 
# material: {'Ex': 1, 'Ey': 1, 'NUxy': 0.3}
# loads: {'Val': 0.005, 'direction': 'x', 'dof': array([1859, 1921, 1983], dtype=int64)}
# bc: Left Clamped
# 
