# it, buckling[l1, l2, l3, l4, l5], volume, compliance
1.0000 -8.3683 -8.1806 -7.8815 -7.4438 -6.5684 0.3000 2.4477
2.0000 -8.3043 -7.7408 -6.8208 -6.3312 -6.2748 0.3000 2.4174
3.0000 -7.1896 -6.8915 -6.1194 -6.1027 -5.7778 0.3000 2.4533
4.0000 -6.9132 -6.7027 -6.4573 -6.0787 -5.8046 0.3000 2.4939
5.0000 -6.7763 -6.5787 -6.0434 -5.9142 -5.8494 0.3000 2.5054
6.0000 -6.6225 -6.4159 -5.9200 -5.8307 -5.7417 0.3000 2.5650
7.0000 -6.4546 -6.2558 -6.2203 -5.8409 -5.8176 0.3000 2.6509
8.0000 -6.3812 -6.2292 -5.9621 -5.7897 -5.7641 0.3000 2.6752
9.0000 -6.2726 -6.1380 -5.8671 -5.7733 -5.7404 0.3000 2.7057
10.0000 -6.2353 -6.0934 -5.7463 -5.7198 -5.6676 0.3000 2.7028
11.0000 -6.1257 -5.9962 -5.8359 -5.6266 -5.5755 0.3000 2.7426
12.0000 -6.0935 -5.9718 -5.7061 -5.6061 -5.5454 0.3000 2.7495
13.0000 -6.0414 -5.9140 -5.6038 -5.5861 -5.5080 0.3000 2.7644
14.0000 -5.9878 -5.8711 -5.6971 -5.5647 -5.4955 0.3000 2.7836
15.0000 -5.9449 -5.8441 -5.6568 -5.5362 -5.4672 0.3000 2.8123
16.0000 -5.8954 -5.7895 -5.6169 -5.5607 -5.4368 0.3000 2.8111
17.0000 -5.8691 -5.7151 -5.5468 -5.5459 -5.4527 0.3000 2.8074
18.0000 -5.8197 -5.6571 -5.5430 -5.4759 -5.4051 0.3000 2.8215
19.0000 -5.7875 -5.6311 -5.4704 -5.4625 -5.3743 0.3000 2.8255
20.0000 -5.7507 -5.5899 -5.4349 -5.3462 -5.3360 0.3000 2.8355
21.0000 -5.7260 -5.5604 -5.4290 -5.4040 -5.3146 0.3000 2.8363
22.0000 -5.6924 -5.5198 -5.3957 -5.3823 -5.3625 0.3000 2.8390
23.0000 -5.6675 -5.4989 -5.3811 -5.3761 -5.3357 0.3000 2.8442
24.0000 -5.6270 -5.4785 -5.4082 -5.3158 -5.2177 0.3000 2.8571
25.0000 -5.6087 -5.4704 -5.3058 -5.2927 -5.1413 0.3000 2.8446
26.0000 -5.5564 -5.4281 -5.3583 -5.3229 -5.1904 0.3000 2.8246
27.0000 -5.4893 -5.4084 -5.2786 -5.2455 -5.2323 0.3000 2.8038
28.0000 -5.4576 -5.3642 -5.2376 -5.1714 -5.1597 0.3000 2.7947
29.0000 -5.4345 -5.3370 -5.2260 -5.1898 -5.0612 0.3000 2.8007
30.0000 -5.4158 -5.3253 -5.1952 -5.1462 -5.0627 0.3000 2.8068
31.0000 -5.4004 -5.3136 -5.1838 -5.0778 -5.0538 0.3000 2.8018
32.0000 -5.3898 -5.3016 -5.1741 -5.0811 -5.0332 0.3000 2.8018
33.0000 -5.3788 -5.2907 -5.1619 -5.0931 -5.0774 0.3000 2.8068
34.0000 -5.3585 -5.2739 -5.1413 -5.1020 -5.0364 0.3000 2.8178
35.0000 -5.3165 -5.1745 -5.1188 -5.1013 -5.0294 0.3000 2.8327
36.0000 -5.2806 -5.1860 -5.1381 -4.9950 -4.9935 0.3000 2.7756
37.0000 -5.2643 -5.1738 -5.1209 -4.9886 -4.9713 0.3000 2.7786
38.0000 -5.2492 -5.1754 -5.0868 -4.9685 -4.9631 0.3000 2.7829
39.0000 -5.2381 -5.1649 -5.0264 -4.9725 -4.9613 0.3000 2.7786
40.0000 -5.2270 -5.1541 -5.0175 -4.9704 -4.9533 0.3000 2.7822
41.0000 -5.1978 -5.1233 -5.0139 -4.9652 -4.9346 0.3000 2.7785
42.0000 -5.1745 -5.0993 -4.9982 -4.9543 -4.9511 0.3000 2.7990
43.0000 -5.1452 -5.0440 -5.0108 -4.9476 -4.9165 0.3000 2.8290
44.0000 -5.1081 -5.0390 -4.9739 -4.9013 -4.8887 0.3000 2.8085
45.0000 -5.0924 -5.0388 -5.0044 -4.9221 -4.9110 0.3000 2.8056
46.0000 -5.0797 -5.0282 -4.9865 -4.9130 -4.8967 0.3000 2.7964
47.0000 -5.0683 -5.0165 -4.9654 -4.9024 -4.8878 0.3000 2.7952
48.0000 -5.0534 -5.0030 -4.9511 -4.9165 -4.8872 0.3000 2.7984
49.0000 -5.0359 -4.9841 -4.9374 -4.8983 -4.8839 0.3000 2.7961
50.0000 -5.0129 -4.9660 -4.9533 -4.9171 -4.8946 0.3000 2.7776
51.0000 -4.9889 -4.9733 -4.8962 -4.8798 -4.8682 0.3000 2.7618
52.0000 -4.9918 -4.8841 -4.8711 -4.8046 -4.7776 0.3000 2.7658
53.0000 -4.9838 -4.8766 -4.8634 -4.7994 -4.7691 0.3000 2.7710
54.0000 -4.9691 -4.8681 -4.8531 -4.8435 -4.7861 0.3000 2.7743
55.0000 -4.9543 -4.8594 -4.8304 -4.8289 -4.7734 0.3000 2.7803
56.0000 -4.9446 -4.8530 -4.8299 -4.8158 -4.7830 0.3000 2.7877
57.0000 -4.9358 -4.8466 -4.8299 -4.8041 -4.7851 0.3000 2.7902
58.0000 -4.9238 -4.8350 -4.8145 -4.7997 -4.7801 0.3000 2.7929
59.0000 -4.9023 -4.8341 -4.8083 -4.7828 -4.7698 0.3000 2.7994
60.0000 -4.8960 -4.8321 -4.8043 -4.7707 -4.7595 0.3000 2.8003
61.0000 -4.8721 -4.8116 -4.7874 -4.7613 -4.7418 0.3000 2.8167
62.0000 -4.8606 -4.7910 -4.7715 -4.7319 -4.7307 0.3000 2.8034
63.0000 -4.8546 -4.7851 -4.7664 -4.7284 -4.7204 0.3000 2.8022
64.0000 -4.8452 -4.7812 -4.7426 -4.7202 -4.7114 0.3000 2.7981
65.0000 -4.8377 -4.7745 -4.7377 -4.7161 -4.7055 0.3000 2.7995
66.0000 -4.8309 -4.7677 -4.7260 -4.7099 -4.7068 0.3000 2.8021
67.0000 -4.8249 -4.7618 -4.7169 -4.7131 -4.7006 0.3000 2.8020
68.0000 -4.8177 -4.7544 -4.7147 -4.7009 -4.6942 0.3000 2.8023
69.0000 -4.8128 -4.7501 -4.7119 -4.7081 -4.6937 0.3000 2.8016
70.0000 -4.8073 -4.7454 -4.7103 -4.7030 -4.6950 0.3000 2.8000
71.0000 -4.7906 -4.7375 -4.7262 -4.7147 -4.6989 0.3000 2.7892
72.0000 -4.7823 -4.7352 -4.7179 -4.7102 -4.7020 0.3000 2.7884
73.0000 -4.7655 -4.7590 -4.7380 -4.7161 -4.6922 0.3000 2.7866
74.0000 -4.7604 -4.7560 -4.7323 -4.7140 -4.6973 0.3000 2.7881
75.0000 -4.7594 -4.7490 -4.7276 -4.6937 -4.6651 0.3000 2.7869
76.0000 -4.7551 -4.7372 -4.7210 -4.6901 -4.6842 0.3000 2.7840
77.0000 -4.7485 -4.7336 -4.7105 -4.6790 -4.6685 0.3000 2.7893
78.0000 -4.7413 -4.7268 -4.7023 -4.6719 -4.6602 0.3000 2.7946
79.0000 -4.7343 -4.7158 -4.6948 -4.6668 -4.6500 0.3000 2.7957
80.0000 -4.7254 -4.7048 -4.6804 -4.6580 -4.6406 0.3000 2.8060
81.0000 -4.7171 -4.6853 -4.6628 -4.6543 -4.6169 0.3000 2.8168
82.0000 -4.7135 -4.6816 -4.6596 -4.6512 -4.6148 0.3000 2.8176
83.0000 -4.7069 -4.6758 -4.6529 -4.6439 -4.6110 0.3000 2.8202
84.0000 -4.7016 -4.6715 -4.6469 -4.6396 -4.6071 0.3000 2.8176
85.0000 -4.6969 -4.6670 -4.6451 -4.6335 -4.6190 0.3000 2.8186
86.0000 -4.6918 -4.6620 -4.6417 -4.6325 -4.6200 0.3000 2.8221
87.0000 -4.6873 -4.6578 -4.6384 -4.6320 -4.6196 0.3000 2.8209
88.0000 -4.6785 -4.6510 -4.6413 -4.6334 -4.6192 0.3000 2.8275
89.0000 -4.6680 -4.6509 -4.6380 -4.6237 -4.6159 0.3000 2.8269
90.0000 -4.6608 -4.6479 -4.6338 -4.6206 -4.6178 0.3000 2.8337
91.0000 -4.6570 -4.6454 -4.6295 -4.6177 -4.6112 0.3000 2.8347
92.0000 -4.6538 -4.6426 -4.6270 -4.6153 -4.6089 0.3000 2.8424
93.0000 -4.6511 -4.6406 -4.6270 -4.6115 -4.6057 0.3000 2.8498
94.0000 -4.6477 -4.6388 -4.6242 -4.6197 -4.6052 0.3000 2.8590
95.0000 -4.6447 -4.6364 -4.6210 -4.6198 -4.6131 0.3000 2.8662
96.0000 -4.6407 -4.6297 -4.6148 -4.6124 -4.6064 0.3000 2.8793
97.0000 -4.6352 -4.6230 -4.6122 -4.6085 -4.5989 0.3000 2.8831
98.0000 -4.6316 -4.6191 -4.6108 -4.6046 -4.5980 0.3000 2.8778
99.0000 -4.6287 -4.6176 -4.6000 -4.5952 -4.5831 0.3000 2.8772
100.0000 -4.6267 -4.6169 -4.5991 -4.5953 -4.5915 0.3000 2.8808
101.0000 -4.6254 -4.6184 -4.5988 -4.5952 -4.5904 0.2999 2.8831
102.0000 -4.6237 -4.6201 -4.6009 -4.5899 -4.5842 0.2998 2.8869
103.0000 -4.6142 -4.6116 -4.6034 -4.5976 -4.5863 0.2998 2.8992
104.0000 -4.6142 -4.6116 -4.6034 -4.5976 -4.5863 0.2998 2.8992
105.0000 -4.6109 -4.6061 -4.6026 -4.5938 -4.5771 0.2999 2.9020
106.0000 -4.6109 -4.6061 -4.6026 -4.5938 -4.5771 0.2999 2.9020
107.0000 -4.6097 -4.6046 -4.6010 -4.5966 -4.5889 0.2998 2.9045
108.0000 -4.6086 -4.6046 -4.5975 -4.5894 -4.5858 0.2998 2.9063
109.0000 -4.6086 -4.6046 -4.5975 -4.5894 -4.5858 0.2998 2.9063
110.0000 -4.6084 -4.6049 -4.5960 -4.5889 -4.5846 0.2998 2.9056
111.0000 -4.6063 -4.6028 -4.5976 -4.5957 -4.5841 0.2998 2.9048
112.0000 -4.6052 -4.6038 -4.5965 -4.5955 -4.5834 0.2998 2.9076
113.0000 -4.6001 -4.5973 -4.5934 -4.5886 -4.5879 0.2998 2.9108
114.0000 -4.5952 -4.5929 -4.5890 -4.5875 -4.5729 0.2999 2.9141
115.0000 -4.5952 -4.5929 -4.5890 -4.5875 -4.5729 0.2999 2.9141
116.0000 -4.5952 -4.5929 -4.5890 -4.5875 -4.5729 0.2999 2.9141
117.0000 -4.5952 -4.5929 -4.5890 -4.5875 -4.5729 0.2999 2.9141
118.0000 -4.5952 -4.5929 -4.5890 -4.5875 -4.5729 0.2999 2.9141
119.0000 -4.5952 -4.5929 -4.5890 -4.5875 -4.5729 0.2999 2.9141
120.0000 -4.5952 -4.5929 -4.5890 -4.5875 -4.5729 0.2999 2.9141
121.0000 -4.5952 -4.5929 -4.5890 -4.5875 -4.5729 0.2999 2.9141
122.0000 -4.5952 -4.5929 -4.5890 -4.5875 -4.5729 0.2999 2.9141
123.0000 -4.5952 -4.5929 -4.5890 -4.5875 -4.5729 0.2999 2.9141
124.0000 -4.5952 -4.5929 -4.5890 -4.5875 -4.5729 0.2999 2.9141
125.0000 -4.5952 -4.5929 -4.5890 -4.5875 -4.5729 0.2999 2.9141
126.0000 -4.5952 -4.5929 -4.5890 -4.5875 -4.5729 0.2999 2.9141
127.0000 -4.5952 -4.5929 -4.5890 -4.5875 -4.5729 0.2999 2.9141
128.0000 -4.5952 -4.5929 -4.5890 -4.5875 -4.5729 0.2999 2.9141
129.0000 -4.5952 -4.5929 -4.5890 -4.5875 -4.5729 0.2999 2.9141
130.0000 -4.5952 -4.5929 -4.5890 -4.5875 -4.5729 0.2999 2.9141
131.0000 -4.5952 -4.5929 -4.5890 -4.5875 -4.5729 0.2999 2.9141
132.0000 -4.5952 -4.5929 -4.5890 -4.5875 -4.5729 0.2999 2.9141
133.0000 -4.5952 -4.5929 -4.5890 -4.5875 -4.5729 0.2999 2.9141
134.0000 -4.5952 -4.5929 -4.5890 -4.5875 -4.5729 0.2999 2.9141
135.0000 -4.5952 -4.5929 -4.5890 -4.5875 -4.5729 0.2999 2.9141
136.0000 -4.5974 -4.5908 -4.5888 -4.5816 -4.5628 0.2999 2.9121
137.0000 -4.5971 -4.5908 -4.5882 -4.5813 -4.5625 0.2999 2.9120
138.0000 -4.5965 -4.5894 -4.5814 -4.5777 -4.5614 0.2999 2.9112
139.0000 -4.5958 -4.5884 -4.5824 -4.5789 -4.5655 0.2999 2.9129
140.0000 -4.5952 -4.5880 -4.5834 -4.5740 -4.5640 0.2999 2.9135
141.0000 -4.5940 -4.5879 -4.5816 -4.5747 -4.5617 0.2999 2.9143
142.0000 -4.5936 -4.5874 -4.5817 -4.5751 -4.5612 0.2999 2.9145
143.0000 -4.5928 -4.5865 -4.5811 -4.5746 -4.5608 0.2999 2.9143
144.0000 -4.5923 -4.5863 -4.5809 -4.5751 -4.5672 0.2999 2.9141
145.0000 -4.5918 -4.5859 -4.5808 -4.5755 -4.5674 0.2999 2.9135
146.0000 -4.5905 -4.5837 -4.5811 -4.5732 -4.5696 0.2999 2.9126
147.0000 -4.5870 -4.5821 -4.5814 -4.5765 -4.5635 0.2999 2.9127
148.0000 -4.5845 -4.5837 -4.5778 -4.5749 -4.5694 0.2999 2.9117
149.0000 -4.5841 -4.5832 -4.5777 -4.5739 -4.5691 0.2999 2.9113
# OPTIMIZATION PARAMETERS 
# nelx: 30
# nely: 60
# max buckling: 0.25
# penalization: 3.0
# initial densities: [1. 1. 1. ... 0. 0. 0.]
# FEA MODEL DATA 
# material: {'Ex': 0.2, 'Ey': 1, 'NUxy': 0.3}
# loads: {'Val': 0.005, 'direction': 'x', 'dof': array([1859, 1921, 1983], dtype=int64)}
# bc: Left Clamped
# 
