# it, buckling[l1, l2, l3, l4, l5], volume, compliance
1.0000 -4.2882 -3.9984 -3.5603 -3.4955 -3.1701 0.3000 0.8197
2.0000 -4.6021 -4.1010 -3.5120 -3.2884 -3.0001 0.3000 0.8919
3.0000 -3.0419 -2.8965 -2.6577 -2.4106 -2.3761 0.3000 0.8579
4.0000 -2.9735 -2.8483 -2.6373 -2.4186 -2.3836 0.3000 0.8956
5.0000 -2.9343 -2.7989 -2.6085 -2.4102 -2.3811 0.3000 0.9224
6.0000 -2.8782 -2.7613 -2.4780 -2.4067 -2.3985 0.3000 0.9611
7.0000 -2.8520 -2.7412 -2.5223 -2.4805 -2.4183 0.3000 0.9709
8.0000 -2.8321 -2.7262 -2.5143 -2.4778 -2.4260 0.3000 0.9780
9.0000 -2.7151 -2.6170 -2.5565 -2.4549 -2.4246 0.3000 0.9927
10.0000 -2.6960 -2.6407 -2.5639 -2.5059 -2.4653 0.3000 0.9944
11.0000 -2.6847 -2.6311 -2.5599 -2.4847 -2.4615 0.3000 0.9978
12.0000 -2.6767 -2.6234 -2.5398 -2.4784 -2.4467 0.3000 1.0050
13.0000 -2.6698 -2.6184 -2.5070 -2.4700 -2.4524 0.3000 1.0114
14.0000 -2.6624 -2.6129 -2.5988 -2.5063 -2.5017 0.3000 1.0236
15.0000 -2.6599 -2.6173 -2.5805 -2.5171 -2.4732 0.3000 1.0264
16.0000 -2.6540 -2.6122 -2.5544 -2.5087 -2.4693 0.3000 1.0326
17.0000 -2.6423 -2.6030 -2.5624 -2.5387 -2.4562 0.3000 1.0507
18.0000 -2.6383 -2.5986 -2.5533 -2.5308 -2.4466 0.3000 1.0540
19.0000 -2.6338 -2.5945 -2.5409 -2.5221 -2.4437 0.3000 1.0577
20.0000 -2.6285 -2.5898 -2.5321 -2.5175 -2.4424 0.3000 1.0607
21.0000 -2.6183 -2.5798 -2.5145 -2.5070 -2.4231 0.3000 1.0737
22.0000 -2.6075 -2.5679 -2.5584 -2.4928 -2.4181 0.3000 1.0809
23.0000 -2.6019 -2.5646 -2.5565 -2.4962 -2.4233 0.3000 1.0811
24.0000 -2.5983 -2.5620 -2.5522 -2.4988 -2.4334 0.3000 1.0835
25.0000 -2.5773 -2.5440 -2.5253 -2.4620 -2.4015 0.3000 1.0895
26.0000 -2.5732 -2.5391 -2.5244 -2.4585 -2.4013 0.3000 1.0888
27.0000 -2.5669 -2.5552 -2.5459 -2.4490 -2.3827 0.3000 1.0945
28.0000 -2.5633 -2.5603 -2.5435 -2.4554 -2.4117 0.3000 1.0975
29.0000 -2.5595 -2.5396 -2.5256 -2.4456 -2.4023 0.3000 1.0983
30.0000 -2.5558 -2.5355 -2.5235 -2.4325 -2.3969 0.3000 1.1041
31.0000 -2.5526 -2.5328 -2.5213 -2.4366 -2.4056 0.3000 1.1080
32.0000 -2.5433 -2.5246 -2.4951 -2.4552 -2.3969 0.3000 1.1149
33.0000 -2.5334 -2.5145 -2.4815 -2.4508 -2.3872 0.3000 1.1166
34.0000 -2.5277 -2.5135 -2.4574 -2.4420 -2.3905 0.3000 1.1195
35.0000 -2.5236 -2.5088 -2.4697 -2.4305 -2.3796 0.3000 1.1219
36.0000 -2.5212 -2.5072 -2.4685 -2.4290 -2.3747 0.3000 1.1253
37.0000 -2.5189 -2.5050 -2.4661 -2.4265 -2.3736 0.3000 1.1295
38.0000 -2.5165 -2.5025 -2.4641 -2.4253 -2.3735 0.3000 1.1327
39.0000 -2.5103 -2.4953 -2.4513 -2.4176 -2.3672 0.3000 1.1394
40.0000 -2.5045 -2.4907 -2.4494 -2.4192 -2.3909 0.3000 1.1526
41.0000 -2.5001 -2.4859 -2.4510 -2.4140 -2.3765 0.3000 1.1574
42.0000 -2.4973 -2.4832 -2.4468 -2.4108 -2.3677 0.3000 1.1600
43.0000 -2.4942 -2.4802 -2.4432 -2.4025 -2.3611 0.3000 1.1633
44.0000 -2.4903 -2.4766 -2.4453 -2.3781 -2.3534 0.3000 1.1640
45.0000 -2.4879 -2.4745 -2.4392 -2.3733 -2.3553 0.3000 1.1701
46.0000 -2.4860 -2.4725 -2.4342 -2.3742 -2.3661 0.3000 1.1739
47.0000 -2.4807 -2.4669 -2.4288 -2.3895 -2.3729 0.3000 1.1782
48.0000 -2.4788 -2.4651 -2.4264 -2.3877 -2.3730 0.3000 1.1801
49.0000 -2.4696 -2.4647 -2.4330 -2.3969 -2.3895 0.3000 1.1968
50.0000 -2.4718 -2.4411 -2.4317 -2.3687 -2.3303 0.3000 1.2003
51.0000 -2.4665 -2.4420 -2.4219 -2.3718 -2.3474 0.3000 1.2062
52.0000 -2.4639 -2.4403 -2.4225 -2.3708 -2.3501 0.3000 1.2082
53.0000 -2.4614 -2.4390 -2.4229 -2.3682 -2.3591 0.3000 1.2116
54.0000 -2.4592 -2.4377 -2.4203 -2.3687 -2.3595 0.3000 1.2130
55.0000 -2.4568 -2.4364 -2.4165 -2.3715 -2.3612 0.3000 1.2163
56.0000 -2.4551 -2.4349 -2.4145 -2.3722 -2.3675 0.3000 1.2197
57.0000 -2.4538 -2.4336 -2.4129 -2.3726 -2.3674 0.3000 1.2221
58.0000 -2.4461 -2.4328 -2.4190 -2.3936 -2.3634 0.3000 1.2247
59.0000 -2.4447 -2.4277 -2.4160 -2.3644 -2.3595 0.3000 1.2275
60.0000 -2.4423 -2.4341 -2.4082 -2.3715 -2.3583 0.3000 1.2326
61.0000 -2.4411 -2.4334 -2.4090 -2.3662 -2.3594 0.3000 1.2381
62.0000 -2.4402 -2.4327 -2.4088 -2.3681 -2.3607 0.3000 1.2407
63.0000 -2.4392 -2.4319 -2.4085 -2.3687 -2.3604 0.3000 1.2438
64.0000 -2.4384 -2.4316 -2.4073 -2.3689 -2.3645 0.3000 1.2469
65.0000 -2.4377 -2.4309 -2.4062 -2.3694 -2.3641 0.3000 1.2495
66.0000 -2.4372 -2.4302 -2.4048 -2.3692 -2.3635 0.3000 1.2530
67.0000 -2.4366 -2.4297 -2.4033 -2.3684 -2.3626 0.3000 1.2563
68.0000 -2.4366 -2.4297 -2.4033 -2.3684 -2.3626 0.3000 1.2563
69.0000 -2.4357 -2.4284 -2.3992 -2.3687 -2.3600 0.3000 1.2617
70.0000 -2.4341 -2.4280 -2.3969 -2.3699 -2.3665 0.3000 1.2659
71.0000 -2.4320 -2.4254 -2.3934 -2.3693 -2.3635 0.3000 1.2780
72.0000 -2.4316 -2.4250 -2.3936 -2.3676 -2.3637 0.3000 1.2775
73.0000 -2.4310 -2.4245 -2.3929 -2.3652 -2.3639 0.3000 1.2790
74.0000 -2.4306 -2.4240 -2.3937 -2.3685 -2.3631 0.3000 1.2809
75.0000 -2.4303 -2.4237 -2.3932 -2.3692 -2.3631 0.3000 1.2819
76.0000 -2.4297 -2.4226 -2.3897 -2.3687 -2.3624 0.3000 1.2872
77.0000 -2.4297 -2.4226 -2.3894 -2.3685 -2.3624 0.3000 1.2877
78.0000 -2.4294 -2.4223 -2.3871 -2.3668 -2.3623 0.3000 1.2905
79.0000 -2.4293 -2.4222 -2.3861 -2.3664 -2.3612 0.3000 1.2912
80.0000 -2.4290 -2.4218 -2.3865 -2.3693 -2.3612 0.3000 1.2909
81.0000 -2.4286 -2.4217 -2.3857 -2.3698 -2.3587 0.3000 1.2898
82.0000 -2.4286 -2.4217 -2.3857 -2.3698 -2.3587 0.3000 1.2898
83.0000 -2.4283 -2.4215 -2.3852 -2.3701 -2.3574 0.3000 1.2904
84.0000 -2.4276 -2.4213 -2.3850 -2.3696 -2.3634 0.3000 1.2930
85.0000 -2.4274 -2.4211 -2.3847 -2.3698 -2.3635 0.3000 1.2937
86.0000 -2.4269 -2.4211 -2.3854 -2.3731 -2.3648 0.3000 1.2942
87.0000 -2.4266 -2.4209 -2.3867 -2.3788 -2.3629 0.3000 1.2934
88.0000 -2.4265 -2.4209 -2.3874 -2.3798 -2.3616 0.3000 1.2938
89.0000 -2.4263 -2.4206 -2.3876 -2.3810 -2.3618 0.3000 1.2939
90.0000 -2.4263 -2.4198 -2.3887 -2.3820 -2.3610 0.3000 1.2950
91.0000 -2.4260 -2.4198 -2.3929 -2.3758 -2.3611 0.3000 1.2936
92.0000 -2.4258 -2.4197 -2.3934 -2.3782 -2.3617 0.3000 1.2928
93.0000 -2.4257 -2.4197 -2.3935 -2.3781 -2.3621 0.3000 1.2924
94.0000 -2.4256 -2.4197 -2.3939 -2.3783 -2.3623 0.3000 1.2928
95.0000 -2.4256 -2.4196 -2.3933 -2.3775 -2.3628 0.3000 1.2937
96.0000 -2.4256 -2.4193 -2.3945 -2.3773 -2.3635 0.3000 1.2946
97.0000 -2.4255 -2.4192 -2.3946 -2.3772 -2.3636 0.3000 1.2947
98.0000 -2.4255 -2.4191 -2.3944 -2.3771 -2.3636 0.3000 1.2948
99.0000 -2.4254 -2.4191 -2.3941 -2.3769 -2.3637 0.3000 1.2959
100.0000 -2.4254 -2.4189 -2.3943 -2.3776 -2.3642 0.3000 1.2975
101.0000 -2.4254 -2.4184 -2.3936 -2.3765 -2.3643 0.3000 1.2970
102.0000 -2.4253 -2.4184 -2.3938 -2.3766 -2.3644 0.3000 1.2973
103.0000 -2.4253 -2.4178 -2.3924 -2.3757 -2.3643 0.3000 1.2999
104.0000 -2.4253 -2.4177 -2.3924 -2.3754 -2.3646 0.3000 1.2998
105.0000 -2.4252 -2.4176 -2.3934 -2.3753 -2.3647 0.3000 1.2997
106.0000 -2.4252 -2.4176 -2.3939 -2.3746 -2.3652 0.3000 1.2992
107.0000 -2.4251 -2.4175 -2.3933 -2.3743 -2.3652 0.3000 1.3012
108.0000 -2.4251 -2.4173 -2.3931 -2.3742 -2.3652 0.3000 1.3004
109.0000 -2.4251 -2.4174 -2.3934 -2.3749 -2.3653 0.3000 1.2999
110.0000 -2.4251 -2.4174 -2.3934 -2.3749 -2.3653 0.3000 1.3000
111.0000 -2.4250 -2.4173 -2.3932 -2.3746 -2.3653 0.3000 1.3010
112.0000 -2.4250 -2.4173 -2.3929 -2.3739 -2.3653 0.3000 1.3018
113.0000 -2.4249 -2.4172 -2.3945 -2.3738 -2.3655 0.3000 1.3024
114.0000 -2.4248 -2.4171 -2.3967 -2.3742 -2.3656 0.3000 1.3018
115.0000 -2.4248 -2.4171 -2.3967 -2.3745 -2.3657 0.3000 1.3023
116.0000 -2.4247 -2.4171 -2.3962 -2.3745 -2.3660 0.3000 1.3054
117.0000 -2.4247 -2.4171 -2.3961 -2.3754 -2.3685 0.3000 1.3050
118.0000 -2.4246 -2.4171 -2.3957 -2.3780 -2.3715 0.3000 1.3055
119.0000 -2.4245 -2.4170 -2.3968 -2.3783 -2.3717 0.3000 1.3052
120.0000 -2.4244 -2.4168 -2.3963 -2.3776 -2.3716 0.3000 1.3072
121.0000 -2.4244 -2.4168 -2.3963 -2.3776 -2.3716 0.3000 1.3072
122.0000 -2.4244 -2.4168 -2.3963 -2.3776 -2.3716 0.3000 1.3072
123.0000 -2.4244 -2.4168 -2.3961 -2.3772 -2.3714 0.3000 1.3073
124.0000 -2.4243 -2.4168 -2.3943 -2.3808 -2.3705 0.3000 1.3099
125.0000 -2.4241 -2.4164 -2.3954 -2.3855 -2.3705 0.3000 1.3114
126.0000 -2.4240 -2.4164 -2.3952 -2.3851 -2.3711 0.3000 1.3126
127.0000 -2.4240 -2.4163 -2.3963 -2.3758 -2.3707 0.3000 1.3129
128.0000 -2.4240 -2.4163 -2.3963 -2.3758 -2.3707 0.3000 1.3129
129.0000 -2.4240 -2.4163 -2.3963 -2.3758 -2.3707 0.3000 1.3129
130.0000 -2.4239 -2.4163 -2.3962 -2.3752 -2.3704 0.3000 1.3154
131.0000 -2.4236 -2.4162 -2.3952 -2.3761 -2.3711 0.3000 1.3186
132.0000 -2.4235 -2.4162 -2.3956 -2.3763 -2.3710 0.3000 1.3181
133.0000 -2.4235 -2.4162 -2.3956 -2.3763 -2.3710 0.3000 1.3181
134.0000 -2.4232 -2.4154 -2.3965 -2.3807 -2.3701 0.3000 1.3178
135.0000 -2.4231 -2.4151 -2.3970 -2.3817 -2.3701 0.3000 1.3174
136.0000 -2.4230 -2.4150 -2.3969 -2.3816 -2.3701 0.3000 1.3183
137.0000 -2.4230 -2.4150 -2.3969 -2.3816 -2.3701 0.3000 1.3183
138.0000 -2.4228 -2.4149 -2.3982 -2.3827 -2.3703 0.3000 1.3220
139.0000 -2.4227 -2.4150 -2.3985 -2.3816 -2.3707 0.3000 1.3219
140.0000 -2.4227 -2.4150 -2.3985 -2.3816 -2.3707 0.3000 1.3219
141.0000 -2.4225 -2.4148 -2.3987 -2.3811 -2.3704 0.3000 1.3215
142.0000 -2.4224 -2.4148 -2.3992 -2.3806 -2.3705 0.3000 1.3206
143.0000 -2.4224 -2.4148 -2.3992 -2.3806 -2.3705 0.3000 1.3206
144.0000 -2.4224 -2.4148 -2.3992 -2.3806 -2.3705 0.3000 1.3206
145.0000 -2.4223 -2.4148 -2.4000 -2.3803 -2.3702 0.3000 1.3233
146.0000 -2.4222 -2.4150 -2.4013 -2.3814 -2.3703 0.3000 1.3243
147.0000 -2.4222 -2.4150 -2.4013 -2.3814 -2.3703 0.3000 1.3243
148.0000 -2.4221 -2.4150 -2.4009 -2.3807 -2.3704 0.3000 1.3233
149.0000 -2.4221 -2.4150 -2.4009 -2.3807 -2.3704 0.3000 1.3233
150.0000 -2.4221 -2.4150 -2.4009 -2.3807 -2.3704 0.3000 1.3233
# OPTIMIZATION PARAMETERS 
# nelx: 30
# nely: 60
# max buckling: 0.49
# penalization: 3.0
# initial densities: [0.3467 0.298  0.238  ... 0.     0.     0.    ]
# FEA MODEL DATA 
# material: {'Ex': 1, 'Ey': 0.2, 'NUxy': 0.3}
# loads: {'Val': 0.005, 'direction': 'x', 'dof': array([1859, 1921, 1983], dtype=int64)}
# bc: Left Clamped
# 
