# densities
1.0000
1.0000
1.0000
1.0000
1.0000
0.7213
0.0013
0.0000
0.0000
0.0000
0.0000
0.0000
0.0000
0.0000
0.0000
0.0000
0.0000
0.0000
0.0000
0.0000
0.0000
0.0000
0.0000
0.0000
0.0000
0.0000
0.0000
0.0000
0.0000
0.0000
1.0000
1.0000
1.0000
1.0000
1.0000
1.0000
0.3805
0.0014
0.0000
0.0000
0.0000
0.0000
0.0000
0.0000
0.0000
0.0000
0.0000
0.0000
0.0000
0.0000
0.0000
0.0000
0.0000
0.0000
0.0000
0.0000
0.0000
0.0000
0.0000
0.0000
1.0000
1.0000
1.0000
1.0000
1.0000
1.0000
1.0000
1.0000
0.6741
0.0000
0.0000
0.0000
0.0000
0.0000
0.0000
0.0000
0.0000
0.0000
0.0000
0.0000
0.0000
0.0000
0.0000
0.0000
0.0000
0.0000
0.0000
0.0000
0.0000
0.0000
0.0010
0.0049
0.9963
1.0000
1.0000
1.0000
1.0000
1.0000
1.0000
0.9999
0.0017
0.0000
0.0000
0.0000
0.0000
0.0000
0.0000
0.0000
0.0000
0.0000
0.0000
0.0000
0.0000
0.0000
0.0000
0.0000
0.0000
0.0000
0.0000
0.0000
0.0000
0.0000
0.0000
0.0029
0.9823
1.0000
1.0000
1.0000
1.0000
1.0000
1.0000
0.1149
0.0000
0.0000
0.0000
0.0000
0.0000
0.0000
0.0000
0.0000
0.0000
0.0000
0.0000
0.0000
0.0000
0.0000
0.0000
0.0000
0.0000
0.0000
0.0000
0.0000
0.0000
0.0000
0.0000
0.0036
0.9985
1.0000
1.0000
1.0000
1.0000
1.0000
0.7931
0.0000
0.0000
0.0000
0.0000
0.0000
0.0000
0.0000
0.0000
0.0000
0.0000
0.0000
0.0000
0.0000
0.0000
0.0000
0.0000
0.0000
0.0000
0.0000
0.0000
0.0000
0.0000
0.0000
0.0005
0.1741
1.0000
1.0000
1.0000
1.0000
1.0000
0.9998
0.0000
0.0000
0.0000
0.0000
0.0000
0.0000
0.0000
0.0000
0.0000
0.0000
0.0000
0.0000
0.0000
0.0000
0.0000
0.0000
0.0000
0.0000
0.0000
0.0000
0.0000
0.0000
0.0000
0.0000
0.0035
0.9968
1.0000
1.0000
1.0000
1.0000
1.0000
0.0012
0.0000
0.0000
0.0000
0.0000
0.0000
0.0000
0.0000
0.0000
0.0000
0.0000
0.0000
0.0000
0.0000
0.0000
0.0000
0.0000
0.0000
0.0000
0.0000
0.0000
0.0000
0.0000
0.0000
0.0012
0.8309
1.0000
1.0000
1.0000
1.0000
1.0000
0.0034
0.0000
0.0000
0.0000
0.0000
0.0000
0.0000
0.0000
0.0000
0.0000
0.0000
0.0000
0.0000
0.0000
0.0000
0.0000
0.0000
0.0000
0.0000
0.0000
0.0000
0.0000
0.0000
0.0000
0.0003
0.1642
1.0000
1.0000
1.0000
1.0000
0.9999
0.0111
0.0000
0.0000
0.0000
0.0000
0.0000
0.0000
0.0000
0.0000
0.0000
0.0000
0.0000
0.0000
0.0000
0.0000
0.0000
0.0000
0.0000
0.0000
0.0000
0.0000
0.0000
0.0000
0.0000
0.0000
0.0135
1.0000
1.0000
1.0000
1.0000
0.9998
0.0231
0.0000
0.0000
0.0000
0.0000
0.0000
0.0000
0.0000
0.0000
0.0000
0.0000
0.0000
0.0000
0.0000
0.0000
0.0000
0.0000
0.0000
0.0000
0.0000
0.0000
0.0000
0.0000
0.0000
0.0000
0.0040
1.0000
1.0000
1.0000
1.0000
0.9999
0.0111
0.0000
0.0000
0.0000
0.0000
0.0000
0.0000
0.0000
0.0000
0.0000
0.0000
0.0000
0.0000
0.0000
0.0000
0.0000
0.0000
0.0000
0.0000
0.0000
0.0000
0.0000
0.0000
0.0000
0.0000
0.0022
1.0000
1.0000
1.0000
1.0000
0.9998
0.0039
0.0000
0.0000
0.0000
0.0000
0.0000
0.0000
0.0000
0.0000
0.0000
0.0000
0.0000
0.0000
0.0000
0.0000
0.0000
0.0000
0.0000
0.0000
0.0000
0.0000
0.0000
0.0000
0.0000
0.0000
0.0016
1.0000
1.0000
1.0000
1.0000
0.9999
0.0024
0.0000
0.0000
0.0000
0.0000
0.0000
0.0000
0.0000
0.0000
0.0000
0.0000
0.0000
0.0000
0.0000
0.0000
0.0000
0.0000
0.0000
0.0000
0.0000
0.0000
0.0000
0.0000
0.0000
0.0000
0.0015
1.0000
1.0000
1.0000
1.0000
0.9996
0.0016
0.0000
0.0000
0.0000
0.0000
0.0000
0.0000
0.0000
0.0000
0.0000
0.0000
0.0000
0.0000
0.0000
0.0000
0.0000
0.0000
0.0000
0.0000
0.0000
0.0000
0.0000
0.0000
0.0000
0.0000
0.0021
1.0000
1.0000
1.0000
1.0000
0.9964
0.0013
0.0000
0.0000
0.0000
0.0000
0.0000
0.0000
0.0000
0.0000
0.0000
0.0000
0.0000
0.0000
0.0000
0.0000
0.0000
0.0000
0.0000
0.0000
0.0000
0.0000
0.0000
0.0000
0.0000
0.0000
0.0114
1.0000
1.0000
1.0000
0.9999
0.9941
0.0153
0.0000
0.0000
0.0000
0.0000
0.0000
0.0000
0.0000
0.0000
0.0000
0.0000
0.0000
0.0000
0.0000
0.0000
0.0000
0.0000
0.0000
0.0000
0.0000
0.0000
0.0000
0.0000
0.0000
0.0000
0.0164
1.0000
1.0000
1.0000
0.9998
0.9978
0.5563
0.0001
0.0000
0.0000
0.0000
0.0000
0.0000
0.0000
0.0000
0.0000
0.0000
0.0000
0.0000
0.0000
0.0000
0.0000
0.0000
0.0000
0.0000
0.0000
0.0000
0.0000
0.0000
0.0000
0.0000
0.1884
1.0000
1.0000
1.0000
0.9999
0.9999
0.9885
0.0000
0.0000
0.0000
0.0000
0.0000
0.0000
0.0000
0.0000
0.0000
0.0000
0.0000
0.0000
0.0000
0.0000
0.0000
0.0000
0.0000
0.0000
0.0000
0.0000
0.0000
0.0000
0.0000
0.0002
1.0000
0.5519
1.0000
1.0000
1.0000
0.9999
0.9490
0.0000
0.0000
0.0000
0.0000
0.0000
0.0000
0.0000
0.0000
0.0000
0.0000
0.0000
0.0000
0.0000
0.0000
0.0000
0.0000
0.0000
0.0000
0.0000
0.0000
0.0000
0.0000
0.0000
1.0000
0.0018
0.8677
0.9344
1.0000
1.0000
1.0000
0.8570
0.0008
0.0000
0.0000
0.0000
0.0000
0.0000
0.0000
0.0000
0.0000
0.0000
0.0000
0.0000
0.0000
0.0000
0.0000
0.0000
0.0000
0.0000
0.0000
0.0000
0.0000
0.0000
1.0000
0.0001
0.9307
0.0036
0.9931
1.0000
1.0000
1.0000
1.0000
0.0000
0.0000
0.0000
0.0000
0.0000
0.0000
0.0000
0.0000
0.0000
0.0000
0.0000
0.0000
0.0000
0.0000
0.0000
0.0000
0.0000
0.0000
0.0000
0.0000
0.0000
0.9984
0.0000
1.0000
0.0011
0.6029
0.0505
1.0000
1.0000
1.0000
0.0000
0.0000
0.0000
0.0000
0.0000
0.0000
0.0000
0.0000
0.0000
0.0000
0.0000
0.0000
0.0000
0.0000
0.0000
0.0000
0.0000
0.0000
0.0000
0.0000
0.0000
0.6084
0.0010
1.0000
0.0146
0.0034
0.0038
0.6994
1.0000
1.0000
0.0000
0.0000
0.0000
0.0000
0.0000
0.0000
0.0000
0.0000
0.0000
0.0000
0.0000
0.0000
0.0000
0.0000
0.0000
0.0000
0.0000
0.0000
0.0000
0.0000
0.0000
0.0007
0.0000
0.9976
0.9867
0.3918
0.0023
0.9999
1.0000
1.0000
0.0000
0.0000
0.0000
0.0000
0.0000
0.0000
0.0000
0.0000
0.0000
0.0000
0.0000
0.0000
0.0000
0.0000
0.0000
0.0000
0.0000
0.0000
0.0000
0.0000
0.0000
0.0001
0.0001
0.1917
0.0142
0.0001
0.0001
1.0000
1.0000
1.0000
0.0000
0.0000
0.0000
0.0000
0.0000
0.0000
0.0000
0.0000
0.0000
0.0000
0.0000
0.0000
0.0000
0.0000
0.0000
0.0000
0.0000
0.0000
0.0000
0.0000
0.0000
0.0002
0.0006
0.9794
0.9990
0.9693
0.9994
1.0000
1.0000
1.0000
0.0000
0.0000
0.0000
0.0000
0.0000
0.0000
0.0000
0.0000
0.0000
0.0000
0.0000
0.0000
0.0000
0.0000
0.0000
0.0000
0.0000
0.0000
0.0000
0.0000
0.0001
0.9183
0.9998
1.0000
0.9740
0.8641
0.9994
1.0000
1.0000
1.0000
0.0000
0.0000
0.0000
0.0000
0.0000
0.0000
0.0000
0.0000
0.0000
0.0000
0.0000
0.0000
0.0000
0.0000
0.0000
0.0000
0.0000
0.0000
0.3037
0.9770
0.9752
1.0000
1.0000
1.0000
1.0000
1.0000
1.0000
1.0000
1.0000
1.0000
0.0000
0.0000
0.0000
0.0000
0.0000
0.0000
0.0000
0.0000
0.0000
0.0000
0.0000
0.0000
0.0000
0.0075
0.0098
0.3077
0.8356
0.9963
0.9994
1.0000
1.0000
1.0000
1.0000
1.0000
1.0000
1.0000
1.0000
1.0000
1.0000
1.0000
0.0000
0.0000
0.0000
0.0000
0.0000
0.0000
0.0000
0.0000
0.0000
0.0000
0.0000
0.0145
0.3259
0.8384
0.9607
0.9966
0.9953
0.9996
1.0000
1.0000
1.0000
1.0000
1.0000
1.0000
1.0000
1.0000
1.0000
1.0000
1.0000
1.0000
0.0000
0.0000
0.0000
0.0000
0.0000
0.0000
0.0000
0.0000
0.0000
0.0068
0.6831
0.9407
0.9737
0.9966
0.9949
0.9985
0.9997
1.0000
1.0000
1.0000
1.0000
1.0000
1.0000
1.0000
1.0000
1.0000
1.0000
1.0000
1.0000
1.0000
0.0000
0.0000
0.0000
0.0000
0.0000
0.0000
0.0000
0.0000
0.8466
0.9604
0.9845
0.9920
0.9953
0.9984
0.9996
0.9999
1.0000
1.0000
1.0000
1.0000
1.0000
1.0000
1.0000
1.0000
1.0000
1.0000
1.0000
1.0000
1.0000
1.0000
0.0000
0.0000
0.0000
0.0000
0.0000
0.0000
0.7130
0.9542
0.9934
0.9937
0.9983
0.9984
0.9994
0.9996
0.9999
0.9999
1.0000
1.0000
1.0000
0.6972
0.9492
1.0000
1.0000
1.0000
1.0000
1.0000
1.0000
1.0000
0.0000
0.7306
0.0075
0.0047
0.0000
0.0000
0.3161
0.9206
0.9832
0.9923
0.9958
0.9988
0.9992
0.9996
0.9999
0.9999
0.9999
1.0000
1.0000
1.0000
1.0000
0.9998
0.9953
1.0000
1.0000
1.0000
1.0000
1.0000
1.0000
0.0001
0.0000
0.0000
0.0152
0.3148
0.7423
0.9206
0.9687
0.9966
0.9957
0.9986
0.9992
0.9996
0.9999
0.9999
0.9830
0.9860
0.7304
0.7821
0.8637
0.4275
0.0579
0.0513
0.7616
0.9996
1.0000
1.0000
1.0000
1.0000
0.9993
0.0000
0.0000
0.0000
0.9091
0.9737
0.9967
0.9923
0.9952
0.9995
0.9988
0.9994
0.9999
0.9999
1.0000
0.9998
0.9853
0.9668
0.6810
0.9863
0.9995
1.0000
0.9969
0.9930
0.9769
0.9981
1.0000
1.0000
1.0000
1.0000
0.9768
0.0002
0.0000
0.0000
0.9908
0.9955
0.9953
0.9984
0.9985
0.9992
0.9996
0.9999
0.9999
0.9998
0.9998
0.6269
0.7128
0.9492
0.7186
0.3152
0.1312
0.0691
0.3313
0.7136
0.9773
0.9999
1.0000
1.0000
1.0000
0.9994
0.0006
0.0000
0.0000
0.0000
0.4841
0.9823
0.9990
0.9992
0.9996
0.9999
0.9999
1.0000
0.9998
1.0000
1.0000
0.8874
0.2642
0.3536
0.9791
0.9977
0.9991
0.9985
0.9966
0.9909
0.9917
1.0000
1.0000
1.0000
1.0000
0.6170
0.0001
0.0000
0.0000
0.0000
0.1079
0.9946
0.9996
0.9999
0.9999
0.9999
0.9998
1.0000
0.9999
0.9999
1.0000
0.9951
0.9610
0.9549
0.6527
0.1140
0.2195
0.7793
0.9806
0.9981
0.9998
1.0000
1.0000
0.9932
0.9766
0.0001
0.0000
0.0000
0.0000
0.0000
0.8204
0.9918
0.9999
0.9999
0.9998
0.9998
1.0000
1.0000
1.0000
1.0000
1.0000
0.9984
0.9962
0.9966
0.9999
1.0000
1.0000
0.9997
0.9992
1.0000
1.0000
1.0000
0.9932
0.9472
0.0009
0.0001
0.0000
0.0000
0.0000
0.0000
0.9934
0.9999
0.9998
0.9998
0.9998
0.9999
1.0000
0.9999
1.0000
1.0000
1.0000
0.9861
0.8802
0.7267
0.6269
0.9202
0.9960
0.9982
0.9993
1.0000
1.0000
0.9932
0.5223
0.0015
0.0001
0.0000
0.0000
0.0000
0.0000
0.0000
0.9946
1.0000
1.0000
0.9999
1.0000
0.9999
1.0000
1.0000
1.0000
0.9818
0.9928
0.9931
0.9932
0.9930
1.0000
0.9999
0.9999
1.0000
1.0000
1.0000
0.7948
0.0283
0.0014
0.0000
0.0000
0.0000
0.0000
0.0000
0.0000
0.0000
0.9998
1.0000
1.0000
1.0000
1.0000
1.0000
1.0000
0.9924
0.8860
0.5687
0.2768
0.0325
0.0130
0.0078
0.0201
0.0115
0.0382
0.6288
0.9524
0.0562
0.0046
0.0015
0.0002
0.0001
0.0000
0.0000
0.0000
0.0000
0.0000
0.0000
0.9999
1.0000
1.0000
1.0000
1.0000
1.0000
0.9856
0.9839
0.9577
0.8508
0.9671
0.9673
0.9889
0.9759
0.9924
0.8935
0.7495
0.2727
0.0053
0.0044
0.0007
0.0001
0.0002
0.0001
0.0000
0.0000
0.0000
0.0000
0.0000
0.0000
0.9977
1.0000
1.0000
1.0000
1.0000
0.9613
0.6822
0.3994
0.1850
0.2365
0.0838
0.0206
0.0017
0.0035
0.0015
0.0007
0.0034
0.0045
0.0007
0.0005
0.0002
0.0002
0.0000
0.0000
0.0000
0.0000
0.0000
0.0000
0.0000
0.0000
0.9931
1.0000
1.0000
1.0000
0.9918
0.9986
0.9915
0.9069
0.9307
0.7711
0.9009
0.8974
0.0535
0.3146
0.0187
0.0350
0.0025
0.0008
0.0002
0.0001
0.0002
0.0000
0.0000
0.0000
0.0000
0.0000
0.0000
0.0000
0.0000
0.0000
0.9926
1.0000
0.9930
0.6827
0.5436
0.1774
0.1062
0.2181
0.1585
0.0146
0.0041
0.0001
0.0005
0.0004
0.0006
0.0008
0.0004
0.0001
0.0001
0.0002
0.0000
0.0000
0.0000
0.0000
0.0000
0.0000
0.0000
0.0000
0.0000
0.0000
0.9926
1.0000
0.9931
0.9031
0.9498
0.9478
0.5201
0.0271
0.0264
0.0012
0.0056
0.0051
0.0008
0.0008
0.0003
0.0001
0.0000
0.0002
0.0001
0.0001
0.0001
0.0000
0.0000
0.0000
0.0000
0.0000
0.0000
0.0000
0.0000
0.0000
0.9548
0.8845
0.2487
0.1624
0.1023
0.0185
0.0027
0.0011
0.0004
0.0001
0.0000
0.0000
0.0001
0.0001
0.0002
0.0002
0.0002
0.0001
0.0001
0.0000
0.0000
0.0000
0.0000
0.0000
0.0000
0.0000
0.0000
0.0000
0.0000
0.0000
0.6573
0.2102
0.6230
0.4007
0.0116
0.0009
0.0009
0.0010
0.0002
0.0001
0.0000
0.0002
0.0002
0.0000
0.0000
0.0001
0.0000
0.0001
0.0000
0.0000
0.0000
0.0000
0.0000
0.0000
0.0000
0.0000
0.0000
0.0000
0.0000
0.0000
0.0035
0.0050
0.0170
0.0032
0.0019
0.0003
0.0000
0.0000
0.0001
0.0001
0.0000
0.0000
0.0000
0.0000
0.0001
0.0000
0.0001
0.0000
0.0000
0.0000
0.0000
0.0000
0.0000
0.0000
0.0000
0.0000
0.0000
0.0000
0.0000
0.0000
0.0000
0.0011
0.0007
0.0002
0.0002
0.0002
0.0001
0.0000
0.0000
0.0001
0.0000
0.0000
0.0000
0.0001
0.0000
0.0000
0.0000
0.0000
0.0000
0.0000
0.0000
0.0000
0.0000
0.0000
0.0000
0.0000
0.0000
0.0000
0.0000
0.0000
0.0003
0.0000
0.0002
0.0002
0.0001
0.0000
0.0000
0.0000
0.0000
0.0000
0.0000
0.0000
0.0000
0.0000
0.0000
0.0000
0.0000
0.0000
0.0000
0.0000
0.0000
0.0000
0.0000
0.0000
0.0000
0.0000
0.0000
0.0000
0.0000
0.0000
0.0002
0.0002
0.0002
0.0001
0.0001
0.0000
0.0000
0.0000
0.0000
0.0000
0.0000
0.0000
0.0000
0.0000
0.0000
0.0000
0.0000
0.0000
0.0000
0.0000
0.0000
0.0000
0.0000
0.0000
0.0000
0.0000
0.0000
0.0000
0.0000
0.0000
0.0000
0.0000
0.0001
0.0000
0.0000
0.0000
0.0000
0.0000
0.0000
0.0000
0.0000
0.0000
0.0000
0.0000
0.0000
0.0000
0.0000
0.0000
0.0000
0.0000
0.0000
0.0000
0.0000
0.0000
0.0000
0.0000
0.0000
0.0000
0.0000
0.0000
0.0001
0.0000
0.0000
0.0000
0.0000
0.0000
0.0000
0.0000
0.0000
0.0000
0.0000
0.0000
0.0000
0.0000
0.0000
0.0000
0.0000
0.0000
0.0000
0.0000
0.0000
0.0000
0.0000
0.0000
0.0000
0.0000
0.0000
0.0000
0.0000
0.0000
0.0000
0.0000
0.0000
0.0000
0.0000
0.0000
0.0000
0.0000
0.0000
0.0000
0.0000
0.0000
0.0000
0.0000
0.0000
0.0000
0.0000
0.0000
0.0000
0.0000
0.0000
0.0000
0.0000
0.0000
0.0000
0.0000
0.0000
0.0000
0.0000
0.0000
0.0000
0.0000
0.0000
0.0000
0.0000
0.0000
0.0000
0.0000
0.0000
0.0000
0.0000
0.0000
0.0000
0.0000
0.0000
0.0000
0.0000
0.0000
0.0000
0.0000
0.0000
0.0000
0.0000
0.0000
0.0000
0.0000
0.0000
0.0000
0.0000
0.0000
0.0000
0.0000
0.0000
0.0000
0.0000
0.0000
0.0000
0.0000
0.0000
0.0000
0.0000
0.0000
0.0000
0.0000
0.0000
0.0000
0.0000
0.0000
0.0000
0.0000
0.0000
0.0000
0.0000
0.0000
0.0000
0.0000
0.0000
0.0000
0.0000
0.0000
# OPTIMIZATION PARAMETERS 
# nelx: 30
# nely: 60
# max buckling: 0.25
# penalization: 3.0
# initial densities: [1. 1. 1. ... 0. 0. 0.]
# FEA MODEL DATA 
# material: {'Ex': 0.2, 'Ey': 1, 'NUxy': 0.3}
# loads: {'Val': 0.005, 'direction': 'x', 'dof': array([1859, 1921, 1983], dtype=int64)}
# bc: Left Clamped
# 
