# densities
0.9996
1.0000
0.9975
0.9641
0.7935
0.6722
0.5886
0.5052
0.4311
0.3670
0.3074
0.2492
0.1897
0.1280
0.0640
0.0017
0.0021
0.0161
0.0049
0.0091
0.0022
0.0000
0.0012
0.0000
0.0000
0.0000
0.0000
0.0000
0.0000
0.0736
1.0000
1.0000
0.9989
0.9692
0.6884
0.5012
0.3676
0.2330
0.1166
0.0184
0.0168
0.0009
0.0009
0.0000
0.0000
0.0000
0.0000
0.0000
0.0000
0.0000
0.0000
0.0000
0.0010
0.0041
0.0045
0.0033
0.0000
0.0000
0.0000
0.0000
0.9927
0.9934
1.0000
0.9476
0.7565
0.6382
0.5557
0.4609
0.3757
0.3018
0.2329
0.1664
0.1007
0.0362
0.0014
0.0027
0.0007
0.0000
0.0020
0.0000
0.0019
0.0000
0.0043
0.0023
0.0035
0.0012
0.0000
0.0000
0.0000
0.0000
0.8243
0.8466
0.8861
0.9270
0.7717
0.6884
0.6351
0.5584
0.4881
0.4279
0.3720
0.3185
0.2662
0.2146
0.1634
0.1124
0.0671
0.0241
0.0000
0.0000
0.0018
0.0005
0.0042
0.0060
0.0077
0.0050
0.0002
0.0000
0.0000
0.0000
0.6806
0.6431
0.7452
0.8421
0.7219
0.6704
0.6437
0.5826
0.5220
0.4669
0.4124
0.3583
0.3049
0.2528
0.2022
0.1524
0.1046
0.0556
0.0065
0.0005
0.0000
0.0014
0.0027
0.0006
0.0000
0.0000
0.0000
0.0000
0.0000
0.0000
0.5875
0.5137
0.6412
0.7761
0.6827
0.6576
0.6559
0.6124
0.5657
0.5225
0.4780
0.4324
0.3863
0.3391
0.2904
0.2393
0.1865
0.1323
0.0778
0.0229
0.0002
0.0000
0.0024
0.0016
0.0011
0.0000
0.0015
0.0004
0.0000
0.0000
0.5224
0.4253
0.5588
0.7184
0.6400
0.6334
0.6518
0.6240
0.5910
0.5601
0.5263
0.4901
0.4521
0.4119
0.3691
0.3232
0.2740
0.2214
0.1653
0.1057
0.0421
0.0016
0.0001
0.0045
0.0006
0.0001
0.0021
0.0000
0.0000
0.0000
0.4707
0.3522
0.4822
0.6557
0.5852
0.5922
0.6266
0.6123
0.5919
0.5725
0.5488
0.5214
0.4910
0.4574
0.4204
0.3795
0.3346
0.2854
0.2318
0.1735
0.1098
0.0416
0.0008
0.0000
0.0023
0.0031
0.0030
0.0026
0.0000
0.0000
0.4279
0.2901
0.4138
0.5954
0.5282
0.5444
0.5911
0.5878
0.5780
0.5690
0.5550
0.5365
0.5145
0.4887
0.4590
0.4251
0.3868
0.3437
0.2953
0.2412
0.1802
0.1118
0.0450
0.0045
0.0000
0.0046
0.0031
0.0002
0.0000
0.0000
0.3913
0.2367
0.3536
0.5399
0.4723
0.4945
0.5501
0.5550
0.5540
0.5540
0.5489
0.5392
0.5257
0.5083
0.4868
0.4610
0.4306
0.3950
0.3537
0.3059
0.2502
0.1852
0.1180
0.0415
0.0006
0.0006
0.0000
0.0009
0.0000
0.0000
0.3588
0.1891
0.2995
0.4885
0.4182
0.4437
0.5056
0.5166
0.5224
0.5300
0.5328
0.5312
0.5259
0.5168
0.5037
0.4862
0.4641
0.4368
0.4034
0.3629
0.3138
0.2540
0.1899
0.1169
0.0119
0.0030
0.0000
0.0055
0.0092
0.0158
0.3293
0.1462
0.2502
0.4410
0.3666
0.3934
0.4596
0.4747
0.4858
0.4995
0.5089
0.5144
0.5166
0.5153
0.5103
0.5012
0.4877
0.4689
0.4441
0.4120
0.3706
0.3178
0.2587
0.1892
0.0769
0.0049
0.0010
0.0034
0.0000
0.0069
0.3020
0.1072
0.2053
0.3974
0.3179
0.3447
0.4135
0.4312
0.4459
0.4643
0.4791
0.4905
0.4993
0.5051
0.5077
0.5068
0.5017
0.4917
0.4758
0.4527
0.4203
0.3758
0.3238
0.2604
0.1473
0.0484
0.0000
0.0009
0.0002
0.0180
0.2768
0.0720
0.1643
0.3578
0.2726
0.2981
0.3684
0.3872
0.4042
0.4260
0.4449
0.4612
0.4754
0.4875
0.4969
0.5035
0.5065
0.5052
0.4985
0.4850
0.4622
0.4274
0.3844
0.3290
0.2188
0.1191
0.0526
0.0000
0.0000
0.0150
0.2538
0.0411
0.1274
0.3223
0.2310
0.2544
0.3253
0.3441
0.3621
0.3860
0.4078
0.4277
0.4464
0.4635
0.4789
0.4922
0.5028
0.5098
0.5121
0.5083
0.4959
0.4719
0.4398
0.3947
0.2920
0.1952
0.1452
0.0037
0.0000
0.0141
0.2330
0.0137
0.0944
0.2905
0.1934
0.2138
0.2847
0.3026
0.3207
0.3457
0.3693
0.3916
0.4134
0.4345
0.4548
0.4737
0.4910
0.5057
0.5167
0.5226
0.5209
0.5086
0.4888
0.4560
0.3645
0.2738
0.2437
0.0025
0.0000
0.0180
0.2137
0.0025
0.0651
0.2617
0.1600
0.1767
0.2475
0.2638
0.2811
0.3064
0.3307
0.3544
0.3781
0.4019
0.4256
0.4491
0.4719
0.4933
0.5124
0.5277
0.5367
0.5367
0.5302
0.5111
0.4339
0.3536
0.3430
0.0645
0.0000
0.0000
0.1963
0.0044
0.0399
0.2356
0.1309
0.1432
0.2140
0.2284
0.2444
0.2693
0.2935
0.3174
0.3419
0.3671
0.3929
0.4194
0.4463
0.4732
0.4993
0.5232
0.5426
0.5548
0.5624
0.5582
0.4976
0.4329
0.4408
0.1659
0.0005
0.0564
0.1791
0.0148
0.0175
0.2110
0.1063
0.1138
0.1848
0.1970
0.2114
0.2355
0.2590
0.2824
0.3066
0.3318
0.3583
0.3862
0.4156
0.4463
0.4778
0.5091
0.5380
0.5621
0.5837
0.5953
0.5533
0.5087
0.5328
0.2702
0.0000
0.1348
0.1648
0.0029
0.0008
0.1900
0.0868
0.0885
0.1601
0.1701
0.1827
0.2060
0.2285
0.2507
0.2738
0.2980
0.3237
0.3514
0.3815
0.4140
0.4489
0.4857
0.5226
0.5573
0.5925
0.6201
0.5987
0.5780
0.6178
0.3763
0.0227
0.2210
0.1505
0.0080
0.0010
0.1715
0.0719
0.0674
0.1396
0.1476
0.1586
0.1812
0.2027
0.2236
0.2451
0.2676
0.2914
0.3174
0.3461
0.3783
0.4142
0.4540
0.4965
0.5401
0.5874
0.6308
0.6315
0.6382
0.6950
0.4841
0.0844
0.3203
0.1393
0.0087
0.0133
0.1572
0.0612
0.0498
0.1228
0.1290
0.1387
0.1611
0.1819
0.2018
0.2219
0.2423
0.2637
0.2868
0.3125
0.3420
0.3762
0.4160
0.4610
0.5104
0.5676
0.6253
0.6491
0.6853
0.7606
0.5912
0.2566
0.4373
0.1284
0.0039
0.0173
0.1451
0.0534
0.0353
0.1090
0.1137
0.1224
0.1451
0.1660
0.1854
0.2045
0.2232
0.2422
0.2620
0.2838
0.3089
0.3388
0.3752
0.4187
0.4700
0.5333
0.6024
0.6490
0.7157
0.8103
0.6949
0.4595
0.5785
0.1191
0.0090
0.0100
0.1352
0.0474
0.0229
0.0971
0.1007
0.1089
0.1325
0.1539
0.1736
0.1925
0.2104
0.2276
0.2447
0.2626
0.2826
0.3065
0.3365
0.3745
0.4226
0.4864
0.5619
0.6293
0.7264
0.8417
0.7995
0.7253
0.7669
0.1115
0.0182
0.0102
0.1276
0.0430
0.0124
0.0868
0.0896
0.0975
0.1224
0.1449
0.1655
0.1849
0.2030
0.2196
0.2351
0.2501
0.2658
0.2835
0.3057
0.3349
0.3747
0.4321
0.5062
0.5886
0.7110
0.8404
0.8865
0.8724
0.9801
0.1040
0.0152
0.0282
0.1198
0.0389
0.0033
0.0777
0.0799
0.0878
0.1141
0.1380
0.1598
0.1804
0.1993
0.2164
0.2318
0.2457
0.2588
0.2722
0.2874
0.3069
0.3351
0.3797
0.4421
0.5296
0.6680
0.8038
0.9596
0.8464
0.8581
0.0988
0.0029
0.0199
0.1139
0.0364
0.0000
0.0700
0.0718
0.0796
0.1073
0.1325
0.1556
0.1776
0.1978
0.2161
0.2324
0.2470
0.2599
0.2716
0.2830
0.2954
0.3126
0.3411
0.3823
0.4591
0.5922
0.7018
0.9691
1.0000
1.0000
0.0938
0.0046
0.0221
0.1078
0.0344
0.0000
0.0639
0.0654
0.0732
0.1019
0.1282
0.1525
0.1757
0.1972
0.2169
0.2347
0.2508
0.2652
0.2780
0.2894
0.2995
0.3108
0.3262
0.3430
0.3956
0.4958
0.5408
0.8167
1.0000
1.0000
0.0908
0.0030
0.0211
0.1041
0.0335
0.0000
0.0597
0.0609
0.0686
0.0982
0.1252
0.1504
0.1744
0.1969
0.2177
0.2370
0.2547
0.2711
0.2863
0.3002
0.3121
0.3233
0.3329
0.3300
0.3527
0.4008
0.3514
0.5668
1.0000
1.0000
0.0893
0.0074
0.0166
0.1021
0.0332
0.0021
0.0576
0.0586
0.0663
0.0962
0.1237
0.1492
0.1738
0.1968
0.2182
0.2382
0.2570
0.2747
0.2918
0.3079
0.3223
0.3358
0.3443
0.3307
0.3326
0.3402
0.2227
0.3336
1.0000
1.0000
0.0893
0.0074
0.0166
0.1021
0.0332
0.0021
0.0576
0.0586
0.0663
0.0962
0.1237
0.1492
0.1738
0.1968
0.2182
0.2382
0.2570
0.2747
0.2918
0.3079
0.3223
0.3358
0.3443
0.3307
0.3326
0.3402
0.2227
0.3336
1.0000
1.0000
0.0908
0.0030
0.0211
0.1041
0.0335
0.0000
0.0597
0.0609
0.0686
0.0982
0.1252
0.1504
0.1744
0.1969
0.2177
0.2370
0.2547
0.2711
0.2863
0.3002
0.3121
0.3233
0.3329
0.3300
0.3527
0.4008
0.3514
0.5668
1.0000
1.0000
0.0938
0.0046
0.0221
0.1078
0.0344
0.0000
0.0639
0.0654
0.0732
0.1019
0.1282
0.1525
0.1757
0.1972
0.2169
0.2347
0.2508
0.2652
0.2780
0.2894
0.2995
0.3108
0.3262
0.3430
0.3956
0.4958
0.5408
0.8167
1.0000
1.0000
0.0988
0.0029
0.0199
0.1139
0.0364
0.0000
0.0700
0.0718
0.0796
0.1073
0.1325
0.1556
0.1776
0.1978
0.2161
0.2324
0.2470
0.2599
0.2716
0.2830
0.2954
0.3126
0.3411
0.3823
0.4591
0.5922
0.7018
0.9691
1.0000
1.0000
0.1040
0.0152
0.0282
0.1198
0.0389
0.0033
0.0777
0.0799
0.0878
0.1141
0.1380
0.1598
0.1804
0.1993
0.2164
0.2318
0.2457
0.2588
0.2722
0.2874
0.3069
0.3351
0.3797
0.4421
0.5296
0.6680
0.8038
0.9596
0.8464
0.8581
0.1115
0.0182
0.0102
0.1276
0.0430
0.0124
0.0868
0.0896
0.0975
0.1224
0.1449
0.1655
0.1849
0.2030
0.2196
0.2351
0.2501
0.2658
0.2835
0.3057
0.3349
0.3747
0.4321
0.5062
0.5886
0.7110
0.8404
0.8865
0.8724
0.9801
0.1191
0.0090
0.0100
0.1352
0.0474
0.0229
0.0971
0.1007
0.1089
0.1325
0.1539
0.1736
0.1925
0.2104
0.2276
0.2447
0.2626
0.2826
0.3065
0.3365
0.3745
0.4226
0.4864
0.5619
0.6293
0.7264
0.8417
0.7995
0.7253
0.7669
0.1284
0.0039
0.0173
0.1451
0.0534
0.0353
0.1090
0.1137
0.1224
0.1451
0.1660
0.1854
0.2045
0.2232
0.2422
0.2620
0.2838
0.3089
0.3388
0.3752
0.4187
0.4700
0.5333
0.6024
0.6490
0.7157
0.8103
0.6949
0.4595
0.5785
0.1393
0.0087
0.0133
0.1572
0.0612
0.0498
0.1228
0.1290
0.1387
0.1611
0.1819
0.2018
0.2219
0.2423
0.2637
0.2868
0.3125
0.3420
0.3762
0.4160
0.4610
0.5104
0.5676
0.6253
0.6491
0.6853
0.7606
0.5912
0.2566
0.4373
0.1505
0.0080
0.0010
0.1715
0.0719
0.0674
0.1396
0.1476
0.1586
0.1812
0.2027
0.2236
0.2451
0.2676
0.2914
0.3174
0.3461
0.3783
0.4142
0.4540
0.4965
0.5401
0.5874
0.6308
0.6315
0.6382
0.6950
0.4841
0.0844
0.3203
0.1648
0.0029
0.0008
0.1900
0.0868
0.0885
0.1601
0.1701
0.1827
0.2060
0.2285
0.2507
0.2738
0.2980
0.3237
0.3514
0.3815
0.4140
0.4489
0.4857
0.5226
0.5573
0.5925
0.6201
0.5987
0.5780
0.6178
0.3763
0.0227
0.2210
0.1791
0.0148
0.0175
0.2110
0.1063
0.1138
0.1848
0.1970
0.2114
0.2355
0.2590
0.2824
0.3066
0.3318
0.3583
0.3862
0.4156
0.4463
0.4778
0.5091
0.5380
0.5621
0.5837
0.5953
0.5533
0.5087
0.5328
0.2702
0.0000
0.1348
0.1963
0.0044
0.0399
0.2356
0.1309
0.1432
0.2140
0.2284
0.2444
0.2693
0.2935
0.3174
0.3419
0.3671
0.3929
0.4194
0.4463
0.4732
0.4993
0.5232
0.5426
0.5548
0.5624
0.5582
0.4976
0.4329
0.4408
0.1659
0.0005
0.0564
0.2137
0.0025
0.0651
0.2617
0.1600
0.1767
0.2475
0.2638
0.2811
0.3064
0.3307
0.3544
0.3781
0.4019
0.4256
0.4491
0.4719
0.4933
0.5124
0.5277
0.5367
0.5367
0.5302
0.5111
0.4339
0.3536
0.3430
0.0645
0.0000
0.0000
0.2330
0.0137
0.0944
0.2905
0.1934
0.2138
0.2847
0.3026
0.3207
0.3457
0.3693
0.3916
0.4134
0.4345
0.4548
0.4737
0.4910
0.5057
0.5167
0.5226
0.5209
0.5086
0.4888
0.4560
0.3645
0.2738
0.2437
0.0025
0.0000
0.0180
0.2538
0.0411
0.1274
0.3223
0.2310
0.2544
0.3253
0.3441
0.3621
0.3860
0.4078
0.4277
0.4464
0.4635
0.4789
0.4922
0.5028
0.5098
0.5121
0.5083
0.4959
0.4719
0.4398
0.3947
0.2920
0.1952
0.1452
0.0037
0.0000
0.0141
0.2768
0.0720
0.1643
0.3578
0.2726
0.2981
0.3684
0.3872
0.4042
0.4260
0.4449
0.4612
0.4754
0.4875
0.4969
0.5035
0.5065
0.5052
0.4985
0.4850
0.4622
0.4274
0.3844
0.3290
0.2188
0.1191
0.0526
0.0000
0.0000
0.0150
0.3020
0.1072
0.2053
0.3974
0.3179
0.3447
0.4135
0.4312
0.4459
0.4643
0.4791
0.4905
0.4993
0.5051
0.5077
0.5068
0.5017
0.4917
0.4758
0.4527
0.4203
0.3758
0.3238
0.2604
0.1473
0.0484
0.0000
0.0009
0.0002
0.0180
0.3293
0.1462
0.2502
0.4410
0.3666
0.3934
0.4596
0.4747
0.4858
0.4995
0.5089
0.5144
0.5166
0.5153
0.5103
0.5012
0.4877
0.4689
0.4441
0.4120
0.3706
0.3178
0.2587
0.1892
0.0769
0.0049
0.0010
0.0034
0.0000
0.0069
0.3588
0.1891
0.2995
0.4885
0.4182
0.4437
0.5056
0.5166
0.5224
0.5300
0.5328
0.5312
0.5259
0.5168
0.5037
0.4862
0.4641
0.4368
0.4034
0.3629
0.3138
0.2540
0.1899
0.1169
0.0119
0.0030
0.0000
0.0055
0.0092
0.0158
0.3913
0.2367
0.3536
0.5399
0.4723
0.4945
0.5501
0.5550
0.5540
0.5540
0.5489
0.5392
0.5257
0.5083
0.4868
0.4610
0.4306
0.3950
0.3537
0.3059
0.2502
0.1852
0.1180
0.0415
0.0006
0.0006
0.0000
0.0009
0.0000
0.0000
0.4279
0.2901
0.4138
0.5954
0.5282
0.5444
0.5911
0.5878
0.5780
0.5690
0.5550
0.5365
0.5145
0.4887
0.4590
0.4251
0.3868
0.3437
0.2953
0.2412
0.1802
0.1118
0.0450
0.0045
0.0000
0.0046
0.0031
0.0002
0.0000
0.0000
0.4707
0.3522
0.4822
0.6557
0.5852
0.5922
0.6266
0.6123
0.5919
0.5725
0.5488
0.5214
0.4910
0.4574
0.4204
0.3795
0.3346
0.2854
0.2318
0.1735
0.1098
0.0416
0.0008
0.0000
0.0023
0.0031
0.0030
0.0026
0.0000
0.0000
0.5224
0.4253
0.5588
0.7184
0.6400
0.6334
0.6518
0.6240
0.5910
0.5601
0.5263
0.4901
0.4521
0.4119
0.3691
0.3232
0.2740
0.2214
0.1653
0.1057
0.0421
0.0016
0.0001
0.0045
0.0006
0.0001
0.0021
0.0000
0.0000
0.0000
0.5875
0.5137
0.6412
0.7761
0.6827
0.6576
0.6559
0.6124
0.5657
0.5225
0.4780
0.4324
0.3863
0.3391
0.2904
0.2393
0.1865
0.1323
0.0778
0.0229
0.0002
0.0000
0.0024
0.0016
0.0011
0.0000
0.0015
0.0004
0.0000
0.0000
0.6806
0.6431
0.7452
0.8421
0.7219
0.6704
0.6437
0.5826
0.5220
0.4669
0.4124
0.3583
0.3049
0.2528
0.2022
0.1524
0.1046
0.0556
0.0065
0.0005
0.0000
0.0014
0.0027
0.0006
0.0000
0.0000
0.0000
0.0000
0.0000
0.0000
0.8243
0.8466
0.8861
0.9270
0.7717
0.6884
0.6351
0.5584
0.4881
0.4279
0.3720
0.3185
0.2662
0.2146
0.1634
0.1124
0.0671
0.0241
0.0000
0.0000
0.0018
0.0005
0.0042
0.0060
0.0077
0.0050
0.0002
0.0000
0.0000
0.0000
0.9927
0.9934
1.0000
0.9476
0.7565
0.6382
0.5557
0.4609
0.3757
0.3018
0.2329
0.1664
0.1007
0.0362
0.0014
0.0027
0.0007
0.0000
0.0020
0.0000
0.0019
0.0000
0.0043
0.0023
0.0035
0.0012
0.0000
0.0000
0.0000
0.0000
1.0000
1.0000
0.9989
0.9692
0.6884
0.5012
0.3676
0.2330
0.1166
0.0184
0.0168
0.0009
0.0009
0.0000
0.0000
0.0000
0.0000
0.0000
0.0000
0.0000
0.0000
0.0000
0.0010
0.0041
0.0045
0.0033
0.0000
0.0000
0.0000
0.0000
0.9996
1.0000
0.9975
0.9641
0.7935
0.6722
0.5886
0.5052
0.4311
0.3670
0.3074
0.2492
0.1897
0.1280
0.0640
0.0017
0.0021
0.0161
0.0049
0.0091
0.0022
0.0000
0.0012
0.0000
0.0000
0.0000
0.0000
0.0000
0.0000
0.0736
# OPTIMIZATION PARAMETERS 
# nelx: 30
# nely: 60
# max buckling: 0.0
# penalization: 1.0
# initial densities: 1.0
# FEA MODEL DATA 
# material: {'Ex': 0.2, 'Ey': 1, 'NUxy': 0.3}
# loads: {'Val': 0.005, 'direction': 'x', 'dof': array([1859, 1921, 1983], dtype=int64)}
# bc: Left Clamped
# 
