# it, buckling[l1, l2, l3, l4, l5], volume, compliance
1.0000 -4.1532 -3.9137 -3.7848 -3.3067 -2.9261 0.3000 0.8122
2.0000 -4.0103 -3.8244 -3.6675 -3.2705 -2.9918 0.3000 0.8398
3.0000 -3.8169 -3.7141 -3.1983 -3.1784 -3.0174 0.3000 0.8813
4.0000 -3.7558 -3.6732 -3.1944 -3.1589 -2.9385 0.3000 0.8958
5.0000 -3.7141 -3.6433 -3.2458 -3.1309 -2.9529 0.3000 0.9069
6.0000 -3.6339 -3.5857 -3.1553 -3.0771 -3.0370 0.3000 0.9298
7.0000 -3.6020 -3.5626 -3.1320 -3.0549 -3.0437 0.3000 0.9387
8.0000 -3.5755 -3.5433 -3.1449 -3.0602 -3.0363 0.3000 0.9449
9.0000 -3.5516 -3.5259 -3.1813 -3.0847 -3.0194 0.3000 0.9491
10.0000 -3.5302 -3.5101 -3.2098 -3.1308 -3.0053 0.3000 0.9517
11.0000 -3.5110 -3.4958 -3.2366 -3.1823 -3.0384 0.3000 0.9532
12.0000 -3.4943 -3.4825 -3.2865 -3.1432 -3.0741 0.3000 0.9531
13.0000 -3.4562 -3.4265 -3.3688 -3.0967 -2.9589 0.3000 0.9477
14.0000 -3.4487 -3.4196 -3.2286 -2.9934 -2.9879 0.3000 0.9456
15.0000 -3.4342 -3.4132 -3.2399 -3.0501 -3.0186 0.3000 0.9503
16.0000 -3.4072 -3.4010 -3.3106 -3.2714 -3.1594 0.3000 0.9558
17.0000 -3.3974 -3.3909 -3.2914 -3.2194 -3.1997 0.3000 0.9572
18.0000 -3.3852 -3.3805 -3.2991 -3.2579 -3.2007 0.3000 0.9565
19.0000 -3.3715 -3.3657 -3.2809 -3.2465 -3.2125 0.3000 0.9480
20.0000 -3.3667 -3.3611 -3.2976 -3.2301 -3.2226 0.3000 0.9469
21.0000 -3.3624 -3.3381 -3.3275 -3.2125 -3.0970 0.3000 0.9310
22.0000 -3.3469 -3.3389 -3.3273 -3.1719 -3.0599 0.3000 0.9217
23.0000 -3.3356 -3.3286 -3.3215 -3.1969 -3.0886 0.3000 0.9243
24.0000 -3.3341 -3.3234 -3.3041 -3.1807 -3.0777 0.3000 0.9175
25.0000 -3.3334 -3.3225 -3.2876 -3.1709 -3.0675 0.3000 0.9102
26.0000 -3.3334 -3.3227 -3.2853 -3.1699 -3.0659 0.3000 0.9091
27.0000 -3.3334 -3.3230 -3.2820 -3.1685 -3.0634 0.3000 0.9075
28.0000 -3.3334 -3.3237 -3.2773 -3.1664 -3.0596 0.3000 0.9053
29.0000 -3.3334 -3.3239 -3.2757 -3.1658 -3.0583 0.3000 0.9046
30.0000 -3.3408 -3.3341 -3.2095 -3.2079 -3.1382 0.3000 0.8734
31.0000 -3.3336 -3.3324 -3.2172 -3.1904 -3.1272 0.3000 0.8721
32.0000 -3.3365 -3.3335 -3.2538 -3.1589 -3.0998 0.3000 0.8645
33.0000 -3.3333 -3.3316 -3.2480 -3.1399 -3.0913 0.3000 0.8606
34.0000 -3.3346 -3.3332 -3.2519 -3.1260 -3.0810 0.3000 0.8564
35.0000 -3.3339 -3.3331 -3.2001 -3.0971 -3.0555 0.3000 0.8521
36.0000 -3.3344 -3.3333 -3.1705 -3.0681 -3.0305 0.3000 0.8468
37.0000 -3.3334 -3.3323 -3.1386 -3.0511 -3.0187 0.3000 0.8438
38.0000 -3.3333 -3.3330 -3.1124 -3.0322 -3.0057 0.3000 0.8402
39.0000 -3.3346 -3.3333 -3.0783 -3.0054 -2.9870 0.3000 0.8357
40.0000 -3.3334 -3.3328 -3.0568 -2.9854 -2.9723 0.3000 0.8331
41.0000 -3.3340 -3.3333 -3.0321 -2.9703 -2.9439 0.3000 0.8288
42.0000 -3.3334 -3.3319 -3.0132 -2.9683 -2.9162 0.3000 0.8261
43.0000 -3.3334 -3.3312 -2.9893 -2.9690 -2.8754 0.3000 0.8217
44.0000 -3.3333 -3.3314 -2.9840 -2.9697 -2.8560 0.3000 0.8197
45.0000 -3.3334 -3.3322 -2.9790 -2.9711 -2.8295 0.3000 0.8161
46.0000 -3.3336 -3.3332 -2.9780 -2.9687 -2.8085 0.3000 0.8128
47.0000 -3.3337 -3.3332 -2.9789 -2.9616 -2.7933 0.3000 0.8105
48.0000 -3.3337 -3.3331 -2.9791 -2.9612 -2.7834 0.3000 0.8089
49.0000 -3.3334 -3.3325 -2.9795 -2.9650 -2.7741 0.3000 0.8074
50.0000 -3.3333 -3.3324 -2.9797 -2.9676 -2.7654 0.3000 0.8065
51.0000 -3.3333 -3.3324 -2.9804 -2.9727 -2.7522 0.3000 0.8053
52.0000 -3.3333 -3.3325 -2.9823 -2.9783 -2.7414 0.3000 0.8043
53.0000 -3.3333 -3.3328 -2.9937 -2.9812 -2.7228 0.3000 0.8024
54.0000 -3.3334 -3.3333 -3.0118 -2.9832 -2.7007 0.3000 0.7999
55.0000 -3.3335 -3.3333 -3.0176 -2.9832 -2.6952 0.3000 0.7992
56.0000 -3.3334 -3.3330 -3.0384 -2.9841 -2.7057 0.3000 0.7977
57.0000 -3.3333 -3.3328 -3.0614 -2.9848 -2.7390 0.3000 0.7964
58.0000 -3.3334 -3.3326 -3.1071 -2.9863 -2.8069 0.3000 0.7940
59.0000 -3.3333 -3.3325 -3.1144 -2.9868 -2.8246 0.3000 0.7934
60.0000 -3.3333 -3.3324 -3.1243 -2.9878 -2.8560 0.3000 0.7920
61.0000 -3.3333 -3.3323 -3.1326 -2.9887 -2.8808 0.3000 0.7910
62.0000 -3.3333 -3.3322 -3.1431 -2.9895 -2.9056 0.3000 0.7899
63.0000 -3.3333 -3.3322 -3.1538 -2.9900 -2.9246 0.3000 0.7890
64.0000 -3.3333 -3.3323 -3.1635 -2.9903 -2.9381 0.3000 0.7883
65.0000 -3.3334 -3.3327 -3.1961 -2.9911 -2.9603 0.3000 0.7864
66.0000 -3.3349 -3.3330 -3.2653 -2.9907 -2.9528 0.3000 0.7833
67.0000 -3.3338 -3.3333 -3.2414 -2.9904 -2.9321 0.3000 0.7828
68.0000 -3.3340 -3.3333 -3.2196 -2.9905 -2.9125 0.3000 0.7822
69.0000 -3.3333 -3.3326 -3.2160 -2.9897 -2.9063 0.3000 0.7824
70.0000 -3.3333 -3.3325 -3.2077 -2.9890 -2.8943 0.3000 0.7821
71.0000 -3.3333 -3.3322 -3.1772 -2.9870 -2.8515 0.3000 0.7811
72.0000 -3.3333 -3.3321 -3.1630 -2.9858 -2.8296 0.3000 0.7807
73.0000 -3.3333 -3.3322 -3.1345 -2.9836 -2.7856 0.3000 0.7798
74.0000 -3.3334 -3.3325 -3.0708 -2.9793 -2.6934 0.3000 0.7779
75.0000 -3.3334 -3.3325 -3.0464 -2.9782 -2.6610 0.3000 0.7772
76.0000 -3.3334 -3.3326 -3.0078 -2.9766 -2.6500 0.3000 0.7761
77.0000 -3.3333 -3.3327 -2.9897 -2.9749 -2.6471 0.3000 0.7756
78.0000 -3.3334 -3.3328 -2.9818 -2.9721 -2.6436 0.3000 0.7752
79.0000 -3.3335 -3.3326 -2.9747 -2.9455 -2.6345 0.3000 0.7742
80.0000 -3.3333 -3.3324 -2.9722 -2.9266 -2.6300 0.3000 0.7736
81.0000 -3.3333 -3.3326 -2.9692 -2.9076 -2.6253 0.3000 0.7729
82.0000 -3.3333 -3.3328 -2.9678 -2.8996 -2.6227 0.3000 0.7725
83.0000 -3.3334 -3.3333 -2.9647 -2.8789 -2.6152 0.3000 0.7715
84.0000 -3.3335 -3.3332 -2.9602 -2.8538 -2.6050 0.3000 0.7701
85.0000 -3.3333 -3.3331 -2.9587 -2.8386 -2.6007 0.3000 0.7694
86.0000 -3.3336 -3.3333 -2.9568 -2.8150 -2.5933 0.3000 0.7679
87.0000 -3.3333 -3.3329 -2.9543 -2.8016 -2.5906 0.3000 0.7671
88.0000 -3.3333 -3.3329 -2.9530 -2.7953 -2.5894 0.3000 0.7666
89.0000 -3.3333 -3.3328 -2.9513 -2.7935 -2.5875 0.3000 0.7661
90.0000 -3.3334 -3.3328 -2.9469 -2.7921 -2.5820 0.3000 0.7647
91.0000 -3.3333 -3.3328 -2.9458 -2.7913 -2.5800 0.3000 0.7642
92.0000 -3.3333 -3.3329 -2.9446 -2.7903 -2.5767 0.3000 0.7636
93.0000 -3.3333 -3.3332 -2.9442 -2.7886 -2.5908 0.3000 0.7631
94.0000 -3.3336 -3.3333 -2.9435 -2.7910 -2.6885 0.3000 0.7622
95.0000 -3.3336 -3.3328 -2.9426 -2.8020 -2.7019 0.3000 0.7612
96.0000 -3.3333 -3.3325 -2.9407 -2.8021 -2.5871 0.3000 0.7604
97.0000 -3.3333 -3.3326 -2.9389 -2.7981 -2.5879 0.3000 0.7599
98.0000 -3.3334 -3.3327 -2.9361 -2.8088 -2.5976 0.3000 0.7585
99.0000 -3.3333 -3.3326 -2.9357 -2.8117 -2.6026 0.3000 0.7581
100.0000 -3.3333 -3.3326 -2.9353 -2.8183 -2.6097 0.3000 0.7576
101.0000 -3.3333 -3.3327 -2.9348 -2.8267 -2.6190 0.3000 0.7570
102.0000 -3.3333 -3.3328 -2.9343 -2.8550 -2.6401 0.3000 0.7559
103.0000 -3.3333 -3.3329 -2.9345 -2.8555 -2.6412 0.3000 0.7558
104.0000 -3.3333 -3.3331 -2.9351 -2.8589 -2.6456 0.3000 0.7555
105.0000 -3.3333 -3.3333 -2.9357 -2.8652 -2.6508 0.3000 0.7551
106.0000 -3.3334 -3.3332 -2.9359 -2.8819 -2.6639 0.3000 0.7546
107.0000 -3.3333 -3.3332 -2.9355 -2.8845 -2.6658 0.3000 0.7544
108.0000 -3.3335 -3.3332 -2.9344 -2.9004 -2.6730 0.3000 0.7538
109.0000 -3.3333 -3.3329 -2.9334 -2.9117 -2.6821 0.3000 0.7535
110.0000 -3.3333 -3.3325 -2.9383 -2.9309 -2.7007 0.3000 0.7527
111.0000 -3.3333 -3.3323 -2.9514 -2.9304 -2.7114 0.3000 0.7523
112.0000 -3.3333 -3.3320 -2.9825 -2.9290 -2.7374 0.3000 0.7515
113.0000 -3.3333 -3.3318 -2.9971 -2.9290 -2.7520 0.3000 0.7512
114.0000 -3.3333 -3.3313 -3.0321 -2.9290 -2.7884 0.3000 0.7502
115.0000 -3.3333 -3.3313 -3.0390 -2.9294 -2.7984 0.3000 0.7499
116.0000 -3.3333 -3.3311 -3.0532 -2.9301 -2.8204 0.3000 0.7493
117.0000 -3.3333 -3.3311 -3.0563 -2.9303 -2.8271 0.3000 0.7491
118.0000 -3.3333 -3.3312 -3.0728 -2.9303 -2.8457 0.3000 0.7486
119.0000 -3.3333 -3.3312 -3.0924 -2.9299 -2.8610 0.3000 0.7482
120.0000 -3.3333 -3.3313 -3.1416 -2.9303 -2.8795 0.3000 0.7472
121.0000 -3.3333 -3.3314 -3.1665 -2.9308 -2.8833 0.3000 0.7468
122.0000 -3.3333 -3.3315 -3.1944 -2.9312 -2.8847 0.3000 0.7464
123.0000 -3.3333 -3.3317 -3.2289 -2.9321 -2.8824 0.3000 0.7460
124.0000 -3.3335 -3.3320 -3.2978 -2.9338 -2.8704 0.3000 0.7451
125.0000 -3.3333 -3.3320 -3.2959 -2.9344 -2.8687 0.3000 0.7450
126.0000 -3.3333 -3.3324 -3.2940 -2.9361 -2.8630 0.3000 0.7440
127.0000 -3.3335 -3.3331 -3.3000 -2.9398 -2.8494 0.3000 0.7425
128.0000 -3.3333 -3.3331 -3.2886 -2.9402 -2.8424 0.3000 0.7422
129.0000 -3.3335 -3.3332 -3.2804 -2.9403 -2.8314 0.3000 0.7418
130.0000 -3.3334 -3.3330 -3.2457 -2.9401 -2.8256 0.3000 0.7416
131.0000 -3.3333 -3.3323 -3.2081 -2.9401 -2.8118 0.3000 0.7411
132.0000 -3.3333 -3.3323 -3.2060 -2.9401 -2.8130 0.3000 0.7410
133.0000 -3.3333 -3.3322 -3.2068 -2.9401 -2.8150 0.3000 0.7407
134.0000 -3.3333 -3.3319 -3.2086 -2.9402 -2.8142 0.3000 0.7398
135.0000 -3.3333 -3.3319 -3.2195 -2.9403 -2.8052 0.3000 0.7393
136.0000 -3.3333 -3.3322 -3.2566 -2.9403 -2.7947 0.3000 0.7389
137.0000 -3.3334 -3.3325 -3.2916 -2.9405 -2.7789 0.3000 0.7386
138.0000 -3.3334 -3.3329 -3.3091 -2.9409 -2.7616 0.3000 0.7383
139.0000 -3.3334 -3.3330 -3.3001 -2.9412 -2.7481 0.3000 0.7380
140.0000 -3.3333 -3.3333 -3.2959 -2.9414 -2.7292 0.3000 0.7378
141.0000 -3.3341 -3.3333 -3.2956 -2.9416 -2.6764 0.3000 0.7373
# OPTIMIZATION PARAMETERS 
# nelx: 30
# nely: 60
# max buckling: 0.3
# penalization: 3.0
# initial densities: [0.0301 0.     0.     ... 0.     0.     0.    ]
# FEA MODEL DATA 
# material: {'Ex': 1, 'Ey': 0.2, 'NUxy': 0.3}
# loads: {'Val': 0.005, 'direction': 'x', 'dof': array([1859, 1921, 1983], dtype=int64)}
# bc: Left Clamped
# 
