# densities
1.0000
1.0000
1.0000
1.0000
0.7591
0.5369
0.3866
0.2299
0.0808
0.0000
0.0000
0.0000
0.0000
0.0000
0.0000
0.0000
0.0000
0.0000
0.0000
0.0000
0.0000
0.0000
0.0000
0.0000
0.0000
0.0000
0.0000
0.0000
0.0000
0.0000
1.0000
1.0000
1.0000
1.0000
0.8731
0.5176
0.2292
0.0000
0.0000
0.0000
0.0000
0.0000
0.0000
0.0000
0.0000
0.0000
0.0000
0.0000
0.0000
0.0000
0.0000
0.0000
0.0000
0.0000
0.0000
0.0000
0.0000
0.0000
0.0000
0.0000
1.0000
1.0000
1.0000
1.0000
1.0000
1.0000
0.8688
0.5447
0.2195
0.0000
0.0000
0.0000
0.0000
0.0000
0.0000
0.0000
0.0000
0.0000
0.0000
0.0000
0.0000
0.0000
0.0000
0.0000
0.0000
0.0000
0.0000
0.0000
0.0000
0.0000
1.0000
1.0000
1.0000
1.0000
1.0000
1.0000
1.0000
0.9785
0.6118
0.2896
0.0170
0.0000
0.0000
0.0000
0.0000
0.0000
0.0000
0.0000
0.0000
0.0000
0.0000
0.0000
0.0000
0.0000
0.0000
0.0000
0.0000
0.0000
0.0000
0.0000
0.9542
1.0000
1.0000
1.0000
1.0000
1.0000
1.0000
1.0000
0.9625
0.6413
0.3256
0.0456
0.0000
0.0000
0.0000
0.0000
0.0000
0.0000
0.0000
0.0000
0.0000
0.0000
0.0000
0.0000
0.0000
0.0000
0.0000
0.0000
0.0000
0.0000
0.7321
0.8279
1.0000
1.0000
1.0000
1.0000
1.0000
1.0000
1.0000
1.0000
0.7026
0.3907
0.1141
0.0000
0.0000
0.0000
0.0000
0.0000
0.0000
0.0000
0.0000
0.0000
0.0000
0.0000
0.0000
0.0000
0.0000
0.0000
0.0000
0.0000
0.5694
0.5456
0.7015
0.9962
1.0000
1.0000
1.0000
1.0000
1.0000
1.0000
1.0000
0.7440
0.4404
0.1661
0.0000
0.0000
0.0000
0.0000
0.0000
0.0000
0.0000
0.0000
0.0000
0.0000
0.0000
0.0000
0.0000
0.0000
0.0000
0.0000
0.4512
0.3290
0.4561
0.7186
0.8806
1.0000
1.0000
1.0000
1.0000
1.0000
1.0000
1.0000
0.7632
0.4695
0.1986
0.0000
0.0000
0.0000
0.0000
0.0000
0.0000
0.0000
0.0000
0.0000
0.0000
0.0000
0.0000
0.0000
0.0000
0.0000
0.3531
0.1474
0.2704
0.4949
0.6181
0.8264
1.0000
1.0000
1.0000
1.0000
1.0000
1.0000
1.0000
0.7819
0.4944
0.2253
0.0000
0.0000
0.0000
0.0000
0.0000
0.0000
0.0000
0.0000
0.0000
0.0000
0.0000
0.0000
0.0000
0.0000
0.2646
0.0000
0.1275
0.3226
0.4014
0.5805
0.8456
1.0000
1.0000
1.0000
1.0000
1.0000
1.0000
1.0000
0.7981
0.5141
0.2456
0.0128
0.0000
0.0000
0.0000
0.0000
0.0000
0.0000
0.0000
0.0000
0.0000
0.0000
0.0000
0.0000
0.1839
0.0000
0.0099
0.1863
0.2272
0.3693
0.6035
0.8218
1.0000
1.0000
1.0000
1.0000
1.0000
1.0000
1.0000
0.8083
0.5268
0.2583
0.0240
0.0000
0.0000
0.0000
0.0000
0.0000
0.0000
0.0000
0.0000
0.0000
0.0000
0.0000
0.1130
0.0000
0.0000
0.0745
0.0867
0.1963
0.3916
0.5843
0.7989
1.0000
1.0000
1.0000
1.0000
1.0000
1.0000
1.0000
0.8142
0.5337
0.2644
0.0285
0.0000
0.0000
0.0000
0.0000
0.0000
0.0000
0.0000
0.0000
0.0000
0.0000
0.0524
0.0000
0.0000
0.0000
0.0000
0.0556
0.2152
0.3736
0.5657
0.7942
1.0000
1.0000
1.0000
1.0000
1.0000
1.0000
1.0000
0.8167
0.5353
0.2644
0.0265
0.0000
0.0000
0.0000
0.0000
0.0000
0.0000
0.0000
0.0000
0.0000
0.0003
0.0000
0.0000
0.0000
0.0000
0.0000
0.0700
0.1956
0.3557
0.5604
0.7864
1.0000
1.0000
1.0000
1.0000
1.0000
1.0000
1.0000
0.8155
0.5315
0.2580
0.0173
0.0000
0.0000
0.0000
0.0000
0.0000
0.0000
0.0000
0.0000
0.0000
0.0000
0.0000
0.0000
0.0000
0.0000
0.0000
0.0476
0.1761
0.3473
0.5509
0.7764
1.0000
1.0000
1.0000
1.0000
1.0000
1.0000
1.0000
0.8105
0.5216
0.2440
0.0023
0.0000
0.0000
0.0000
0.0000
0.0000
0.0000
0.0000
0.0000
0.0000
0.0000
0.0000
0.0000
0.0000
0.0000
0.0000
0.0251
0.1631
0.3342
0.5381
0.7672
1.0000
1.0000
1.0000
1.0000
1.0000
1.0000
1.0000
0.8004
0.5044
0.2246
0.0000
0.0000
0.0000
0.0000
0.0000
0.0000
0.0000
0.0000
0.0000
0.0000
0.0000
0.0000
0.0000
0.0000
0.0000
0.0000
0.0075
0.1453
0.3167
0.5236
0.7574
0.9972
1.0000
1.0000
1.0000
1.0000
1.0000
1.0000
0.7837
0.4826
0.1991
0.0000
0.0000
0.0000
0.0000
0.0000
0.0000
0.0000
0.0000
0.0000
0.0000
0.0000
0.0000
0.0000
0.0000
0.0000
0.0000
0.0000
0.1230
0.2962
0.5066
0.7463
0.9947
1.0000
1.0000
1.0000
1.0000
1.0000
1.0000
0.7641
0.4546
0.1526
0.0000
0.0000
0.0000
0.0000
0.0000
0.0000
0.0000
0.0000
0.0000
0.0000
0.0000
0.0000
0.0000
0.0000
0.0000
0.0000
0.0000
0.0972
0.2720
0.4865
0.7340
0.9933
1.0000
1.0000
1.0000
1.0000
1.0000
1.0000
0.7387
0.4042
0.1000
0.0000
0.0000
0.0000
0.0000
0.0000
0.0000
0.0000
0.0000
0.0000
0.0000
0.0000
0.0000
0.0000
0.0000
0.0000
0.0000
0.0000
0.0676
0.2437
0.4633
0.7204
0.9932
1.0000
1.0000
1.0000
1.0000
1.0000
1.0000
0.6885
0.3488
0.0845
0.0000
0.0000
0.0000
0.0000
0.0000
0.0000
0.0000
0.0000
0.0000
0.0000
0.0000
0.0000
0.0000
0.0000
0.0000
0.0000
0.0000
0.0343
0.2115
0.4367
0.7054
0.9951
1.0000
1.0000
1.0000
1.0000
1.0000
0.9818
0.6215
0.3127
0.0000
0.0000
0.0210
0.0000
0.0000
0.0000
0.0000
0.0000
0.0000
0.0000
0.0000
0.0000
0.0000
0.0000
0.0000
0.0000
0.0000
0.0000
0.0000
0.1754
0.4069
0.6895
0.9997
1.0000
1.0000
1.0000
1.0000
1.0000
0.9099
0.5849
0.2276
0.0000
0.1602
0.0000
0.0000
0.0000
0.0000
0.0000
0.0000
0.0000
0.0000
0.0000
0.0000
0.0000
0.0000
0.0000
0.0000
0.0000
0.0000
0.0000
0.1358
0.3742
0.6731
1.0000
1.0000
1.0000
1.0000
1.0000
1.0000
0.9501
0.5735
0.1308
0.3773
0.0000
0.0000
0.0000
0.0000
0.0000
0.0000
0.0000
0.0000
0.0000
0.0000
0.0000
0.0000
0.0000
0.0000
0.0000
0.0000
0.0000
0.0000
0.0940
0.3394
0.6559
1.0000
1.0000
1.0000
1.0000
1.0000
1.0000
0.9065
0.1927
0.5360
0.0000
0.0000
0.0000
0.0000
0.0000
0.0000
0.0000
0.0000
0.0000
0.0000
0.0000
0.0000
0.0000
0.0000
0.0000
0.0000
0.0000
0.0000
0.0000
0.0508
0.3024
0.6455
1.0000
1.0000
1.0000
1.0000
1.0000
1.0000
0.3779
0.6619
0.0000
0.0000
0.0000
0.0000
0.0000
0.0000
0.0000
0.0000
0.0000
0.0000
0.0000
0.0000
0.0000
0.0000
0.0000
0.0000
0.0000
0.0000
0.0000
0.0000
0.0065
0.2680
0.6399
1.0000
1.0000
1.0000
1.0000
1.0000
1.0000
0.9472
0.0000
0.0000
0.0000
0.0000
0.0000
0.0000
0.0000
0.0000
0.0000
0.0000
0.0000
0.0000
0.0000
0.0000
0.0000
0.0000
0.0000
0.0000
0.0000
0.0000
0.0000
0.0000
0.2276
0.6205
1.0000
1.0000
1.0000
1.0000
1.0000
1.0000
0.0000
0.0000
0.0000
0.0000
0.0000
0.0000
0.0000
0.0000
0.0000
0.0000
0.0000
0.0000
0.0000
0.0000
0.0000
0.0000
0.0000
0.0000
0.0000
0.0000
0.0000
0.0000
0.0000
0.1606
0.6355
1.0000
1.0000
1.0000
1.0000
1.0000
0.0000
0.0000
0.0000
0.0000
0.0000
0.0000
0.0000
0.0000
0.0000
0.0000
0.0000
0.0000
0.0000
0.0000
0.0000
0.0000
0.0000
0.0000
0.0000
0.0000
0.0000
0.0000
0.0000
0.0000
0.0993
0.5438
1.0000
1.0000
1.0000
1.0000
0.0000
0.0000
0.0000
0.0000
0.0000
0.0000
0.0000
0.0000
0.0000
0.0000
0.0000
0.0000
0.0000
0.0000
0.0000
0.0000
0.0000
0.0000
0.0000
0.0000
0.0000
0.0000
0.0000
0.0000
0.0000
0.1357
0.5248
1.0000
1.0000
1.0000
0.0000
0.0000
0.0000
0.0000
0.0000
0.0000
0.0000
0.0000
0.0000
0.0000
0.0000
0.0000
0.0000
0.0000
0.0000
0.0000
0.0000
0.0000
0.0000
0.0000
0.0000
0.0000
0.0000
0.0000
0.0000
0.1357
0.5248
1.0000
1.0000
1.0000
0.0000
0.0000
0.0000
0.0000
0.0000
0.0000
0.0000
0.0000
0.0000
0.0000
0.0000
0.0000
0.0000
0.0000
0.0000
0.0000
0.0000
0.0000
0.0000
0.0000
0.0000
0.0000
0.0000
0.0000
0.0993
0.5438
1.0000
1.0000
1.0000
1.0000
0.0000
0.0000
0.0000
0.0000
0.0000
0.0000
0.0000
0.0000
0.0000
0.0000
0.0000
0.0000
0.0000
0.0000
0.0000
0.0000
0.0000
0.0000
0.0000
0.0000
0.0000
0.0000
0.0000
0.1606
0.6355
1.0000
1.0000
1.0000
1.0000
1.0000
0.0000
0.0000
0.0000
0.0000
0.0000
0.0000
0.0000
0.0000
0.0000
0.0000
0.0000
0.0000
0.0000
0.0000
0.0000
0.0000
0.0000
0.0000
0.0000
0.0000
0.0000
0.0000
0.2276
0.6205
1.0000
1.0000
1.0000
1.0000
1.0000
1.0000
0.0000
0.0000
0.0000
0.0000
0.0000
0.0000
0.0000
0.0000
0.0000
0.0000
0.0000
0.0000
0.0000
0.0000
0.0000
0.0000
0.0000
0.0000
0.0000
0.0000
0.0065
0.2680
0.6399
1.0000
1.0000
1.0000
1.0000
1.0000
1.0000
0.9472
0.0000
0.0000
0.0000
0.0000
0.0000
0.0000
0.0000
0.0000
0.0000
0.0000
0.0000
0.0000
0.0000
0.0000
0.0000
0.0000
0.0000
0.0000
0.0000
0.0508
0.3024
0.6455
1.0000
1.0000
1.0000
1.0000
1.0000
1.0000
0.3779
0.6619
0.0000
0.0000
0.0000
0.0000
0.0000
0.0000
0.0000
0.0000
0.0000
0.0000
0.0000
0.0000
0.0000
0.0000
0.0000
0.0000
0.0000
0.0000
0.0940
0.3394
0.6559
1.0000
1.0000
1.0000
1.0000
1.0000
1.0000
0.9065
0.1927
0.5360
0.0000
0.0000
0.0000
0.0000
0.0000
0.0000
0.0000
0.0000
0.0000
0.0000
0.0000
0.0000
0.0000
0.0000
0.0000
0.0000
0.0000
0.1358
0.3742
0.6731
1.0000
1.0000
1.0000
1.0000
1.0000
1.0000
0.9501
0.5735
0.1308
0.3773
0.0000
0.0000
0.0000
0.0000
0.0000
0.0000
0.0000
0.0000
0.0000
0.0000
0.0000
0.0000
0.0000
0.0000
0.0000
0.0000
0.1754
0.4069
0.6895
0.9997
1.0000
1.0000
1.0000
1.0000
1.0000
0.9099
0.5849
0.2276
0.0000
0.1602
0.0000
0.0000
0.0000
0.0000
0.0000
0.0000
0.0000
0.0000
0.0000
0.0000
0.0000
0.0000
0.0000
0.0000
0.0343
0.2115
0.4367
0.7054
0.9951
1.0000
1.0000
1.0000
1.0000
1.0000
0.9818
0.6215
0.3127
0.0000
0.0000
0.0210
0.0000
0.0000
0.0000
0.0000
0.0000
0.0000
0.0000
0.0000
0.0000
0.0000
0.0000
0.0000
0.0000
0.0676
0.2437
0.4633
0.7204
0.9932
1.0000
1.0000
1.0000
1.0000
1.0000
1.0000
0.6885
0.3488
0.0845
0.0000
0.0000
0.0000
0.0000
0.0000
0.0000
0.0000
0.0000
0.0000
0.0000
0.0000
0.0000
0.0000
0.0000
0.0000
0.0972
0.2720
0.4865
0.7340
0.9933
1.0000
1.0000
1.0000
1.0000
1.0000
1.0000
0.7387
0.4042
0.1000
0.0000
0.0000
0.0000
0.0000
0.0000
0.0000
0.0000
0.0000
0.0000
0.0000
0.0000
0.0000
0.0000
0.0000
0.0000
0.1230
0.2962
0.5066
0.7463
0.9947
1.0000
1.0000
1.0000
1.0000
1.0000
1.0000
0.7641
0.4546
0.1526
0.0000
0.0000
0.0000
0.0000
0.0000
0.0000
0.0000
0.0000
0.0000
0.0000
0.0000
0.0000
0.0000
0.0000
0.0075
0.1453
0.3167
0.5236
0.7574
0.9972
1.0000
1.0000
1.0000
1.0000
1.0000
1.0000
0.7837
0.4826
0.1991
0.0000
0.0000
0.0000
0.0000
0.0000
0.0000
0.0000
0.0000
0.0000
0.0000
0.0000
0.0000
0.0000
0.0000
0.0251
0.1631
0.3342
0.5381
0.7672
1.0000
1.0000
1.0000
1.0000
1.0000
1.0000
1.0000
0.8004
0.5044
0.2246
0.0000
0.0000
0.0000
0.0000
0.0000
0.0000
0.0000
0.0000
0.0000
0.0000
0.0000
0.0000
0.0000
0.0000
0.0476
0.1761
0.3473
0.5509
0.7764
1.0000
1.0000
1.0000
1.0000
1.0000
1.0000
1.0000
0.8105
0.5216
0.2440
0.0023
0.0000
0.0000
0.0000
0.0000
0.0000
0.0000
0.0000
0.0003
0.0000
0.0000
0.0000
0.0000
0.0000
0.0700
0.1956
0.3557
0.5604
0.7864
1.0000
1.0000
1.0000
1.0000
1.0000
1.0000
1.0000
0.8155
0.5315
0.2580
0.0173
0.0000
0.0000
0.0000
0.0000
0.0000
0.0000
0.0000
0.0000
0.0524
0.0000
0.0000
0.0000
0.0000
0.0556
0.2152
0.3736
0.5657
0.7942
1.0000
1.0000
1.0000
1.0000
1.0000
1.0000
1.0000
0.8167
0.5353
0.2644
0.0265
0.0000
0.0000
0.0000
0.0000
0.0000
0.0000
0.0000
0.0000
0.0000
0.1130
0.0000
0.0000
0.0745
0.0867
0.1963
0.3916
0.5843
0.7989
1.0000
1.0000
1.0000
1.0000
1.0000
1.0000
1.0000
0.8142
0.5337
0.2644
0.0285
0.0000
0.0000
0.0000
0.0000
0.0000
0.0000
0.0000
0.0000
0.0000
0.0000
0.1839
0.0000
0.0099
0.1863
0.2272
0.3693
0.6035
0.8218
1.0000
1.0000
1.0000
1.0000
1.0000
1.0000
1.0000
0.8083
0.5268
0.2583
0.0240
0.0000
0.0000
0.0000
0.0000
0.0000
0.0000
0.0000
0.0000
0.0000
0.0000
0.0000
0.2646
0.0000
0.1275
0.3226
0.4014
0.5805
0.8456
1.0000
1.0000
1.0000
1.0000
1.0000
1.0000
1.0000
0.7981
0.5141
0.2456
0.0128
0.0000
0.0000
0.0000
0.0000
0.0000
0.0000
0.0000
0.0000
0.0000
0.0000
0.0000
0.0000
0.3531
0.1474
0.2704
0.4949
0.6181
0.8264
1.0000
1.0000
1.0000
1.0000
1.0000
1.0000
1.0000
0.7819
0.4944
0.2253
0.0000
0.0000
0.0000
0.0000
0.0000
0.0000
0.0000
0.0000
0.0000
0.0000
0.0000
0.0000
0.0000
0.0000
0.4512
0.3290
0.4561
0.7186
0.8806
1.0000
1.0000
1.0000
1.0000
1.0000
1.0000
1.0000
0.7632
0.4695
0.1986
0.0000
0.0000
0.0000
0.0000
0.0000
0.0000
0.0000
0.0000
0.0000
0.0000
0.0000
0.0000
0.0000
0.0000
0.0000
0.5694
0.5456
0.7015
0.9962
1.0000
1.0000
1.0000
1.0000
1.0000
1.0000
1.0000
0.7440
0.4404
0.1661
0.0000
0.0000
0.0000
0.0000
0.0000
0.0000
0.0000
0.0000
0.0000
0.0000
0.0000
0.0000
0.0000
0.0000
0.0000
0.0000
0.7321
0.8279
1.0000
1.0000
1.0000
1.0000
1.0000
1.0000
1.0000
1.0000
0.7026
0.3907
0.1141
0.0000
0.0000
0.0000
0.0000
0.0000
0.0000
0.0000
0.0000
0.0000
0.0000
0.0000
0.0000
0.0000
0.0000
0.0000
0.0000
0.0000
0.9542
1.0000
1.0000
1.0000
1.0000
1.0000
1.0000
1.0000
0.9625
0.6413
0.3256
0.0456
0.0000
0.0000
0.0000
0.0000
0.0000
0.0000
0.0000
0.0000
0.0000
0.0000
0.0000
0.0000
0.0000
0.0000
0.0000
0.0000
0.0000
0.0000
1.0000
1.0000
1.0000
1.0000
1.0000
1.0000
1.0000
0.9785
0.6118
0.2896
0.0170
0.0000
0.0000
0.0000
0.0000
0.0000
0.0000
0.0000
0.0000
0.0000
0.0000
0.0000
0.0000
0.0000
0.0000
0.0000
0.0000
0.0000
0.0000
0.0000
1.0000
1.0000
1.0000
1.0000
1.0000
1.0000
0.8688
0.5447
0.2195
0.0000
0.0000
0.0000
0.0000
0.0000
0.0000
0.0000
0.0000
0.0000
0.0000
0.0000
0.0000
0.0000
0.0000
0.0000
0.0000
0.0000
0.0000
0.0000
0.0000
0.0000
1.0000
1.0000
1.0000
1.0000
0.8731
0.5176
0.2292
0.0000
0.0000
0.0000
0.0000
0.0000
0.0000
0.0000
0.0000
0.0000
0.0000
0.0000
0.0000
0.0000
0.0000
0.0000
0.0000
0.0000
0.0000
0.0000
0.0000
0.0000
0.0000
0.0000
1.0000
1.0000
1.0000
1.0000
0.7591
0.5369
0.3866
0.2299
0.0808
0.0000
0.0000
0.0000
0.0000
0.0000
0.0000
0.0000
0.0000
0.0000
0.0000
0.0000
0.0000
0.0000
0.0000
0.0000
0.0000
0.0000
0.0000
0.0000
0.0000
0.0000
# OPTIMIZATION PARAMETERS 
# nelx: 30
# nely: 60
# max buckling: 0.0
# penalization: 3.0
# initial densities: [0.9995 1.     0.975  ... 0.     0.     0.1488]
# FEA MODEL DATA 
# material: {'Ex': 1, 'Ey': 1, 'NUxy': 0.3}
# loads: {'Val': 0.005, 'direction': 'x', 'dof': array([1859, 1921, 1983], dtype=int64)}
# bc: Left Clamped
# 
