# densities
0.0000
0.0000
0.0001
0.0002
0.0001
0.0002
0.0002
0.0002
0.0002
0.0001
0.0002
0.0002
0.0002
0.0002
0.0002
0.0002
0.0002
0.0002
0.0000
0.0000
0.0002
0.0000
0.0002
0.0000
0.0001
0.0001
0.0000
0.0001
0.0000
0.0000
0.0002
0.0000
0.0002
0.0002
0.0002
0.0001
0.0002
0.0002
0.0002
0.0002
0.0002
0.0002
0.0002
0.0002
0.0002
0.0002
0.0002
0.0002
0.0001
0.0002
0.0002
0.0002
0.0002
0.0002
0.0000
0.0002
0.0000
0.0000
0.0000
0.0000
0.0002
0.0002
0.0002
0.0002
0.0002
0.0000
0.0002
0.0001
0.0001
0.0002
0.0002
0.0002
0.0001
0.0002
0.0002
0.0002
0.0001
0.0002
0.0002
0.0000
0.0002
0.0002
0.0002
0.0002
0.0002
0.0000
0.0001
0.0000
0.0002
0.0002
0.0002
0.0002
0.0002
0.0002
0.0002
0.0000
0.0002
0.0002
0.0002
0.0002
0.0002
0.0001
0.0002
0.0002
0.0002
0.0002
0.0002
0.0000
0.0000
0.0002
0.0002
0.0002
0.0002
0.0001
0.0002
0.0002
0.0000
0.0002
0.0002
0.0002
0.0000
0.0000
0.0000
0.0000
0.0001
0.0000
0.0001
0.0000
0.0000
0.0002
0.0000
0.0000
0.0000
0.0000
0.0000
0.0000
0.0000
0.0002
0.0002
0.0002
0.0002
0.0000
0.0002
0.0000
0.0001
0.0000
0.0000
0.0002
0.0000
0.0000
0.1346
0.1346
0.0000
0.0000
0.0000
0.0000
0.0001
0.0000
0.0002
0.0002
0.0002
0.0002
0.0000
0.0000
0.0000
0.0000
0.0000
0.0002
0.0002
0.0002
0.0212
0.0000
0.0001
0.0002
0.0002
0.0002
0.0000
0.0002
0.0212
0.0000
1.0000
1.0000
0.8475
0.1348
0.0000
0.0000
0.0000
0.0000
0.0002
0.0002
0.0002
0.0002
0.0000
0.0002
0.0000
0.0001
0.0000
0.0002
0.0000
0.0000
0.0000
0.0002
0.0002
0.0001
0.0002
0.0002
0.0002
0.0000
0.0002
0.0002
1.0000
1.0000
1.0000
1.0000
0.9079
0.0936
0.0000
0.0000
0.0000
0.0000
0.0001
0.0002
0.0002
0.0002
0.0000
0.0002
0.0000
0.0002
0.0002
0.0002
0.0001
0.0000
0.0002
0.0000
0.0002
0.0000
0.0000
0.0000
0.0002
0.0002
1.0000
1.0000
1.0000
1.0000
1.0000
1.0000
0.7923
0.0936
0.0000
0.0000
0.0000
0.0001
0.0002
0.0000
0.0002
0.0000
0.0000
0.0002
0.0002
0.0002
0.0000
0.0002
0.0002
0.0002
0.0001
0.0002
0.0002
0.0002
0.0002
0.0000
0.7739
1.0000
1.0000
1.0000
1.0000
1.0000
1.0000
1.0000
0.2377
0.0936
0.0000
0.0000
0.0000
0.0001
0.0000
0.0002
0.0002
0.0000
0.0002
0.0002
0.0000
0.0002
0.0000
0.0000
0.0002
0.0002
0.0002
0.0002
0.0000
0.0002
0.0256
0.0933
0.1189
0.9581
1.0000
1.0000
1.0000
0.9994
0.9994
0.7540
0.0936
0.0911
0.0000
0.0000
0.0000
0.0002
0.0000
0.0000
0.0002
0.0000
0.0000
0.0002
0.0002
0.0002
0.0000
0.0002
0.0002
0.0000
0.0000
0.0001
0.0011
0.0018
0.1135
0.1966
0.2636
0.9589
0.9994
0.9994
0.9994
1.0000
0.9572
0.2648
0.0932
0.0000
0.0000
0.0000
0.0000
0.0002
0.0000
0.0002
0.0000
0.0002
0.0001
0.0002
0.0000
0.0002
0.0000
0.0002
0.0001
0.0002
0.0000
0.0006
0.0094
0.8650
0.9103
0.1711
0.3729
0.8960
1.0000
1.0000
1.0000
1.0000
0.8270
0.1367
0.0935
0.0000
0.0000
0.0000
0.0002
0.0002
0.0000
0.0000
0.0002
0.0001
0.0000
0.0002
0.0000
0.0000
0.0000
0.0002
0.9982
0.9393
0.9849
0.7564
0.7619
0.7859
0.2453
0.0245
0.6913
0.9998
1.0000
1.0000
1.0000
1.0000
0.4604
0.0931
0.0006
0.0000
0.0000
0.0001
0.0002
0.0002
0.0000
0.0000
0.0002
0.0002
0.0000
0.0002
0.0002
0.0002
0.9026
0.8814
0.4450
0.1717
0.9013
0.8246
0.8688
0.0033
0.0000
0.3588
0.9982
1.0000
1.0000
1.0000
1.0000
1.0000
0.2136
0.0930
0.0000
0.0000
0.0000
0.0002
0.0000
0.0002
0.0212
0.0000
0.0000
0.0000
0.0002
0.0000
0.2885
0.2021
0.7541
0.0293
0.0643
0.2243
0.4756
0.0000
0.0000
0.0000
0.0214
0.6869
1.0000
1.0000
1.0000
1.0000
1.0000
0.6653
0.1129
0.0006
0.0000
0.0000
0.0002
0.0000
0.0002
0.0002
0.0000
0.0002
0.0002
0.0002
0.1041
0.0000
0.6027
0.0220
0.0427
0.0000
0.0000
0.0000
0.0000
0.0000
0.0000
0.0004
0.0213
0.9999
1.0000
1.0000
1.0000
1.0000
0.9788
0.4009
0.0931
0.0000
0.0000
0.0002
0.0002
0.0001
0.0212
0.0002
0.0000
0.0000
0.0000
0.0001
0.0018
0.0043
0.0041
0.0000
0.0000
0.0000
0.0000
0.0000
0.0000
0.0000
0.0000
0.0004
0.2947
0.9758
1.0000
1.0000
1.0000
1.0000
0.9168
0.1137
0.0936
0.0000
0.0000
0.0002
0.0002
0.0002
0.0000
0.0000
0.0000
0.0003
0.0908
0.0863
0.0223
0.0000
0.0000
0.0002
0.0002
0.0000
0.0001
0.0001
0.0000
0.0000
0.0000
0.1581
0.4437
0.9758
0.9976
1.0000
1.0000
0.9999
0.6106
0.0988
0.0035
0.0000
0.0001
0.0002
0.0002
0.0002
0.0000
0.0000
0.0000
0.0006
0.0000
0.0000
0.0000
0.0006
0.0000
0.0000
0.0000
0.0001
0.0001
0.0000
0.0000
0.0000
0.0001
0.2612
0.8051
1.0000
1.0000
1.0000
0.9999
0.9999
0.1341
0.0936
0.0000
0.0000
0.0002
0.0001
0.0006
0.0864
0.0164
0.1189
0.0489
0.0000
0.0000
0.0006
0.0000
0.0000
0.0001
0.0000
0.0000
0.0000
0.0000
0.0000
0.0000
0.0002
0.1433
0.8668
1.0000
1.0000
1.0000
1.0000
0.9999
0.4972
0.0945
0.0001
0.0001
0.0000
0.0008
0.0000
0.0048
0.0006
0.0000
0.0000
0.0000
0.0000
0.0000
0.0000
0.0000
0.0000
0.0000
0.0000
0.0000
0.0000
0.0000
0.0933
0.4509
0.5594
0.8705
1.0000
1.0000
1.0000
1.0000
1.0000
0.7636
0.0935
0.0000
0.0000
0.0000
0.0000
0.0157
0.0000
0.0239
0.0000
0.0000
0.0000
0.0000
0.0000
0.0000
0.0000
0.0000
0.0000
0.0001
0.0000
0.0000
0.0932
0.4725
0.8220
0.9222
1.0000
1.0000
1.0000
1.0000
1.0000
1.0000
0.9826
0.0930
0.0896
0.0000
0.0000
0.0000
0.0000
0.0008
0.0000
0.0000
0.0000
0.0000
0.0000
0.0000
0.0000
0.0000
0.0000
0.0000
0.0000
0.0000
0.0039
0.4598
0.8703
1.0000
0.9999
0.8706
0.9204
1.0000
1.0000
1.0000
1.0000
0.8214
0.3318
0.0000
0.0002
0.0000
0.0013
0.0007
0.0000
0.0000
0.0000
0.0000
0.0002
0.0000
0.0000
0.0000
0.0000
0.0000
0.0006
0.0000
0.0001
0.1365
1.0000
1.0000
1.0000
1.0000
0.6789
0.5928
1.0000
1.0000
1.0000
1.0000
0.9998
0.0002
0.0002
0.0000
0.0002
0.0000
0.0002
0.0000
0.0000
0.0002
0.0001
0.0001
0.0002
0.0000
0.0000
0.0001
0.0000
0.0000
0.0002
0.1015
0.8399
1.0000
1.0000
1.0000
0.9345
0.5201
1.0000
1.0000
1.0000
1.0000
1.0000
0.0002
0.0001
0.0002
0.0002
0.0002
0.0000
0.0000
0.0002
0.0000
0.0002
0.0000
0.0001
0.0002
0.0002
0.0001
0.0000
0.0000
0.0006
0.0835
0.7928
1.0000
1.0000
1.0000
1.0000
1.0000
0.9994
0.9994
0.9994
1.0000
1.0000
0.0002
0.0000
0.0002
0.0002
0.0000
0.0002
0.0000
0.0000
0.0002
0.0000
0.0002
0.0000
0.0001
0.0002
0.0212
0.0000
0.0000
0.0000
0.0735
0.7379
1.0000
1.0000
0.9994
1.0000
0.9994
0.9994
1.0000
1.0000
1.0000
1.0000
0.0002
0.0212
0.0000
0.0002
0.0000
0.0002
0.0000
0.0002
0.0002
0.0001
0.0002
0.0002
0.0002
0.0002
0.0002
0.0001
0.0900
0.0003
0.1148
0.8841
1.0000
1.0000
0.9994
1.0000
1.0000
1.0000
1.0000
1.0000
1.0000
1.0000
0.0001
0.0002
0.0002
0.0000
0.0002
0.0000
0.0002
0.0000
0.0000
0.0000
0.0001
0.0002
0.0002
0.0001
0.0000
0.0000
0.0899
0.0921
0.7581
0.8863
0.9998
1.0000
1.0000
1.0000
1.0000
1.0000
1.0000
1.0000
1.0000
1.0000
0.0000
0.0002
0.0000
0.0002
0.0002
0.0002
0.0001
0.0000
0.0000
0.0002
0.0002
0.0000
0.0002
0.0000
0.0000
0.0927
0.3232
0.6703
0.9999
1.0000
1.0000
1.0000
1.0000
1.0000
1.0000
1.0000
1.0000
1.0000
0.9998
1.0000
0.0002
0.0000
0.0002
0.0002
0.0000
0.0002
0.0002
0.0001
0.0002
0.0002
0.0000
0.0001
0.0002
0.0000
0.5328
0.8200
0.9578
1.0000
1.0000
1.0000
1.0000
1.0000
1.0000
1.0000
1.0000
1.0000
1.0000
1.0000
1.0000
1.0000
0.0000
0.0002
0.0000
0.0000
0.0000
0.0002
0.0001
0.0002
0.0001
0.0001
0.0001
0.0000
0.4769
0.8186
1.0000
0.9999
1.0000
0.9999
1.0000
1.0000
0.9998
1.0000
1.0000
1.0000
1.0000
1.0000
1.0000
1.0000
1.0000
0.9994
0.0002
0.0000
0.0000
0.0001
0.0002
0.0000
0.0001
0.0000
0.0000
0.0000
0.1035
0.8186
0.8232
0.9998
0.9997
0.9998
1.0000
1.0000
0.9999
1.0000
1.0000
1.0000
1.0000
1.0000
1.0000
1.0000
1.0000
0.9966
0.6529
0.2107
0.0001
0.0000
0.0002
0.0000
0.0000
0.0000
0.0002
0.0000
0.0000
0.4886
0.8218
0.9787
0.9997
0.9994
0.9788
0.9999
0.9999
0.9999
1.0000
1.0000
1.0000
1.0000
1.0000
1.0000
1.0000
1.0000
0.9403
0.1387
0.6466
0.2254
0.0000
0.0000
0.0000
0.0000
0.0900
0.0935
0.0935
0.1931
0.7806
0.8408
0.9992
1.0000
0.9788
1.0000
1.0000
1.0000
1.0000
1.0000
1.0000
1.0000
1.0000
1.0000
1.0000
1.0000
1.0000
1.0000
0.9994
0.5063
0.7814
0.6968
0.1003
0.1003
0.1003
0.1936
0.2018
0.2748
0.2748
0.8232
0.9999
1.0000
1.0000
1.0000
1.0000
1.0000
0.9999
0.9994
1.0000
1.0000
1.0000
1.0000
1.0000
1.0000
1.0000
1.0000
1.0000
0.9965
0.9965
0.9357
0.6220
0.2706
0.4719
0.6841
0.6242
0.6251
0.6251
0.6623
0.9999
0.9999
1.0000
1.0000
1.0000
1.0000
1.0000
1.0000
1.0000
1.0000
1.0000
1.0000
1.0000
1.0000
1.0000
0.9255
0.9954
0.9966
0.9960
0.9956
0.9988
0.6494
0.0002
0.0000
0.8862
0.8862
0.7157
0.8135
0.8225
0.9997
1.0000
1.0000
1.0000
1.0000
1.0000
1.0000
1.0000
1.0000
1.0000
1.0000
1.0000
1.0000
1.0000
1.0000
0.9811
0.9450
0.9059
0.9720
0.9720
0.9750
0.7807
0.0001
0.0000
0.0006
0.6650
0.8874
0.8858
0.9997
1.0000
1.0000
1.0000
1.0000
1.0000
0.9999
1.0000
1.0000
1.0000
1.0000
1.0000
1.0000
0.9972
1.0000
0.9739
0.8391
0.7163
0.8829
0.8829
0.8861
0.8859
0.3855
0.0003
0.0006
0.0000
0.0000
0.2844
0.2886
0.9788
1.0000
1.0000
1.0000
1.0000
0.9999
1.0000
1.0000
1.0000
1.0000
0.9997
0.9994
1.0000
1.0000
0.9665
0.7365
0.5484
0.7367
0.9049
0.8831
0.8862
0.7866
0.2550
0.0002
0.0000
0.0000
0.0000
0.0000
0.5223
0.5223
0.8993
1.0000
1.0000
1.0000
1.0000
1.0000
1.0000
1.0000
1.0000
1.0000
1.0000
1.0000
0.9196
0.7551
0.6708
0.7303
0.8244
0.9063
0.9048
0.7681
0.5167
0.2134
0.0001
0.0000
0.0000
0.0000
0.0000
0.0002
0.7470
0.8317
1.0000
1.0000
0.9999
1.0000
1.0000
1.0000
1.0000
1.0000
1.0000
1.0000
1.0000
0.9733
0.5756
0.6968
0.7400
0.6684
0.6266
0.6178
0.4349
0.3235
0.0604
0.0001
0.0000
0.0000
0.0000
0.0001
0.0001
0.0002
0.8380
0.9219
1.0000
1.0000
1.0000
1.0000
1.0000
1.0000
1.0000
1.0000
1.0000
0.9999
0.9777
0.9239
0.7745
0.7036
0.7616
0.6484
0.5789
0.2886
0.1594
0.0006
0.0000
0.0000
0.0000
0.0000
0.0002
0.0002
0.0001
0.0000
0.9999
0.9999
1.0000
1.0000
1.0000
0.9965
0.9964
0.9752
0.9752
0.9852
0.9998
0.9342
0.9449
0.7863
0.7626
0.3700
0.5065
0.2210
0.0705
0.0196
0.0001
0.0006
0.0000
0.0000
0.0000
0.0002
0.0000
0.0000
0.0002
0.0001
1.0000
1.0000
0.9994
0.9746
0.8993
0.9872
0.9069
0.9059
0.8960
0.7300
0.7174
0.7140
0.8014
0.5091
0.2058
0.1058
0.0240
0.0197
0.0196
0.0000
0.0000
0.0000
0.0000
0.0001
0.0001
0.0000
0.0000
0.0000
0.0000
0.0002
0.9788
1.0000
1.0000
1.0000
0.8994
0.8097
0.8971
0.8562
0.8259
0.5790
0.6318
0.8482
0.4089
0.1868
0.0274
0.0006
0.0212
0.0001
0.0006
0.0000
0.0000
0.0000
0.0001
0.0000
0.0002
0.0000
0.0002
0.0000
0.0000
0.0002
1.0000
0.9969
0.9999
0.9976
0.8542
0.9701
0.8836
0.7765
0.7921
0.4391
0.2846
0.2076
0.0124
0.0280
0.0233
0.0005
0.0000
0.0000
0.0000
0.0000
0.0000
0.0002
0.0002
0.0001
0.0000
0.0000
0.0000
0.0000
0.0002
0.0001
0.9962
0.8864
0.8035
0.8686
0.5454
0.5614
0.6931
0.3747
0.2450
0.0811
0.0750
0.5437
0.0009
0.0021
0.0212
0.0212
0.0000
0.0000
0.0000
0.0002
0.0000
0.0000
0.0001
0.0000
0.0000
0.0002
0.0000
0.0002
0.0002
0.0002
0.6121
0.2967
0.5712
0.1825
0.1687
0.2785
0.1657
0.0020
0.0001
0.0002
0.0001
0.0000
0.0000
0.0000
0.0000
0.0000
0.0000
0.0212
0.0000
0.0002
0.0000
0.0000
0.0002
0.0000
0.0002
0.0001
0.0000
0.0002
0.0002
0.0000
0.1497
0.0532
0.0175
0.1364
0.0258
0.2453
0.0000
0.0018
0.0216
0.0012
0.0000
0.0006
0.0000
0.0000
0.0000
0.0002
0.0002
0.0000
0.0000
0.0002
0.0000
0.0000
0.0002
0.0000
0.0002
0.0000
0.0001
0.0000
0.0000
0.0000
0.0000
0.0196
0.0047
0.1137
0.0003
0.0212
0.0002
0.0000
0.0000
0.0000
0.0000
0.0000
0.0000
0.0000
0.0000
0.0001
0.0000
0.0001
0.0212
0.0000
0.0002
0.0002
0.0002
0.0002
0.0000
0.0002
0.0000
0.0000
0.0000
0.0212
0.0009
0.0213
0.0000
0.0000
0.0006
0.0000
0.0000
0.0000
0.0000
0.0000
0.0000
0.0000
0.0000
0.0002
0.0001
0.0000
0.0002
0.0002
0.0000
0.0000
0.0000
0.0000
0.0000
0.0000
0.0001
0.0000
0.0000
0.0000
0.0000
0.0001
0.0000
0.0000
0.0000
0.0000
0.0006
0.0000
0.0000
0.0000
0.0000
0.0000
0.0000
0.0002
0.0002
0.0002
0.0002
0.0002
0.0002
0.0002
0.0002
0.0002
0.0001
0.0001
0.0000
0.0002
0.0002
0.0002
0.0002
0.0001
0.0002
0.0000
0.0006
0.0006
0.0000
0.0000
0.0000
0.0212
0.0000
0.0002
0.0000
0.0002
0.0002
0.0002
0.0002
0.0002
0.0002
0.0002
0.0000
0.0001
0.0002
0.0001
0.0002
0.0002
0.0001
0.0002
0.0002
0.0002
0.0002
0.0002
0.0002
0.0000
0.0001
0.0000
0.0001
0.0001
0.0001
0.0000
0.0000
0.0002
0.0002
0.0001
0.0002
0.0002
0.0000
0.0001
0.0002
0.0002
0.0002
0.0000
0.0002
0.0002
0.0002
0.0002
0.0001
0.0002
0.0002
0.0000
0.0002
0.0001
0.0002
0.0002
0.0000
0.0002
0.0212
0.0001
0.0002
0.0002
0.0002
0.0002
0.0000
0.0002
0.0002
0.0000
0.0002
0.0002
0.0002
0.0002
0.0002
0.0002
0.0002
0.0002
0.0002
0.0002
0.0002
0.0001
0.0002
0.0002
0.0002
0.0002
0.0002
0.0002
0.0002
0.0002
0.0001
0.0002
0.0002
0.0001
0.0002
0.0002
0.0002
0.0002
0.0002
0.0002
0.0002
0.0002
0.0002
0.0002
0.0002
0.0002
0.0002
0.0002
0.0002
0.0002
0.0000
0.0002
0.0002
0.0002
0.0002
0.0002
0.0000
0.0002
0.0002
0.0002
0.0002
0.0000
0.0002
0.0002
0.0002
0.0000
0.0002
0.0002
0.0002
0.0001
0.0002
0.0002
0.0002
0.0002
0.0002
0.0002
0.0002
0.0002
0.0002
0.0000
0.0000
0.0002
0.0000
0.0000
0.0001
0.0000
0.0002
0.0002
0.0000
0.0002
0.0002
0.0002
0.0002
0.0002
0.0002
0.0002
0.0002
0.0000
0.0000
0.0000
0.0000
0.0000
0.0000
0.0002
0.0000
0.0002
0.0002
0.0001
0.0002
0.0001
0.0001
0.0002
0.0001
0.0001
0.0002
0.0002
0.0002
0.0002
# OPTIMIZATION PARAMETERS 
# nelx: 30
# nely: 60
# max buckling: 0.375
# penalization: 3.0
# initial densities: [0.0301 0.     0.     ... 0.     0.     0.    ]
# FEA MODEL DATA 
# material: {'Ex': 1, 'Ey': 0.2, 'NUxy': 0.3}
# loads: {'Val': 0.005, 'direction': 'x', 'dof': array([1859, 1921, 1983], dtype=int64)}
# bc: Left Clamped
# 
