# it, buckling[l1, l2, l3, l4, l5], volume, compliance
1.0000 -12.7729 -12.6546 -12.0464 -11.8735 -10.5266 0.3000 2.9890
2.0000 -9.4730 -9.0322 -8.4420 -8.0119 -7.8610 0.3000 3.2538
3.0000 -9.0110 -8.0818 -7.8438 -7.4744 -7.2853 0.3000 3.4485
4.0000 -8.6390 -7.8084 -7.4350 -7.2050 -7.0796 0.3000 3.6995
5.0000 -8.3270 -7.6542 -7.5213 -7.1769 -6.9857 0.3000 4.0533
6.0000 -8.0721 -7.4515 -7.3049 -7.0180 -6.9599 0.3000 4.2490
7.0000 -7.8228 -7.2544 -7.1359 -7.0978 -6.9822 0.3000 4.4423
8.0000 -7.6580 -7.1376 -7.0573 -7.0389 -7.0057 0.3000 4.4888
9.0000 -7.4746 -7.0705 -6.9570 -6.9276 -6.8642 0.3000 4.4357
10.0000 -7.3581 -6.9917 -6.9234 -6.8466 -6.8176 0.3000 4.3880
11.0000 -7.3419 -6.9779 -6.9096 -6.8344 -6.8121 0.3000 4.3924
12.0000 -7.3144 -6.9575 -6.8881 -6.8854 -6.8629 0.3000 4.3960
13.0000 -7.2027 -7.1175 -6.8421 -6.7880 -6.7308 0.3000 4.4794
14.0000 -7.0276 -6.5943 -6.4972 -6.4213 -6.3462 0.3000 4.4348
15.0000 -6.7705 -6.5171 -6.2583 -6.2017 -6.1549 0.3000 4.3118
16.0000 -6.7521 -6.5008 -6.2633 -6.1921 -6.1845 0.3000 4.3171
17.0000 -6.6617 -6.4254 -6.1907 -6.1360 -6.1165 0.3000 4.3720
18.0000 -6.5841 -6.3509 -6.2224 -6.1183 -6.1064 0.3000 4.3405
19.0000 -6.5357 -6.2744 -6.1628 -6.0694 -6.0638 0.3000 4.3813
20.0000 -6.5183 -6.2565 -6.1472 -6.0537 -6.0438 0.3000 4.3693
21.0000 -6.4794 -6.1900 -6.1059 -6.0539 -6.0019 0.3000 4.2519
22.0000 -6.4741 -6.1857 -6.0924 -6.0498 -5.9981 0.3000 4.2453
23.0000 -6.4631 -6.1765 -6.0836 -6.0352 -6.0168 0.3000 4.2426
24.0000 -6.3952 -6.1263 -6.0474 -6.0036 -5.9835 0.3000 4.2315
25.0000 -6.3350 -6.1174 -6.0312 -6.0081 -5.9773 0.3000 4.1501
26.0000 -6.1854 -6.1210 -6.0733 -6.0011 -5.9420 0.3000 4.2001
27.0000 -6.1325 -6.0928 -5.9734 -5.9123 -5.8477 0.3000 4.1260
28.0000 -6.0844 -6.0116 -5.9194 -5.8335 -5.8222 0.3000 3.9912
29.0000 -6.0621 -5.9986 -5.9102 -5.8392 -5.8339 0.3000 3.9357
30.0000 -6.0671 -5.9712 -5.8792 -5.8309 -5.7656 0.3000 3.8343
31.0000 -6.0279 -5.9186 -5.8369 -5.8330 -5.7305 0.3000 3.8827
32.0000 -6.0253 -5.9163 -5.8347 -5.8308 -5.7286 0.3000 3.8874
33.0000 -6.0208 -5.9122 -5.8312 -5.8271 -5.7250 0.3000 3.8944
34.0000 -6.0168 -5.9086 -5.8262 -5.8192 -5.7217 0.3000 3.8987
35.0000 -6.0162 -5.9081 -5.8258 -5.8172 -5.7212 0.3000 3.8997
36.0000 -5.9711 -5.8677 -5.8035 -5.7738 -5.7336 0.3000 3.9127
37.0000 -5.9420 -5.8406 -5.7823 -5.7454 -5.7112 0.3000 3.9639
38.0000 -5.8929 -5.7962 -5.7888 -5.7562 -5.7223 0.3000 4.1520
39.0000 -5.8791 -5.7803 -5.7736 -5.7583 -5.7086 0.3000 4.1159
40.0000 -5.8581 -5.7796 -5.7570 -5.7311 -5.7010 0.3000 4.1077
41.0000 -5.8350 -5.7704 -5.7181 -5.6969 -5.6857 0.3000 4.0346
42.0000 -5.8177 -5.7558 -5.7094 -5.6978 -5.6545 0.3000 4.0120
43.0000 -5.7983 -5.7409 -5.6930 -5.6660 -5.6103 0.3000 3.9544
44.0000 -5.7741 -5.7167 -5.6687 -5.6420 -5.5821 0.3000 3.9702
45.0000 -5.7596 -5.7041 -5.6564 -5.6301 -5.5666 0.3000 3.9844
46.0000 -5.7429 -5.6911 -5.6431 -5.6144 -5.5548 0.3000 4.0071
47.0000 -5.7291 -5.6784 -5.6139 -5.5992 -5.5913 0.3000 3.9664
48.0000 -5.7272 -5.6764 -5.6120 -5.5973 -5.5896 0.3000 3.9645
49.0000 -5.7230 -5.6723 -5.6068 -5.5937 -5.5799 0.3000 3.9590
50.0000 -5.7198 -5.6690 -5.6039 -5.5908 -5.5760 0.3000 3.9572
51.0000 -5.7159 -5.6647 -5.6000 -5.5872 -5.5699 0.3000 3.9530
52.0000 -5.7159 -5.6647 -5.6000 -5.5872 -5.5699 0.3000 3.9530
53.0000 -5.7159 -5.6647 -5.6000 -5.5872 -5.5700 0.3000 3.9530
54.0000 -5.7159 -5.6647 -5.6000 -5.5872 -5.5700 0.3000 3.9530
55.0000 -5.7159 -5.6647 -5.6000 -5.5872 -5.5700 0.3000 3.9530
56.0000 -5.7158 -5.6612 -5.6018 -5.5884 -5.5697 0.2999 3.9530
57.0000 -5.7158 -5.6612 -5.6018 -5.5884 -5.5697 0.2999 3.9530
58.0000 -5.7158 -5.6612 -5.6018 -5.5884 -5.5697 0.2999 3.9530
59.0000 -5.7157 -5.6612 -5.6017 -5.5883 -5.5693 0.2999 3.9529
60.0000 -5.7157 -5.6612 -5.6017 -5.5883 -5.5693 0.2999 3.9529
61.0000 -5.7157 -5.6612 -5.6017 -5.5883 -5.5693 0.2999 3.9529
62.0000 -5.7157 -5.6612 -5.6017 -5.5883 -5.5693 0.2999 3.9529
63.0000 -5.7153 -5.6608 -5.6013 -5.5880 -5.5689 0.2999 3.9526
64.0000 -5.7075 -5.6250 -5.6133 -5.5784 -5.5428 0.2998 3.9404
65.0000 -5.7075 -5.6250 -5.6133 -5.5784 -5.5428 0.2998 3.9404
66.0000 -5.7075 -5.6250 -5.6133 -5.5784 -5.5428 0.2998 3.9404
67.0000 -5.7075 -5.6250 -5.6133 -5.5784 -5.5428 0.2998 3.9404
68.0000 -5.7075 -5.6250 -5.6133 -5.5784 -5.5428 0.2998 3.9404
69.0000 -5.7075 -5.6250 -5.6133 -5.5784 -5.5428 0.2998 3.9404
70.0000 -5.7075 -5.6250 -5.6133 -5.5784 -5.5428 0.2998 3.9404
71.0000 -5.7075 -5.6250 -5.6133 -5.5784 -5.5428 0.2998 3.9404
72.0000 -5.7075 -5.6250 -5.6133 -5.5784 -5.5428 0.2998 3.9404
73.0000 -5.7075 -5.6250 -5.6133 -5.5784 -5.5428 0.2998 3.9404
74.0000 -5.7075 -5.6250 -5.6133 -5.5784 -5.5428 0.2998 3.9404
75.0000 -5.7075 -5.6250 -5.6133 -5.5784 -5.5428 0.2998 3.9404
76.0000 -5.7075 -5.6250 -5.6133 -5.5784 -5.5428 0.2998 3.9404
77.0000 -5.7075 -5.6250 -5.6133 -5.5784 -5.5428 0.2998 3.9404
78.0000 -5.7075 -5.6250 -5.6133 -5.5784 -5.5428 0.2998 3.9404
79.0000 -5.7075 -5.6250 -5.6133 -5.5784 -5.5428 0.2998 3.9404
80.0000 -5.7075 -5.6250 -5.6133 -5.5784 -5.5428 0.2998 3.9404
81.0000 -5.7075 -5.6250 -5.6133 -5.5784 -5.5428 0.2998 3.9404
82.0000 -5.7075 -5.6250 -5.6133 -5.5784 -5.5428 0.2998 3.9404
83.0000 -5.7075 -5.6250 -5.6133 -5.5784 -5.5428 0.2998 3.9404
84.0000 -5.7075 -5.6250 -5.6133 -5.5784 -5.5428 0.2998 3.9404
85.0000 -5.7075 -5.6250 -5.6133 -5.5784 -5.5428 0.2998 3.9404
86.0000 -5.7075 -5.6250 -5.6133 -5.5784 -5.5428 0.2998 3.9404
87.0000 -5.7075 -5.6250 -5.6133 -5.5784 -5.5428 0.2998 3.9404
88.0000 -5.7075 -5.6250 -5.6133 -5.5784 -5.5428 0.2998 3.9404
89.0000 -5.7075 -5.6250 -5.6133 -5.5784 -5.5428 0.2998 3.9404
90.0000 -5.7075 -5.6250 -5.6133 -5.5784 -5.5428 0.2998 3.9404
91.0000 -5.7075 -5.6250 -5.6133 -5.5784 -5.5428 0.2998 3.9404
92.0000 -5.7075 -5.6250 -5.6133 -5.5784 -5.5428 0.2998 3.9404
93.0000 -5.7075 -5.6250 -5.6133 -5.5784 -5.5428 0.2998 3.9404
94.0000 -5.7075 -5.6250 -5.6133 -5.5784 -5.5428 0.2998 3.9404
95.0000 -5.7075 -5.6250 -5.6133 -5.5784 -5.5428 0.2998 3.9404
96.0000 -5.7075 -5.6250 -5.6133 -5.5784 -5.5428 0.2998 3.9404
97.0000 -5.7075 -5.6250 -5.6133 -5.5784 -5.5428 0.2998 3.9404
98.0000 -5.7075 -5.6250 -5.6133 -5.5784 -5.5428 0.2998 3.9404
99.0000 -5.7075 -5.6250 -5.6133 -5.5784 -5.5428 0.2998 3.9404
100.0000 -5.7075 -5.6250 -5.6133 -5.5784 -5.5428 0.2998 3.9404
101.0000 -5.7075 -5.6250 -5.6133 -5.5784 -5.5428 0.2998 3.9404
102.0000 -5.7075 -5.6250 -5.6133 -5.5784 -5.5428 0.2998 3.9404
103.0000 -5.7075 -5.6250 -5.6133 -5.5784 -5.5428 0.2998 3.9404
104.0000 -5.7075 -5.6250 -5.6133 -5.5784 -5.5428 0.2998 3.9404
105.0000 -5.7075 -5.6250 -5.6133 -5.5784 -5.5428 0.2998 3.9404
106.0000 -5.7075 -5.6250 -5.6133 -5.5784 -5.5428 0.2998 3.9404
107.0000 -5.7075 -5.6250 -5.6133 -5.5784 -5.5428 0.2998 3.9404
108.0000 -5.7075 -5.6250 -5.6133 -5.5784 -5.5428 0.2998 3.9404
# OPTIMIZATION PARAMETERS 
# nelx: 30
# nely: 60
# max buckling: 0.25
# penalization: 3.0
# initial densities: [1. 1. 1. ... 0. 0. 0.]
# FEA MODEL DATA 
# material: {'Ex': 0.2, 'Ey': 1, 'NUxy': 0.3}
# loads: {'Val': 0.005, 'direction': 'x', 'dof': array([1859, 1921, 1983], dtype=int64)}
# bc: Left Clamped
# 
