# densities
0.5012
0.6335
0.5197
0.4808
0.4573
0.4369
0.4201
0.4060
0.3939
0.3834
0.3743
0.3664
0.3594
0.3534
0.3483
0.3440
0.3404
0.3375
0.3352
0.3335
0.3322
0.3313
0.3308
0.3304
0.3302
0.3301
0.3301
0.3301
0.3095
0.3537
0.6397
0.7524
0.5851
0.5301
0.4936
0.4611
0.4337
0.4105
0.3905
0.3730
0.3577
0.3443
0.3326
0.3225
0.3137
0.3063
0.3001
0.2950
0.2909
0.2878
0.2854
0.2837
0.2826
0.2818
0.2813
0.2811
0.2809
0.2809
0.2491
0.3095
0.4919
0.5441
0.5062
0.4838
0.4637
0.4436
0.4255
0.4095
0.3952
0.3825
0.3713
0.3613
0.3524
0.3445
0.3376
0.3316
0.3264
0.3219
0.3181
0.3149
0.3124
0.3103
0.3087
0.3075
0.3066
0.3060
0.3057
0.3055
0.2809
0.3301
0.4564
0.4930
0.4745
0.4652
0.4527
0.4382
0.4238
0.4103
0.3978
0.3865
0.3761
0.3667
0.3583
0.3506
0.3437
0.3376
0.3320
0.3272
0.3228
0.3191
0.3158
0.3131
0.3109
0.3091
0.3077
0.3067
0.3061
0.3057
0.2809
0.3301
0.4372
0.4627
0.4531
0.4493
0.4422
0.4324
0.4217
0.4109
0.4004
0.3905
0.3812
0.3725
0.3646
0.3572
0.3504
0.3441
0.3383
0.3330
0.3282
0.3239
0.3200
0.3166
0.3136
0.3112
0.3093
0.3078
0.3067
0.3061
0.2811
0.3301
0.4246
0.4422
0.4371
0.4363
0.4327
0.4267
0.4192
0.4110
0.4026
0.3943
0.3862
0.3784
0.3710
0.3640
0.3574
0.3511
0.3451
0.3395
0.3342
0.3293
0.3248
0.3207
0.3171
0.3140
0.3114
0.3094
0.3078
0.3067
0.2814
0.3302
0.4159
0.4277
0.4257
0.4264
0.4250
0.4216
0.4167
0.4109
0.4044
0.3977
0.3909
0.3841
0.3774
0.3709
0.3645
0.3583
0.3523
0.3465
0.3409
0.3355
0.3304
0.3257
0.3214
0.3176
0.3143
0.3116
0.3094
0.3077
0.2819
0.3304
0.4095
0.4171
0.4172
0.4187
0.4188
0.4173
0.4144
0.4105
0.4058
0.4006
0.3951
0.3894
0.3835
0.3776
0.3717
0.3657
0.3598
0.3539
0.3480
0.3423
0.3368
0.3315
0.3265
0.3220
0.3180
0.3145
0.3115
0.3091
0.2828
0.3309
0.4047
0.4090
0.4107
0.4128
0.4138
0.4136
0.4123
0.4100
0.4069
0.4031
0.3988
0.3942
0.3893
0.3841
0.3787
0.3732
0.3675
0.3617
0.3557
0.3498
0.3439
0.3381
0.3326
0.3274
0.3226
0.3183
0.3145
0.3112
0.2843
0.3316
0.4009
0.4026
0.4055
0.4080
0.4096
0.4104
0.4103
0.4093
0.4075
0.4051
0.4020
0.3985
0.3946
0.3902
0.3856
0.3806
0.3753
0.3697
0.3639
0.3579
0.3518
0.3457
0.3397
0.3338
0.3282
0.3230
0.3183
0.3141
0.2866
0.3327
0.3978
0.3973
0.4013
0.4040
0.4060
0.4076
0.4084
0.4084
0.4078
0.4065
0.4046
0.4022
0.3993
0.3959
0.3921
0.3878
0.3831
0.3780
0.3725
0.3666
0.3605
0.3542
0.3478
0.3413
0.3350
0.3289
0.3232
0.3179
0.2899
0.3345
0.3951
0.3928
0.3976
0.4005
0.4029
0.4049
0.4065
0.4074
0.4078
0.4075
0.4067
0.4053
0.4034
0.4010
0.3981
0.3947
0.3908
0.3863
0.3813
0.3759
0.3699
0.3636
0.3569
0.3500
0.3430
0.3361
0.3294
0.3230
0.2947
0.3371
0.3928
0.3888
0.3944
0.3973
0.4000
0.4024
0.4045
0.4062
0.4073
0.4080
0.4081
0.4077
0.4069
0.4055
0.4036
0.4012
0.3981
0.3945
0.3903
0.3854
0.3799
0.3738
0.3672
0.3600
0.3525
0.3447
0.3371
0.3296
0.3014
0.3408
0.3905
0.3850
0.3914
0.3944
0.3972
0.3999
0.4024
0.4046
0.4064
0.4079
0.4089
0.4094
0.4095
0.4092
0.4084
0.4070
0.4051
0.4025
0.3992
0.3952
0.3905
0.3849
0.3785
0.3713
0.3634
0.3551
0.3465
0.3381
0.3104
0.3459
0.3884
0.3814
0.3885
0.3916
0.3944
0.3974
0.4002
0.4028
0.4051
0.4072
0.4089
0.4103
0.4114
0.4121
0.4123
0.4121
0.4113
0.4100
0.4079
0.4051
0.4013
0.3966
0.3908
0.3840
0.3761
0.3674
0.3582
0.3488
0.3224
0.3527
0.3864
0.3779
0.3856
0.3887
0.3916
0.3947
0.3977
0.4006
0.4034
0.4059
0.4083
0.4104
0.4123
0.4139
0.4152
0.4162
0.4167
0.4167
0.4160
0.4146
0.4123
0.4088
0.4041
0.3980
0.3906
0.3819
0.3724
0.3623
0.3381
0.3618
0.3843
0.3744
0.3828
0.3859
0.3888
0.3919
0.3950
0.3981
0.4011
0.4040
0.4069
0.4096
0.4122
0.4147
0.4170
0.4191
0.4209
0.4224
0.4233
0.4236
0.4230
0.4212
0.4181
0.4135
0.4071
0.3990
0.3895
0.3792
0.3585
0.3736
0.3822
0.3708
0.3799
0.3829
0.3858
0.3889
0.3920
0.3952
0.3984
0.4015
0.4047
0.4079
0.4110
0.4142
0.4174
0.4206
0.4237
0.4267
0.4293
0.4315
0.4331
0.4336
0.4327
0.4301
0.4256
0.4189
0.4102
0.4001
0.3845
0.3889
0.3801
0.3673
0.3770
0.3800
0.3827
0.3857
0.3888
0.3920
0.3952
0.3984
0.4018
0.4052
0.4088
0.4125
0.4165
0.4206
0.4248
0.4292
0.4337
0.4380
0.4419
0.4452
0.4473
0.4477
0.4460
0.4418
0.4348
0.4259
0.4177
0.4086
0.3781
0.3637
0.3741
0.3769
0.3796
0.3824
0.3854
0.3884
0.3915
0.3948
0.3982
0.4017
0.4055
0.4096
0.4140
0.4188
0.4240
0.4297
0.4358
0.4423
0.4489
0.4553
0.4611
0.4656
0.4680
0.4678
0.4640
0.4576
0.4598
0.4337
0.3760
0.3602
0.3712
0.3739
0.3764
0.3791
0.3818
0.3847
0.3876
0.3907
0.3939
0.3974
0.4012
0.4053
0.4100
0.4152
0.4211
0.4279
0.4354
0.4439
0.4532
0.4631
0.4732
0.4828
0.4910
0.4967
0.4981
0.4962
0.5130
0.4658
0.3741
0.3568
0.3684
0.3709
0.3732
0.3757
0.3782
0.3808
0.3834
0.3862
0.3892
0.3924
0.3960
0.4000
0.4046
0.4099
0.4161
0.4234
0.4320
0.4421
0.4538
0.4672
0.4820
0.4978
0.5136
0.5278
0.5372
0.5430
0.5803
0.5069
0.3722
0.3536
0.3657
0.3681
0.3701
0.3723
0.3746
0.3768
0.3791
0.3815
0.3841
0.3870
0.3901
0.3937
0.3980
0.4030
0.4091
0.4164
0.4255
0.4365
0.4500
0.4664
0.4858
0.5084
0.5334
0.5592
0.5805
0.5991
0.6660
0.5601
0.3704
0.3506
0.3631
0.3653
0.3672
0.3691
0.3710
0.3729
0.3749
0.3769
0.3790
0.3812
0.3838
0.3868
0.3904
0.3948
0.4003
0.4072
0.4159
0.4270
0.4413
0.4595
0.4826
0.5115
0.5468
0.5873
0.6256
0.6651
0.7761
0.6301
0.3689
0.3478
0.3608
0.3629
0.3645
0.3662
0.3678
0.3693
0.3708
0.3723
0.3739
0.3756
0.3775
0.3797
0.3825
0.3859
0.3903
0.3961
0.4038
0.4139
0.4276
0.4460
0.4708
0.5041
0.5487
0.6057
0.6658
0.7385
0.9163
0.7219
0.3675
0.3454
0.3588
0.3607
0.3621
0.3635
0.3648
0.3660
0.3671
0.3682
0.3692
0.3702
0.3714
0.3728
0.3746
0.3769
0.3799
0.3842
0.3901
0.3983
0.4099
0.4264
0.4499
0.4839
0.5335
0.6039
0.6875
0.8113
1.0000
0.8475
0.3663
0.3434
0.3571
0.3588
0.3601
0.3613
0.3623
0.3632
0.3639
0.3646
0.3651
0.3655
0.3660
0.3666
0.3673
0.3684
0.3700
0.3725
0.3762
0.3818
0.3901
0.4027
0.4219
0.4515
0.4984
0.5721
0.6678
0.8731
1.0000
1.0000
0.3654
0.3419
0.3558
0.3574
0.3585
0.3595
0.3604
0.3610
0.3614
0.3617
0.3618
0.3617
0.3616
0.3614
0.3613
0.3612
0.3615
0.3622
0.3637
0.3664
0.3711
0.3787
0.3913
0.4122
0.4479
0.5090
0.5943
0.8186
1.0000
1.0000
0.3648
0.3408
0.3549
0.3564
0.3574
0.3583
0.3590
0.3595
0.3597
0.3597
0.3595
0.3591
0.3585
0.3577
0.3569
0.3561
0.3553
0.3546
0.3543
0.3546
0.3559
0.3589
0.3648
0.3757
0.3962
0.4344
0.4905
0.6992
1.0000
0.9921
0.3645
0.3403
0.3544
0.3559
0.3569
0.3577
0.3583
0.3587
0.3588
0.3586
0.3583
0.3577
0.3569
0.3558
0.3547
0.3533
0.3519
0.3505
0.3492
0.3482
0.3475
0.3477
0.3493
0.3535
0.3630
0.3825
0.4125
0.5582
1.0000
1.0000
0.3645
0.3403
0.3544
0.3559
0.3569
0.3577
0.3583
0.3587
0.3588
0.3586
0.3583
0.3577
0.3569
0.3558
0.3547
0.3533
0.3519
0.3505
0.3492
0.3482
0.3475
0.3477
0.3493
0.3535
0.3630
0.3825
0.4125
0.5582
1.0000
1.0000
0.3648
0.3408
0.3549
0.3564
0.3574
0.3583
0.3590
0.3595
0.3597
0.3597
0.3595
0.3591
0.3585
0.3577
0.3569
0.3561
0.3553
0.3546
0.3543
0.3546
0.3559
0.3589
0.3648
0.3757
0.3962
0.4344
0.4905
0.6992
1.0000
0.9921
0.3654
0.3419
0.3558
0.3574
0.3585
0.3595
0.3604
0.3610
0.3614
0.3617
0.3618
0.3617
0.3616
0.3614
0.3613
0.3612
0.3615
0.3622
0.3637
0.3664
0.3711
0.3787
0.3913
0.4122
0.4479
0.5090
0.5943
0.8186
1.0000
1.0000
0.3663
0.3434
0.3571
0.3588
0.3601
0.3613
0.3623
0.3632
0.3639
0.3646
0.3651
0.3655
0.3660
0.3666
0.3673
0.3684
0.3700
0.3725
0.3762
0.3818
0.3901
0.4027
0.4219
0.4515
0.4984
0.5721
0.6678
0.8731
1.0000
1.0000
0.3675
0.3454
0.3588
0.3607
0.3621
0.3635
0.3648
0.3660
0.3671
0.3682
0.3692
0.3702
0.3714
0.3728
0.3746
0.3769
0.3799
0.3842
0.3901
0.3983
0.4099
0.4264
0.4499
0.4839
0.5335
0.6039
0.6875
0.8113
1.0000
0.8475
0.3689
0.3478
0.3608
0.3629
0.3645
0.3662
0.3678
0.3693
0.3708
0.3723
0.3739
0.3756
0.3775
0.3797
0.3825
0.3859
0.3903
0.3961
0.4038
0.4139
0.4276
0.4460
0.4708
0.5041
0.5487
0.6057
0.6658
0.7385
0.9163
0.7219
0.3704
0.3506
0.3631
0.3653
0.3672
0.3691
0.3710
0.3729
0.3749
0.3769
0.3790
0.3812
0.3838
0.3868
0.3904
0.3948
0.4003
0.4072
0.4159
0.4270
0.4413
0.4595
0.4826
0.5115
0.5468
0.5873
0.6256
0.6651
0.7761
0.6301
0.3722
0.3536
0.3657
0.3681
0.3701
0.3723
0.3746
0.3768
0.3791
0.3815
0.3841
0.3870
0.3901
0.3937
0.3980
0.4030
0.4091
0.4164
0.4255
0.4365
0.4500
0.4664
0.4858
0.5084
0.5334
0.5592
0.5805
0.5991
0.6660
0.5601
0.3741
0.3568
0.3684
0.3709
0.3732
0.3757
0.3782
0.3808
0.3834
0.3862
0.3892
0.3924
0.3960
0.4000
0.4046
0.4099
0.4161
0.4234
0.4320
0.4421
0.4538
0.4672
0.4820
0.4978
0.5136
0.5278
0.5372
0.5430
0.5803
0.5069
0.3760
0.3602
0.3712
0.3739
0.3764
0.3791
0.3818
0.3847
0.3876
0.3907
0.3939
0.3974
0.4012
0.4053
0.4100
0.4152
0.4211
0.4279
0.4354
0.4439
0.4532
0.4631
0.4732
0.4828
0.4910
0.4967
0.4981
0.4962
0.5130
0.4658
0.3781
0.3637
0.3741
0.3769
0.3796
0.3824
0.3854
0.3884
0.3915
0.3948
0.3982
0.4017
0.4055
0.4096
0.4140
0.4188
0.4240
0.4297
0.4358
0.4423
0.4489
0.4553
0.4611
0.4656
0.4680
0.4678
0.4640
0.4576
0.4598
0.4337
0.3801
0.3673
0.3770
0.3800
0.3827
0.3857
0.3888
0.3920
0.3952
0.3984
0.4018
0.4052
0.4088
0.4125
0.4165
0.4206
0.4248
0.4292
0.4337
0.4380
0.4419
0.4452
0.4473
0.4477
0.4460
0.4418
0.4348
0.4259
0.4177
0.4086
0.3822
0.3708
0.3799
0.3829
0.3858
0.3889
0.3920
0.3952
0.3984
0.4015
0.4047
0.4079
0.4110
0.4142
0.4174
0.4206
0.4237
0.4267
0.4293
0.4315
0.4331
0.4336
0.4327
0.4301
0.4256
0.4189
0.4102
0.4001
0.3845
0.3889
0.3843
0.3744
0.3828
0.3859
0.3888
0.3919
0.3950
0.3981
0.4011
0.4040
0.4069
0.4096
0.4122
0.4147
0.4170
0.4191
0.4209
0.4224
0.4233
0.4236
0.4230
0.4212
0.4181
0.4135
0.4071
0.3990
0.3895
0.3792
0.3585
0.3736
0.3864
0.3779
0.3856
0.3887
0.3916
0.3947
0.3977
0.4006
0.4034
0.4059
0.4083
0.4104
0.4123
0.4139
0.4152
0.4162
0.4167
0.4167
0.4160
0.4146
0.4123
0.4088
0.4041
0.3980
0.3906
0.3819
0.3724
0.3623
0.3381
0.3618
0.3884
0.3814
0.3885
0.3916
0.3944
0.3974
0.4002
0.4028
0.4051
0.4072
0.4089
0.4103
0.4114
0.4121
0.4123
0.4121
0.4113
0.4100
0.4079
0.4051
0.4013
0.3966
0.3908
0.3840
0.3761
0.3674
0.3582
0.3488
0.3224
0.3527
0.3905
0.3850
0.3914
0.3944
0.3972
0.3999
0.4024
0.4046
0.4064
0.4079
0.4089
0.4094
0.4095
0.4092
0.4084
0.4070
0.4051
0.4025
0.3992
0.3952
0.3905
0.3849
0.3785
0.3713
0.3634
0.3551
0.3465
0.3381
0.3104
0.3459
0.3928
0.3888
0.3944
0.3973
0.4000
0.4024
0.4045
0.4062
0.4073
0.4080
0.4081
0.4077
0.4069
0.4055
0.4036
0.4012
0.3981
0.3945
0.3903
0.3854
0.3799
0.3738
0.3672
0.3600
0.3525
0.3447
0.3371
0.3296
0.3014
0.3408
0.3951
0.3928
0.3976
0.4005
0.4029
0.4049
0.4065
0.4074
0.4078
0.4075
0.4067
0.4053
0.4034
0.4010
0.3981
0.3947
0.3908
0.3863
0.3813
0.3759
0.3699
0.3636
0.3569
0.3500
0.3430
0.3361
0.3294
0.3230
0.2947
0.3371
0.3978
0.3973
0.4013
0.4040
0.4060
0.4076
0.4084
0.4084
0.4078
0.4065
0.4046
0.4022
0.3993
0.3959
0.3921
0.3878
0.3831
0.3780
0.3725
0.3666
0.3605
0.3542
0.3478
0.3413
0.3350
0.3289
0.3232
0.3179
0.2899
0.3345
0.4009
0.4026
0.4055
0.4080
0.4096
0.4104
0.4103
0.4093
0.4075
0.4051
0.4020
0.3985
0.3946
0.3902
0.3856
0.3806
0.3753
0.3697
0.3639
0.3579
0.3518
0.3457
0.3397
0.3338
0.3282
0.3230
0.3183
0.3141
0.2866
0.3327
0.4047
0.4090
0.4107
0.4128
0.4138
0.4136
0.4123
0.4100
0.4069
0.4031
0.3988
0.3942
0.3893
0.3841
0.3787
0.3732
0.3675
0.3617
0.3557
0.3498
0.3439
0.3381
0.3326
0.3274
0.3226
0.3183
0.3145
0.3112
0.2843
0.3316
0.4095
0.4171
0.4172
0.4187
0.4188
0.4173
0.4144
0.4105
0.4058
0.4006
0.3951
0.3894
0.3835
0.3776
0.3717
0.3657
0.3598
0.3539
0.3480
0.3423
0.3368
0.3315
0.3265
0.3220
0.3180
0.3145
0.3115
0.3091
0.2828
0.3309
0.4159
0.4277
0.4257
0.4264
0.4250
0.4216
0.4167
0.4109
0.4044
0.3977
0.3909
0.3841
0.3774
0.3709
0.3645
0.3583
0.3523
0.3465
0.3409
0.3355
0.3304
0.3257
0.3214
0.3176
0.3143
0.3116
0.3094
0.3077
0.2819
0.3304
0.4246
0.4422
0.4371
0.4363
0.4327
0.4267
0.4192
0.4110
0.4026
0.3943
0.3862
0.3784
0.3710
0.3640
0.3574
0.3511
0.3451
0.3395
0.3342
0.3293
0.3248
0.3207
0.3171
0.3140
0.3114
0.3094
0.3078
0.3067
0.2814
0.3302
0.4372
0.4627
0.4531
0.4493
0.4422
0.4324
0.4217
0.4109
0.4004
0.3905
0.3812
0.3725
0.3646
0.3572
0.3504
0.3441
0.3383
0.3330
0.3282
0.3239
0.3200
0.3166
0.3136
0.3112
0.3093
0.3078
0.3067
0.3061
0.2811
0.3301
0.4564
0.4930
0.4745
0.4652
0.4527
0.4382
0.4238
0.4103
0.3978
0.3865
0.3761
0.3667
0.3583
0.3506
0.3437
0.3376
0.3320
0.3272
0.3228
0.3191
0.3158
0.3131
0.3109
0.3091
0.3077
0.3067
0.3061
0.3057
0.2809
0.3301
0.4919
0.5441
0.5062
0.4838
0.4637
0.4436
0.4255
0.4095
0.3952
0.3825
0.3713
0.3613
0.3524
0.3445
0.3376
0.3316
0.3264
0.3219
0.3181
0.3149
0.3124
0.3103
0.3087
0.3075
0.3066
0.3060
0.3057
0.3055
0.2809
0.3301
0.6397
0.7524
0.5851
0.5301
0.4936
0.4611
0.4337
0.4105
0.3905
0.3730
0.3577
0.3443
0.3326
0.3225
0.3137
0.3063
0.3001
0.2950
0.2909
0.2878
0.2854
0.2837
0.2826
0.2818
0.2813
0.2811
0.2809
0.2809
0.2491
0.3095
0.5012
0.6335
0.5197
0.4808
0.4573
0.4369
0.4201
0.4060
0.3939
0.3834
0.3743
0.3664
0.3594
0.3534
0.3483
0.3440
0.3404
0.3375
0.3352
0.3335
0.3322
0.3313
0.3308
0.3304
0.3302
0.3301
0.3301
0.3301
0.3095
0.3537
# OPTIMIZATION PARAMETERS 
# nelx: 30
# nely: 60
# max buckling: 0.0
# penalization: 1.0
# initial densities: 0.4
# FEA MODEL DATA 
# material: {'Ex': 10000.0, 'Ey': 10000.0, 'NUxy': 0.3}
# loads: {'Val': -10, 'direction': 'x', 'dof': array([1859, 1921, 1983], dtype=int64)}
# bc: Left Clamped
# 
