# densities
1.0000
1.0000
1.0000
1.0000
1.0000
1.0000
1.0000
0.9999
0.9998
0.9997
0.9995
0.9981
0.9957
0.9937
0.9930
0.9934
0.9947
0.9971
0.9988
0.9992
0.9994
0.9995
0.9995
0.9994
0.9994
0.9992
0.9973
0.9938
0.9899
0.9836
0.9521
0.8231
0.7067
0.5523
0.3061
0.1002
0.0625
0.0410
0.0257
0.0161
0.0093
0.0044
0.0028
0.0016
0.0010
0.0006
0.0004
0.0003
0.0003
0.0003
1.0000
1.0000
1.0000
1.0000
1.0000
0.9999
0.9999
0.9998
0.9994
0.9985
0.9961
0.9938
0.9917
0.9903
0.9890
0.9880
0.9874
0.9872
0.9875
0.9890
0.9920
0.9938
0.9942
0.9931
0.9911
0.9872
0.9806
0.9673
0.9515
0.9360
0.9126
0.8845
0.7622
0.7876
0.7751
0.7099
0.4236
0.0801
0.0399
0.0214
0.0116
0.0073
0.0044
0.0027
0.0017
0.0012
0.0009
0.0004
0.0003
0.0003
0.9995
0.9999
0.9999
0.9999
0.9999
0.9941
0.9984
0.9944
0.9845
0.9770
0.9736
0.9726
0.9734
0.9689
0.9216
0.9241
0.8376
0.8140
0.7784
0.6204
0.6052
0.4984
0.4703
0.3114
0.3454
0.3063
0.2989
0.3807
0.4742
0.6045
0.7075
0.8493
0.9021
0.9125
0.8978
0.8869
0.8335
0.7661
0.2841
0.0591
0.0331
0.0136
0.0075
0.0045
0.0030
0.0020
0.0013
0.0008
0.0004
0.0003
0.2735
0.9819
0.9977
0.9967
0.9467
0.5409
0.3601
0.3404
0.3261
0.3169
0.3329
0.4239
0.5345
0.5818
0.5543
0.3457
0.3773
0.2649
0.2181
0.3937
0.2260
0.2614
0.1769
0.3350
0.1847
0.3197
0.2975
0.2656
0.2548
0.2338
0.3032
0.3483
0.4354
0.5149
0.7539
0.8753
0.8773
0.8692
0.8422
0.6134
0.0788
0.0410
0.0145
0.0075
0.0049
0.0033
0.0020
0.0012
0.0005
0.0003
0.0448
0.2181
0.6166
0.9212
0.9288
0.8969
0.7547
0.2533
0.1830
0.1545
0.1334
0.1172
0.1062
0.2074
0.3898
0.5725
0.4337
0.4158
0.3249
0.1629
0.3581
0.2247
0.3092
0.1660
0.3679
0.1871
0.3305
0.2907
0.3053
0.3191
0.3109
0.2620
0.2785
0.3584
0.3891
0.4907
0.7902
0.8940
0.8883
0.8667
0.7893
0.1012
0.0423
0.0164
0.0093
0.0050
0.0032
0.0017
0.0009
0.0004
0.0155
0.0534
0.1475
0.3531
0.8679
0.9008
0.8914
0.8494
0.4170
0.1841
0.1302
0.0966
0.0767
0.0700
0.0835
0.1707
0.4868
0.4847
0.4431
0.3660
0.1559
0.3361
0.2128
0.3418
0.2301
0.4175
0.2876
0.3457
0.3193
0.3135
0.3602
0.3112
0.2953
0.3288
0.2909
0.2281
0.3332
0.5391
0.8929
0.8950
0.8773
0.8161
0.1076
0.0407
0.0211
0.0120
0.0048
0.0026
0.0013
0.0004
0.0055
0.0227
0.0556
0.1242
0.2123
0.8004
0.8525
0.8533
0.8311
0.6026
0.2922
0.1550
0.1108
0.0868
0.0711
0.0694
0.0902
0.3709
0.5093
0.4646
0.3690
0.1421
0.3368
0.2446
0.3594
0.3182
0.4242
0.3400
0.3519
0.3362
0.4332
0.2986
0.3043
0.3358
0.3204
0.2872
0.2316
0.2239
0.3370
0.8823
0.9010
0.8829
0.8097
0.0914
0.0429
0.0256
0.0128
0.0039
0.0018
0.0007
0.0017
0.0092
0.0282
0.0555
0.1086
0.1795
0.7264
0.7726
0.7528
0.7727
0.7305
0.4439
0.1839
0.1325
0.1017
0.0798
0.0703
0.0800
0.2980
0.5536
0.4810
0.3402
0.1773
0.3445
0.2938
0.4283
0.3524
0.4257
0.3492
0.3524
0.4624
0.3148
0.3610
0.4095
0.2781
0.2951
0.3074
0.2862
0.2099
0.2733
0.8624
0.9043
0.8779
0.7588
0.0711
0.0460
0.0272
0.0115
0.0027
0.0009
0.0009
0.0032
0.0143
0.0317
0.0540
0.0950
0.1998
0.6827
0.6777
0.6012
0.6559
0.7182
0.6221
0.3058
0.1640
0.1210
0.0916
0.0758
0.0805
0.2796
0.5940
0.4794
0.2905
0.2716
0.3454
0.4057
0.4823
0.3954
0.4391
0.3014
0.5066
0.3527
0.3194
0.4069
0.3268
0.2762
0.3095
0.2997
0.2114
0.2378
0.2984
0.8839
0.8970
0.8606
0.5665
0.0553
0.0466
0.0271
0.0064
0.0013
0.0007
0.0015
0.0067
0.0187
0.0344
0.0537
0.0862
0.2922
0.6441
0.5938
0.4753
0.4847
0.6568
0.7046
0.4826
0.2285
0.1412
0.1048
0.0841
0.0889
0.3383
0.6226
0.4568
0.2684
0.4786
0.3243
0.4804
0.4937
0.3935
0.3376
0.4715
0.3901
0.3515
0.3024
0.2706
0.2439
0.2505
0.3184
0.2222
0.2029
0.1960
0.3205
0.9012
0.9069
0.8526
0.1637
0.0451
0.0419
0.0185
0.0022
0.0005
0.0010
0.0034
0.0111
0.0223
0.0364
0.0542
0.0851
0.4436
0.5901
0.5017
0.4084
0.3673
0.5219
0.6810
0.6390
0.3696
0.1828
0.1200
0.0905
0.1329
0.4595
0.6205
0.5719
0.2455
0.4921
0.2878
0.6302
0.4875
0.2416
0.4669
0.4444
0.1754
0.2595
0.4205
0.3082
0.4478
0.4707
0.3497
0.4050
0.3291
0.1908
0.3609
0.9227
0.8991
0.8266
0.0782
0.0382
0.0405
0.0062
0.0005
0.0007
0.0017
0.0058
0.0142
0.0245
0.0373
0.0550
0.1487
0.5252
0.5343
0.4270
0.4129
0.2933
0.4003
0.5838
0.6531
0.5399
0.2504
0.1953
0.0905
0.1571
0.7752
0.5466
0.5627
0.1261
0.5440
0.6663
0.3266
0.0266
0.0300
0.7761
0.3351
0.5107
0.5685
0.5418
0.3826
0.4269
0.1062
0.2394
0.1898
0.1739
0.2117
0.4901
0.9233
0.8870
0.6097
0.0625
0.0335
0.0242
0.0004
0.0006
0.0011
0.0031
0.0080
0.0158
0.0253
0.0384
0.0749
0.2448
0.5358
0.4884
0.3650
0.4214
0.2884
0.3270
0.4603
0.5970
0.5889
0.3742
0.2097
0.3977
0.4124
0.8419
0.4023
0.6250
0.5446
0.5486
0.5979
0.7576
0.5840
0.8289
0.6714
0.5728
0.5181
0.3089
0.1339
0.2678
0.0977
0.1491
0.1526
0.1048
0.1583
0.2558
0.7615
0.9208
0.8705
0.2888
0.0457
0.0259
0.0004
0.0005
0.0008
0.0016
0.0043
0.0093
0.0165
0.0262
0.0444
0.1295
0.3845
0.5136
0.4630
0.3403
0.4438
0.3009
0.3533
0.3718
0.5546
0.5529
0.4791
0.5227
0.3511
0.7265
0.8279
0.6731
0.5140
0.6934
0.5417
0.7465
0.6739
0.5915
0.5150
0.2628
0.2426
0.0644
0.0333
0.3585
0.1272
0.1580
0.2138
0.1089
0.1141
0.1835
0.3170
0.9350
0.9121
0.7755
0.0751
0.0302
0.0004
0.0005
0.0007
0.0011
0.0023
0.0050
0.0103
0.0175
0.0325
0.0734
0.2434
0.4438
0.4801
0.4654
0.3344
0.4429
0.3215
0.4081
0.3800
0.4972
0.7063
0.4572
0.7722
0.3192
0.9283
0.8280
0.7724
0.8780
0.6710
0.4691
0.2856
0.0000
0.0000
0.0000
0.0000
0.1526
0.1558
0.2882
0.1020
0.1743
0.2081
0.1601
0.0946
0.1365
0.2416
0.6342
0.9271
0.8973
0.5592
0.0383
0.0003
0.0005
0.0006
0.0009
0.0014
0.0030
0.0059
0.0117
0.0238
0.0529
0.1513
0.3912
0.4713
0.4834
0.4446
0.3773
0.4461
0.3895
0.4668
0.5597
0.5619
0.8498
0.4890
0.8544
0.7250
0.9337
0.6706
0.3586
0.0000
0.0000
0.0000
0.0000
0.0000
0.0000
0.0000
0.0000
0.0000
0.5693
0.2221
0.0875
0.1453
0.1155
0.1007
0.1017
0.1957
0.3108
0.9299
0.9248
0.8014
0.0623
0.0003
0.0004
0.0006
0.0008
0.0011
0.0019
0.0041
0.0079
0.0168
0.0440
0.1137
0.3418
0.4921
0.5013
0.4801
0.4692
0.4175
0.5130
0.5199
0.6315
0.7562
0.6434
0.8874
0.7275
0.5126
0.8995
0.1370
0.0000
0.0000
0.0000
0.0000
0.0000
0.0000
0.0000
0.0000
0.0000
0.0001
0.0000
0.0000
0.1374
0.1618
0.1247
0.0778
0.1228
0.1522
0.2581
0.7944
0.9371
0.9125
0.3881
0.0003
0.0004
0.0006
0.0007
0.0010
0.0015
0.0031
0.0057
0.0121
0.0599
0.2093
0.3008
0.5099
0.5340
0.5523
0.4690
0.5616
0.5192
0.6740
0.7283
0.7228
0.8171
0.7818
0.6722
0.6295
0.0005
0.8166
0.0000
0.0000
0.0000
0.0000
0.0000
0.0000
0.0000
0.0000
0.0000
0.0001
0.0000
0.0000
0.0000
0.1897
0.1649
0.1001
0.1260
0.1239
0.5404
0.5812
0.9356
0.9343
0.6652
0.0003
0.0004
0.0006
0.0007
0.0009
0.0014
0.0026
0.0050
0.0118
0.1291
0.2791
0.3926
0.4879
0.5928
0.5732
0.6045
0.5855
0.7027
0.7115
0.7084
0.7820
0.8052
0.7887
0.6239
0.1621
0.4107
0.8525
0.0000
0.0000
0.0000
0.0000
0.0000
0.0000
0.0000
0.0000
0.0000
0.0000
0.0000
0.0000
0.0001
0.0000
0.5564
0.2325
0.1787
0.3323
0.4778
0.7659
0.8568
0.9511
0.8165
0.0003
0.0004
0.0006
0.0007
0.0010
0.0014
0.0025
0.0052
0.0812
0.2411
0.3763
0.4561
0.5291
0.6023
0.6489
0.6816
0.7007
0.7221
0.7205
0.7361
0.7449
0.7667
0.6063
0.4463
0.4288
0.1964
0.9772
0.0000
0.0000
0.0000
0.0000
0.0000
0.0000
0.0000
0.0000
0.0000
0.0000
0.0000
0.0000
0.0000
0.0001
0.0000
0.0000
0.3034
0.3031
0.6801
0.8443
0.6987
0.9562
0.9299
0.0003
0.0004
0.0006
0.0007
0.0010
0.0015
0.0030
0.0316
0.1611
0.3815
0.4591
0.5156
0.5553
0.6311
0.7054
0.7350
0.7437
0.7396
0.7451
0.6990
0.6040
0.5608
0.4885
0.2022
0.0830
0.0542
0.0611
0.9766
0.0000
0.0000
0.0000
0.0000
0.0000
0.0000
0.0000
0.0000
0.0000
0.0000
0.0000
0.0000
0.0001
0.0000
0.0001
0.0000
0.5552
0.5786
0.9056
0.3556
0.7731
0.9835
0.0003
0.0005
0.0006
0.0008
0.0011
0.0017
0.0058
0.0766
0.3676
0.4611
0.5570
0.5451
0.5943
0.6842
0.7492
0.7682
0.7648
0.7448
0.6895
0.6033
0.4705
0.3832
0.3569
0.1306
0.0670
0.0465
0.0457
0.9088
0.3722
0.0000
0.0000
0.0000
0.0000
0.0000
0.0000
0.0000
0.0000
0.0000
0.0000
0.0000
0.0000
0.0000
0.0001
0.0001
0.0000
0.6117
0.9590
0.1349
0.3310
0.9925
0.0003
0.0005
0.0007
0.0009
0.0013
0.0026
0.0353
0.2757
0.4527
0.6068
0.5593
0.6188
0.6681
0.7015
0.7430
0.7806
0.7625
0.6782
0.6066
0.5067
0.2949
0.2334
0.3526
0.1028
0.0359
0.0418
0.0509
0.1258
0.9166
0.3111
0.0000
0.0000
0.0000
0.0000
0.0000
0.0000
0.0000
0.0000
0.0000
0.0000
0.0000
0.0000
0.0001
0.0001
0.0004
0.0000
0.9990
0.0543
0.1862
0.9943
0.0004
0.0005
0.0007
0.0011
0.0017
0.0525
0.1237
0.4389
0.6199
0.6193
0.6529
0.6645
0.6766
0.7001
0.7446
0.7518
0.7099
0.6171
0.4992
0.3216
0.2398
0.1076
0.2801
0.1874
0.0311
0.0378
0.0483
0.0871
0.8035
0.3555
0.2849
0.3063
0.0000
0.0000
0.0000
0.0000
0.0000
0.0000
0.0000
0.0000
0.0000
0.0000
0.0000
0.0001
0.0001
0.0001
0.9926
0.0714
0.1394
0.9994
0.0004
0.0006
0.0008
0.0013
0.0067
0.0770
0.3309
0.5910
0.7043
0.6711
0.7010
0.6691
0.6756
0.7022
0.7097
0.7098
0.6466
0.5555
0.3226
0.2762
0.1769
0.0916
0.1455
0.3409
0.0366
0.0342
0.0455
0.0755
0.1552
0.8342
0.4321
0.2897
0.4830
0.4701
0.0000
0.0000
0.0020
0.0000
0.0005
0.0000
0.0000
0.0000
0.0000
0.0001
0.0001
0.0002
0.0001
0.9575
0.8733
0.9994
0.0004
0.0006
0.0009
0.0019
0.0995
0.1367
0.5469
0.7396
0.7063
0.7214
0.6891
0.6856
0.6552
0.6727
0.6467
0.6309
0.6039
0.3784
0.2972
0.2018
0.1542
0.1103
0.0990
0.3066
0.1782
0.0499
0.0513
0.0733
0.1584
0.7700
0.7253
0.5120
0.5770
0.3616
0.6166
0.5382
0.6744
0.0000
0.0000
0.0085
0.0098
0.0037
0.0000
0.0000
0.0000
0.0000
0.0001
0.9768
1.0000
0.9994
0.0005
0.0007
0.0013
0.0102
0.0850
0.4221
0.7188
0.7677
0.7344
0.6948
0.6767
0.6337
0.6280
0.6065
0.5847
0.5580
0.4315
0.3727
0.2169
0.1812
0.1481
0.1275
0.1367
0.2292
0.3494
0.1629
0.1088
0.1174
0.3627
0.6405
0.7780
0.7295
0.5464
0.5788
0.7111
0.8290
0.8635
0.9604
0.9728
0.9826
0.9910
0.9928
0.9923
0.9912
0.9921
0.9981
0.9600
0.9999
0.9994
0.9992
0.0006
0.0007
0.0018
0.1230
0.1872
0.6563
0.8079
0.7634
0.6979
0.6666
0.6081
0.6212
0.5583
0.5134
0.5188
0.3988
0.3832
0.3265
0.1786
0.2032
0.1656
0.1644
0.1660
0.2914
0.4284
0.2841
0.2335
0.3906
0.5232
0.6351
0.7466
0.7577
0.6806
0.8169
0.8819
0.9238
0.9642
0.9677
0.9709
0.9701
0.9703
0.9751
0.9844
0.9950
0.9890
0.8163
0.9987
0.9996
0.9994
0.4525
0.0007
0.0010
0.0928
0.0397
0.6126
0.7866
0.8099
0.7440
0.6896
0.6245
0.6073
0.5229
0.4705
0.4452
0.3878
0.3582
0.3013
0.3157
0.2250
0.2306
0.2248
0.2253
0.2854
0.4427
0.5344
0.5018
0.6020
0.6048
0.6665
0.6233
0.7576
0.8084
0.9032
0.9279
0.9035
0.9470
0.9625
0.9749
0.9421
0.9158
0.9057
0.8825
0.8454
0.7322
0.7172
0.4973
0.9952
0.9988
0.9994
0.6924
0.0008
0.0021
0.0256
0.5905
0.7798
0.8480
0.8559
0.7710
0.7113
0.6601
0.6154
0.5305
0.4704
0.3665
0.3297
0.3269
0.2826
0.3168
0.3789
0.2611
0.4586
0.4929
0.5936
0.6886
0.7257
0.7691
0.8012
0.7801
0.8062
0.7248
0.8512
0.8776
0.9263
0.9376
0.8898
0.8076
0.7861
0.6171
0.4322
0.4163
0.5390
0.6267
0.6726
0.7098
0.7158
0.5500
0.9872
0.9980
0.9922
0.8085
0.0017
0.0090
0.5686
0.8126
0.8837
0.9212
0.9074
0.8604
0.7461
0.7043
0.6120
0.5562
0.4106
0.3462
0.3895
0.3555
0.3578
0.5169
0.6152
0.7089
0.7233
0.8090
0.8242
0.8354
0.9004
0.8822
0.9017
0.9125
0.9269
0.9298
0.9396
0.9347
0.9263
0.9563
0.7662
0.6600
0.5003
0.3986
0.3157
0.3051
0.3196
0.4123
0.5033
0.6371
0.6870
0.5783
0.9656
0.9963
0.9870
0.0001
0.1106
0.5354
0.8616
0.9220
0.9425
0.9563
0.9611
0.9288
0.8250
0.7173
0.6400
0.5536
0.4509
0.4470
0.6846
0.6648
0.7731
0.8156
0.8245
0.8768
0.8345
0.8627
0.8715
0.9235
0.9312
0.9227
0.9300
0.9408
0.9432
0.9479
0.9572
0.9609
0.9620
0.9604
0.8133
0.6553
0.4990
0.4527
0.3491
0.2757
0.2780
0.2977
0.3635
0.3970
0.3888
0.6755
0.9787
0.9925
0.5861
0.0000
0.4382
0.8697
0.9342
0.9539
0.9643
0.9714
0.9729
0.9541
0.9037
0.8157
0.7459
0.7811
0.7631
0.8120
0.9040
0.9220
0.9412
0.9270
0.9280
0.9230
0.9106
0.9106
0.8969
0.9411
0.9450
0.9418
0.9478
0.9516
0.9343
0.9458
0.9621
0.9721
0.9665
0.9516
0.9223
0.8254
0.6915
0.6353
0.6798
0.7078
0.5370
0.4814
0.6084
0.6881
0.8398
0.9404
0.9912
0.0000
0.0000
0.0000
0.8190
0.9310
0.9570
0.9688
0.9776
0.9827
0.9830
0.9802
0.9751
0.9684
0.9485
0.9622
0.9716
0.9521
0.9779
0.9649
0.9660
0.9630
0.9623
0.9548
0.9274
0.9122
0.8893
0.9325
0.9334
0.9168
0.9190
0.9291
0.8700
0.9286
0.9232
0.9563
0.9240
0.9207
0.8732
0.8042
0.6543
0.5264
0.4472
0.5806
0.8046
0.8545
0.8315
0.8128
0.8793
0.9614
0.0000
0.0000
0.0000
0.0000
0.9155
0.9584
0.9719
0.9825
0.9888
0.9922
0.9915
0.9901
0.9894
0.9900
0.9931
0.9916
0.9913
0.9796
0.9932
0.9861
0.9828
0.9812
0.9574
0.9633
0.9479
0.8848
0.8748
0.8913
0.9180
0.9145
0.9148
0.8486
0.7659
0.7758
0.6884
0.6890
0.6429
0.5625
0.4922
0.5198
0.5426
0.5863
0.5479
0.3889
0.2738
0.3289
0.6310
0.8117
0.8747
0.0000
0.0000
0.0000
0.0000
0.0000
0.9584
0.9749
0.9843
0.9916
0.9966
0.9965
0.9965
0.9961
0.9962
0.9968
0.9964
0.9963
0.9960
0.9920
0.9963
0.9952
0.9910
0.9883
0.9427
0.9398
0.8853
0.8406
0.7845
0.7700
0.8781
0.9125
0.8955
0.7842
0.6393
0.5853
0.3938
0.2576
0.1807
0.1114
0.0593
0.0924
0.1062
0.2503
0.4468
0.6305
0.6757
0.7352
0.7496
0.7789
0.0001
0.0000
0.0000
0.0000
0.0000
0.0000
0.9764
0.9868
0.9938
0.9965
0.9977
0.9978
0.9979
0.9980
0.9981
0.9982
0.9979
0.9976
0.9977
0.9835
0.9975
0.9880
0.9749
0.9828
0.8644
0.7624
0.6105
0.6629
0.6894
0.6729
0.7978
0.8129
0.7830
0.6687
0.6668
0.7161
0.7389
0.6797
0.4753
0.2295
0.0547
0.0566
0.0372
0.0338
0.0296
0.0463
0.1840
0.5151
0.4634
0.0000
0.0000
0.0000
0.0000
0.0000
0.0000
0.0000
0.9916
0.9972
0.9979
0.9981
0.9982
0.9984
0.9986
0.9990
0.9994
0.9993
0.9992
0.9956
0.9986
0.9508
0.9926
0.9346
0.9075
0.8276
0.6410
0.4762
0.4267
0.4842
0.6041
0.6632
0.6673
0.5193
0.3634
0.3522
0.4018
0.3721
0.2753
0.2214
0.3087
0.4002
0.0731
0.0642
0.0401
0.0202
0.0153
0.0131
0.0053
0.3934
0.0001
0.0000
0.0000
0.0000
0.0000
0.0000
0.0000
0.0000
0.9969
0.9982
0.9986
0.9996
0.9996
0.9997
0.9998
0.9995
0.9996
0.9995
0.9994
0.9852
0.9766
0.7575
0.7531
0.7311
0.6253
0.3901
0.3372
0.3884
0.5062
0.4594
0.4662
0.5926
0.5773
0.4208
0.2031
0.2079
0.2480
0.1909
0.1730
0.0547
0.0325
0.2760
0.3214
0.3109
0.2778
0.0270
0.0081
0.5479
0.0017
0.0002
0.0001
0.0000
0.0000
0.0000
0.0000
0.0000
0.0000
0.0000
0.9978
0.9993
0.9998
0.9997
0.9981
0.9999
0.9993
0.9926
0.9786
0.9728
0.9607
0.8881
0.8814
0.6970
0.5019
0.3898
0.1781
0.1458
0.2912
0.4619
0.6201
0.5850
0.4327
0.4082
0.3074
0.3138
0.2685
0.2686
0.2310
0.0424
0.3114
0.1349
0.0134
0.0493
0.2326
0.1891
0.2289
0.2987
0.0042
0.0016
0.0005
0.0000
0.0000
0.0000
0.0000
0.0000
0.0000
0.0000
0.0000
0.0000
0.9983
0.9995
0.9999
0.9985
0.9302
0.9360
0.8506
0.8697
0.9227
0.8425
0.8182
0.7148
0.6646
0.6872
0.7419
0.3589
0.0983
0.1998
0.3571
0.3679
0.3947
0.5503
0.4873
0.3344
0.0832
0.0696
0.3837
0.3797
0.3956
0.0108
0.2148
0.3385
0.0087
0.0285
0.1662
0.0767
0.1173
0.0262
0.0016
0.0008
0.0001
0.0001
0.0000
0.0000
0.0000
0.0000
0.0000
0.0000
0.0000
0.0000
0.9992
0.9999
0.9999
0.9685
0.6460
0.6709
0.5408
0.3986
0.3503
0.2839
0.2177
0.1991
0.1867
0.0982
0.0495
0.1458
0.2860
0.5327
0.5136
0.4584
0.3273
0.3507
0.4821
0.4669
0.1156
0.0294
0.4136
0.3512
0.3456
0.0043
0.0163
0.2621
0.0087
0.0151
0.1528
0.0210
0.0020
0.0015
0.0009
0.0002
0.0000
0.0001
0.0000
0.0000
0.0000
0.0000
0.0000
0.0000
0.0000
0.0001
0.9994
1.0000
1.0000
0.9814
0.9093
0.8161
0.5527
0.4247
0.2921
0.2819
0.2069
0.1150
0.0033
0.1958
0.0013
0.6515
0.7477
0.6394
0.5505
0.5462
0.4384
0.2922
0.2968
0.2782
0.4396
0.0134
0.4049
0.3388
0.1681
0.0031
0.0053
0.1697
0.0017
0.0015
0.0014
0.0012
0.0010
0.0008
0.0002
0.0001
0.0001
0.0000
0.0000
0.0000
0.0000
0.0000
0.0000
0.0000
0.0000
0.0000
0.9983
0.9997
0.9999
0.9872
0.9979
0.9810
0.8498
0.7526
0.5707
0.5368
0.6335
0.6931
0.0015
0.5450
0.0009
0.6560
0.6988
0.7077
0.6104
0.5847
0.5027
0.3372
0.2590
0.0137
0.5366
0.0054
0.2345
0.2557
0.0014
0.0006
0.0006
0.0005
0.0005
0.0005
0.0004
0.0003
0.0002
0.0001
0.0001
0.0000
0.0001
0.0000
0.0000
0.0000
0.0000
0.0000
0.0000
0.0000
0.0000
0.0001
0.9717
0.9725
0.9796
0.9400
0.9909
0.9821
0.9322
0.8697
0.7162
0.5332
0.4820
0.4422
0.0030
0.4618
0.0029
0.3926
0.4408
0.4319
0.5291
0.4807
0.4396
0.4651
0.4048
0.0032
0.4409
0.0007
0.0007
0.0003
0.0001
0.0001
0.0001
0.0001
0.0001
0.0001
0.0001
0.0001
0.0000
0.0000
0.0000
0.0001
0.0001
0.0000
0.0000
0.0000
0.0000
0.0000
0.0000
0.0000
0.0001
0.0001
0.9548
0.9197
0.9322
0.7216
0.8623
0.8630
0.8057
0.7663
0.7593
0.6362
0.5150
0.4169
0.0018
0.5095
0.0009
0.0091
0.2305
0.0127
0.2677
0.0071
0.2568
0.2523
0.0031
0.0013
0.2091
0.0005
0.0004
0.0003
0.0002
0.0002
0.0002
0.0001
0.0001
0.0001
0.0001
0.0001
0.0001
0.0001
0.0001
0.0001
0.0001
0.0000
0.0000
0.0000
0.0000
0.0000
0.0000
0.0001
0.0000
0.0003
0.8686
0.9192
0.8831
0.8604
0.5013
0.0090
0.4570
0.5249
0.5268
0.4833
0.5566
0.4994
0.0008
0.3945
0.6732
0.0143
0.5477
0.0104
0.0058
0.0012
0.0010
0.0005
0.0003
0.0003
0.0002
0.0001
0.0001
0.0000
0.0000
0.0001
0.0000
0.0000
0.0000
0.0001
0.0000
0.0000
0.0000
0.0000
0.0001
0.0001
0.0001
0.0000
0.0000
0.0000
0.0000
0.0000
0.0001
0.0000
0.0001
0.0004
0.1023
0.6749
0.0000
0.0033
0.0132
0.0001
0.0349
0.0000
0.3956
0.4183
0.3187
0.2869
0.0062
0.1388
0.4260
0.0091
0.3836
0.4127
0.0008
0.0001
0.0001
0.0001
0.0000
0.0000
0.0000
0.0000
0.0000
0.0000
0.0000
0.0000
0.0000
0.0000
0.0000
0.0000
0.0000
0.0000
0.0000
0.0000
0.0000
0.0000
0.0000
0.0000
0.0001
0.0001
0.0001
0.0001
0.0000
0.0001
0.0003
0.0004
0.0584
0.5080
0.0000
0.0104
0.0402
0.0026
0.0085
0.0000
0.0000
0.0000
0.0000
0.4191
0.6854
0.6109
0.3081
0.0009
0.0004
0.0004
0.0002
0.0000
0.0000
0.0000
0.0000
0.0000
0.0000
0.0000
0.0000
0.0000
0.0000
0.0000
0.0000
0.0000
0.0000
0.0000
0.0000
0.0000
0.0000
0.0000
0.0000
0.0000
0.0000
0.0000
0.0001
0.0001
0.0001
0.0000
0.0001
0.0002
0.0004
0.0003
0.5406
0.9061
0.7856
0.0000
0.0366
0.0026
0.0000
0.0000
0.0000
0.0000
0.0000
0.0000
0.2134
0.0001
0.0001
0.0001
0.0001
0.0002
0.0000
0.0000
0.0000
0.0000
0.0000
0.0000
0.0000
0.0000
0.0000
0.0000
0.0000
0.0000
0.0000
0.0000
0.0000
0.0000
0.0000
0.0000
0.0000
0.0000
0.0000
0.0000
0.0000
0.0000
0.0001
0.0001
0.0000
0.0001
0.0003
0.0004
0.0004
0.0003
# OPTIMIZATION PARAMETERS 
# nelx: 50
# nely: 50
# max buckling: 13.797
# penalization: 1.484
# initial densities: 0.8
# FEA MODEL DATA 
# material: {'Ex': 2000.0, 'Ey': 10000.0, 'NUxy': 0.3}
# loads: {'Val': -10, 'direction': 'x', 'dof': array([2549, 2651, 2753], dtype=int64)}
# bc: Left Clamped
# 
