# densities
1.0000
1.0000
1.0000
1.0000
1.0000
1.0000
1.0000
1.0000
1.0000
0.9475
0.9845
0.9777
0.9795
1.0000
0.9620
0.9222
0.8840
0.8466
0.8093
0.7718
0.7341
0.6959
0.6572
0.6179
0.5779
0.5374
0.4962
0.4546
0.4128
0.3712
0.3298
0.2888
0.2477
0.2061
0.1641
0.1218
0.0804
0.0410
0.0046
0.0000
0.0000
0.0000
0.0000
0.0000
0.0000
0.0000
0.0000
0.0000
0.0000
0.1885
1.0000
1.0000
1.0000
1.0000
1.0000
1.0000
1.0000
1.0000
1.0000
0.9451
0.9104
0.9641
0.9405
0.9506
0.9771
0.9663
0.9039
0.8427
0.7818
0.7209
0.6598
0.5981
0.5358
0.4729
0.4091
0.3445
0.2793
0.2135
0.1475
0.0817
0.0160
0.0000
0.0000
0.0000
0.0000
0.0000
0.0000
0.0000
0.0000
0.0000
0.0000
0.0000
0.0000
0.0000
0.0000
0.0000
0.0000
0.0000
0.0000
0.0000
1.0000
1.0000
1.0000
1.0000
1.0000
1.0000
1.0000
1.0000
0.9595
0.9835
0.9838
0.9833
1.0000
0.9518
0.9060
0.8632
0.8222
0.7824
0.7431
0.7041
0.6653
0.6265
0.5875
0.5482
0.5084
0.4679
0.4267
0.3846
0.3413
0.2968
0.2507
0.2027
0.1520
0.0983
0.0418
0.0000
0.0000
0.0000
0.0000
0.0000
0.0000
0.0000
0.0000
0.0000
0.0000
0.0000
0.0000
0.0000
0.0000
0.0000
1.0000
1.0000
1.0000
1.0000
1.0000
1.0000
1.0000
0.9962
0.9983
0.9904
0.9985
0.9505
0.9072
0.8673
0.8304
0.7955
0.7623
0.7302
0.6990
0.6684
0.6382
0.6084
0.5786
0.5487
0.5185
0.4878
0.4562
0.4235
0.3893
0.3533
0.3148
0.2734
0.2282
0.1789
0.1253
0.0678
0.0073
0.0000
0.0000
0.0000
0.0000
0.0000
0.0000
0.0000
0.0000
0.0000
0.0000
0.0000
0.0000
0.0000
0.8920
1.0000
1.0000
1.0000
1.0000
1.0000
0.9947
1.0000
0.9837
0.9467
0.9115
0.8780
0.8464
0.8167
0.7885
0.7618
0.7364
0.7120
0.6885
0.6656
0.6433
0.6212
0.5992
0.5770
0.5542
0.5305
0.5055
0.4788
0.4499
0.4183
0.3836
0.3453
0.3028
0.2561
0.2051
0.1499
0.0910
0.0288
0.0000
0.0000
0.0000
0.0000
0.0000
0.0000
0.0000
0.0000
0.0000
0.0000
0.0000
0.0000
0.6852
0.7084
0.7889
0.8903
0.8848
0.8922
0.8974
0.8840
0.8659
0.8466
0.8261
0.8051
0.7841
0.7634
0.7433
0.7240
0.7057
0.6883
0.6716
0.6557
0.6402
0.6250
0.6098
0.5944
0.5784
0.5615
0.5432
0.5232
0.5009
0.4760
0.4481
0.4166
0.3812
0.3413
0.2965
0.2466
0.1914
0.1310
0.0660
0.0000
0.0000
0.0000
0.0000
0.0000
0.0000
0.0000
0.0000
0.0000
0.0000
0.0000
0.5506
0.4820
0.5944
0.7025
0.7096
0.7357
0.7601
0.7648
0.7629
0.7574
0.7488
0.7380
0.7259
0.7133
0.7006
0.6881
0.6762
0.6649
0.6543
0.6441
0.6344
0.6250
0.6156
0.6059
0.5958
0.5847
0.5725
0.5587
0.5429
0.5248
0.5037
0.4793
0.4510
0.4182
0.3801
0.3363
0.2864
0.2301
0.1676
0.0995
0.0271
0.0000
0.0000
0.0000
0.0000
0.0000
0.0000
0.0000
0.0000
0.0000
0.4625
0.3326
0.4591
0.5662
0.5758
0.6109
0.6456
0.6617
0.6708
0.6755
0.6760
0.6736
0.6692
0.6636
0.6573
0.6508
0.6445
0.6385
0.6328
0.6276
0.6227
0.6180
0.6134
0.6086
0.6035
0.5977
0.5911
0.5831
0.5735
0.5618
0.5477
0.5304
0.5094
0.4839
0.4531
0.4163
0.3728
0.3223
0.2645
0.1996
0.1282
0.0516
0.0000
0.0000
0.0000
0.0000
0.0000
0.0000
0.0000
0.0000
0.4017
0.2284
0.3589
0.4619
0.4689
0.5074
0.5473
0.5704
0.5869
0.5989
0.6066
0.6109
0.6128
0.6130
0.6122
0.6107
0.6090
0.6072
0.6057
0.6044
0.6033
0.6025
0.6018
0.6011
0.6002
0.5990
0.5972
0.5945
0.5907
0.5853
0.5778
0.5677
0.5542
0.5366
0.5140
0.4854
0.4500
0.4070
0.3559
0.2964
0.2286
0.1533
0.0722
0.0000
0.0000
0.0000
0.0000
0.0000
0.0000
0.0000
0.3577
0.1529
0.2825
0.3802
0.3821
0.4207
0.4626
0.4896
0.5108
0.5280
0.5408
0.5503
0.5571
0.5619
0.5653
0.5678
0.5697
0.5714
0.5731
0.5749
0.5768
0.5789
0.5813
0.5838
0.5863
0.5888
0.5912
0.5931
0.5944
0.5947
0.5936
0.5905
0.5846
0.5753
0.5614
0.5419
0.5158
0.4820
0.4394
0.3875
0.3257
0.2544
0.1747
0.0884
0.0000
0.0000
0.0000
0.0000
0.0000
0.0000
0.3243
0.0971
0.2226
0.3155
0.3108
0.3479
0.3899
0.4186
0.4425
0.4629
0.4793
0.4924
0.5028
0.5110
0.5177
0.5232
0.5280
0.5323
0.5363
0.5403
0.5444
0.5487
0.5532
0.5580
0.5631
0.5685
0.5740
0.5797
0.5853
0.5905
0.5951
0.5984
0.5999
0.5987
0.5939
0.5841
0.5682
0.5449
0.5126
0.4703
0.4171
0.3524
0.2770
0.1920
0.0957
0.0000
0.0000
0.0000
0.0000
0.0009
0.2982
0.0549
0.1746
0.2641
0.2520
0.2866
0.3277
0.3566
0.3817
0.4039
0.4226
0.4381
0.4510
0.4618
0.4709
0.4786
0.4854
0.4915
0.4972
0.5027
0.5082
0.5139
0.5198
0.5260
0.5327
0.5399
0.5477
0.5560
0.5648
0.5739
0.5831
0.5920
0.6000
0.6064
0.6103
0.6103
0.6052
0.5933
0.5730
0.5424
0.5001
0.4450
0.3768
0.2961
0.1999
0.0958
0.0176
0.0000
0.0000
0.0472
0.2769
0.0224
0.1358
0.2230
0.2033
0.2351
0.2746
0.3028
0.3281
0.3512
0.3711
0.3882
0.4029
0.4154
0.4261
0.4354
0.4436
0.4509
0.4577
0.4642
0.4704
0.4768
0.4833
0.4902
0.4976
0.5057
0.5146
0.5243
0.5351
0.5467
0.5592
0.5723
0.5856
0.5985
0.6101
0.6195
0.6250
0.6251
0.6177
0.6007
0.5719
0.5292
0.4717
0.3987
0.3061
0.2018
0.1215
0.0002
0.0000
0.1004
0.2589
0.0000
0.1040
0.1901
0.1629
0.1918
0.2295
0.2564
0.2813
0.3045
0.3251
0.3431
0.3589
0.3726
0.3845
0.3949
0.4041
0.4123
0.4197
0.4266
0.4332
0.4397
0.4462
0.4531
0.4605
0.4685
0.4775
0.4876
0.4989
0.5117
0.5259
0.5415
0.5583
0.5760
0.5940
0.6112
0.6266
0.6383
0.6443
0.6421
0.6289
0.6017
0.5585
0.4972
0.4126
0.3123
0.2310
0.0999
0.0000
0.1608
0.2433
0.0014
0.0780
0.1636
0.1295
0.1553
0.1912
0.2165
0.2406
0.2636
0.2844
0.3030
0.3195
0.3340
0.3468
0.3580
0.3679
0.3767
0.3846
0.3917
0.3983
0.4047
0.4109
0.4173
0.4240
0.4314
0.4396
0.4489
0.4597
0.4721
0.4863
0.5026
0.5210
0.5413
0.5633
0.5865
0.6098
0.6319
0.6507
0.6636
0.6674
0.6584
0.6333
0.5885
0.5170
0.4257
0.3452
0.2085
0.0000
0.2298
0.2294
0.0124
0.0563
0.1418
0.1018
0.1246
0.1588
0.1823
0.2053
0.2279
0.2487
0.2676
0.2846
0.2998
0.3133
0.3252
0.3358
0.3451
0.3533
0.3606
0.3672
0.3733
0.3791
0.3848
0.3906
0.3969
0.4038
0.4117
0.4209
0.4317
0.4445
0.4597
0.4774
0.4979
0.5214
0.5476
0.5761
0.6060
0.6356
0.6627
0.6838
0.6949
0.6914
0.6680
0.6156
0.5397
0.4637
0.3273
0.0446
0.3105
0.2170
0.0184
0.0383
0.1237
0.0788
0.0987
0.1312
0.1530
0.1748
0.1968
0.2175
0.2366
0.2541
0.2699
0.2840
0.2966
0.3078
0.3177
0.3263
0.3339
0.3406
0.3466
0.3520
0.3570
0.3620
0.3670
0.3725
0.3786
0.3857
0.3943
0.4046
0.4171
0.4324
0.4508
0.4728
0.4988
0.5289
0.5628
0.5998
0.6381
0.6750
0.7063
0.7270
0.7299
0.7034
0.6505
0.5860
0.4575
0.2068
0.4067
0.2058
0.0263
0.0229
0.1081
0.0597
0.0768
0.1078
0.1278
0.1485
0.1700
0.1905
0.2097
0.2275
0.2439
0.2587
0.2721
0.2840
0.2944
0.3036
0.3117
0.3186
0.3247
0.3300
0.3347
0.3390
0.3431
0.3473
0.3517
0.3568
0.3628
0.3702
0.3794
0.3909
0.4054
0.4235
0.4461
0.4739
0.5073
0.5466
0.5914
0.6399
0.6889
0.7339
0.7666
0.7727
0.7519
0.7097
0.5999
0.3998
0.5232
0.1960
0.0112
0.0100
0.0947
0.0438
0.0583
0.0879
0.1062
0.1259
0.1467
0.1671
0.1864
0.2047
0.2216
0.2371
0.2512
0.2638
0.2751
0.2850
0.2936
0.3010
0.3074
0.3128
0.3175
0.3216
0.3252
0.3285
0.3318
0.3352
0.3392
0.3438
0.3497
0.3572
0.3670
0.3799
0.3968
0.4188
0.4472
0.4832
0.5277
0.5808
0.6414
0.7065
0.7688
0.8129
0.8360
0.8363
0.7663
0.6543
0.6813
0.1872
0.0130
0.0000
0.0831
0.0304
0.0428
0.0711
0.0879
0.1065
0.1268
0.1470
0.1665
0.1851
0.2026
0.2188
0.2337
0.2471
0.2592
0.2698
0.2791
0.2872
0.2941
0.2999
0.3049
0.3091
0.3126
0.3156
0.3183
0.3209
0.3234
0.3262
0.3296
0.3338
0.3394
0.3470
0.3575
0.3720
0.3921
0.4197
0.4569
0.5058
0.5679
0.6436
0.7288
0.8105
0.8867
0.9532
0.9571
0.9473
0.9024
0.1798
0.0122
0.0000
0.0731
0.0191
0.0299
0.0569
0.0724
0.0902
0.1100
0.1301
0.1497
0.1687
0.1868
0.2037
0.2192
0.2335
0.2463
0.2577
0.2677
0.2765
0.2840
0.2905
0.2959
0.3005
0.3043
0.3075
0.3102
0.3124
0.3145
0.3164
0.3184
0.3206
0.3233
0.3270
0.3323
0.3399
0.3511
0.3679
0.3928
0.4292
0.4809
0.5523
0.6449
0.7534
0.8804
1.0000
0.9888
0.8174
0.9126
0.1737
0.0067
0.0000
0.0646
0.0097
0.0195
0.0453
0.0598
0.0768
0.0963
0.1163
0.1361
0.1554
0.1740
0.1915
0.2077
0.2226
0.2361
0.2482
0.2589
0.2684
0.2765
0.2836
0.2896
0.2947
0.2990
0.3026
0.3056
0.3082
0.3103
0.3122
0.3138
0.3154
0.3170
0.3188
0.3211
0.3242
0.3289
0.3363
0.3485
0.3685
0.4010
0.4524
0.5297
0.6385
0.7876
1.0000
1.0000
1.0000
1.0000
0.1691
0.0025
0.0000
0.0580
0.0024
0.0114
0.0363
0.0502
0.0666
0.0858
0.1057
0.1256
0.1453
0.1642
0.1822
0.1990
0.2145
0.2285
0.2412
0.2525
0.2625
0.2712
0.2788
0.2854
0.2910
0.2958
0.2998
0.3033
0.3063
0.3089
0.3111
0.3132
0.3150
0.3168
0.3184
0.3201
0.3218
0.3236
0.3260
0.3296
0.3362
0.3486
0.3721
0.4147
0.4892
0.6032
0.8098
1.0000
1.0000
1.0000
0.1660
0.0000
0.0000
0.0534
0.0000
0.0059
0.0301
0.0436
0.0596
0.0786
0.0984
0.1185
0.1384
0.1576
0.1760
0.1931
0.2090
0.2235
0.2366
0.2483
0.2587
0.2678
0.2758
0.2827
0.2887
0.2939
0.2983
0.3022
0.3057
0.3087
0.3114
0.3140
0.3165
0.3189
0.3213
0.3237
0.3259
0.3280
0.3296
0.3304
0.3303
0.3295
0.3290
0.3323
0.3504
0.3822
0.4836
0.9536
1.0000
1.0000
0.1644
0.0000
0.0000
0.0511
0.0000
0.0031
0.0269
0.0402
0.0561
0.0750
0.0948
0.1149
0.1349
0.1543
0.1728
0.1902
0.2063
0.2210
0.2343
0.2462
0.2568
0.2661
0.2743
0.2814
0.2876
0.2930
0.2977
0.3018
0.3055
0.3088
0.3119
0.3148
0.3177
0.3206
0.3237
0.3268
0.3300
0.3331
0.3356
0.3367
0.3350
0.3288
0.3146
0.2910
0.2650
0.2268
0.2284
0.5415
1.0000
1.0000
0.1644
0.0000
0.0000
0.0511
0.0000
0.0031
0.0269
0.0402
0.0561
0.0750
0.0948
0.1149
0.1349
0.1543
0.1728
0.1902
0.2063
0.2210
0.2343
0.2462
0.2568
0.2661
0.2743
0.2814
0.2876
0.2930
0.2977
0.3018
0.3055
0.3088
0.3119
0.3148
0.3177
0.3206
0.3237
0.3268
0.3300
0.3331
0.3356
0.3367
0.3350
0.3288
0.3146
0.2910
0.2650
0.2268
0.2284
0.5415
1.0000
1.0000
0.1660
0.0000
0.0000
0.0534
0.0000
0.0059
0.0301
0.0436
0.0596
0.0786
0.0984
0.1185
0.1384
0.1576
0.1760
0.1931
0.2090
0.2235
0.2366
0.2483
0.2587
0.2678
0.2758
0.2827
0.2887
0.2939
0.2983
0.3022
0.3057
0.3087
0.3114
0.3140
0.3165
0.3189
0.3213
0.3237
0.3259
0.3280
0.3296
0.3304
0.3303
0.3295
0.3290
0.3323
0.3504
0.3822
0.4836
0.9536
1.0000
1.0000
0.1691
0.0025
0.0000
0.0580
0.0024
0.0114
0.0363
0.0502
0.0666
0.0858
0.1057
0.1256
0.1453
0.1642
0.1822
0.1990
0.2145
0.2285
0.2412
0.2525
0.2625
0.2712
0.2788
0.2854
0.2910
0.2958
0.2998
0.3033
0.3063
0.3089
0.3111
0.3132
0.3150
0.3168
0.3184
0.3201
0.3218
0.3236
0.3260
0.3296
0.3362
0.3486
0.3721
0.4147
0.4892
0.6032
0.8098
1.0000
1.0000
1.0000
0.1737
0.0067
0.0000
0.0646
0.0097
0.0195
0.0453
0.0598
0.0768
0.0963
0.1163
0.1361
0.1554
0.1740
0.1915
0.2077
0.2226
0.2361
0.2482
0.2589
0.2684
0.2765
0.2836
0.2896
0.2947
0.2990
0.3026
0.3056
0.3082
0.3103
0.3122
0.3138
0.3154
0.3170
0.3188
0.3211
0.3242
0.3289
0.3363
0.3485
0.3685
0.4010
0.4524
0.5297
0.6385
0.7876
1.0000
1.0000
1.0000
1.0000
0.1798
0.0122
0.0000
0.0731
0.0191
0.0299
0.0569
0.0724
0.0902
0.1100
0.1301
0.1497
0.1687
0.1868
0.2037
0.2192
0.2335
0.2463
0.2577
0.2677
0.2765
0.2840
0.2905
0.2959
0.3005
0.3043
0.3075
0.3102
0.3124
0.3145
0.3164
0.3184
0.3206
0.3233
0.3270
0.3323
0.3399
0.3511
0.3679
0.3928
0.4292
0.4809
0.5523
0.6449
0.7534
0.8804
1.0000
0.9888
0.8174
0.9126
0.1872
0.0130
0.0000
0.0831
0.0304
0.0428
0.0711
0.0879
0.1065
0.1268
0.1470
0.1665
0.1851
0.2026
0.2188
0.2337
0.2471
0.2592
0.2698
0.2791
0.2872
0.2941
0.2999
0.3049
0.3091
0.3126
0.3156
0.3183
0.3209
0.3234
0.3262
0.3296
0.3338
0.3394
0.3470
0.3575
0.3720
0.3921
0.4197
0.4569
0.5058
0.5679
0.6436
0.7288
0.8105
0.8867
0.9532
0.9571
0.9473
0.9024
0.1960
0.0112
0.0100
0.0947
0.0438
0.0583
0.0879
0.1062
0.1259
0.1467
0.1671
0.1864
0.2047
0.2216
0.2371
0.2512
0.2638
0.2751
0.2850
0.2936
0.3010
0.3074
0.3128
0.3175
0.3216
0.3252
0.3285
0.3318
0.3352
0.3392
0.3438
0.3497
0.3572
0.3670
0.3799
0.3968
0.4188
0.4472
0.4832
0.5277
0.5808
0.6414
0.7065
0.7688
0.8129
0.8360
0.8363
0.7663
0.6543
0.6813
0.2058
0.0263
0.0229
0.1081
0.0597
0.0768
0.1078
0.1278
0.1485
0.1700
0.1905
0.2097
0.2275
0.2439
0.2587
0.2721
0.2840
0.2944
0.3036
0.3117
0.3186
0.3247
0.3300
0.3347
0.3390
0.3431
0.3473
0.3517
0.3568
0.3628
0.3702
0.3794
0.3909
0.4054
0.4235
0.4461
0.4739
0.5073
0.5466
0.5914
0.6399
0.6889
0.7339
0.7666
0.7727
0.7519
0.7097
0.5999
0.3998
0.5232
0.2170
0.0184
0.0383
0.1237
0.0788
0.0987
0.1312
0.1530
0.1748
0.1968
0.2175
0.2366
0.2541
0.2699
0.2840
0.2966
0.3078
0.3177
0.3263
0.3339
0.3406
0.3466
0.3520
0.3570
0.3620
0.3670
0.3725
0.3786
0.3857
0.3943
0.4046
0.4171
0.4324
0.4508
0.4728
0.4988
0.5289
0.5628
0.5998
0.6381
0.6750
0.7063
0.7270
0.7299
0.7034
0.6505
0.5860
0.4575
0.2068
0.4067
0.2294
0.0124
0.0563
0.1418
0.1018
0.1246
0.1588
0.1823
0.2053
0.2279
0.2487
0.2676
0.2846
0.2998
0.3133
0.3252
0.3358
0.3451
0.3533
0.3606
0.3672
0.3733
0.3791
0.3848
0.3906
0.3969
0.4038
0.4117
0.4209
0.4317
0.4445
0.4597
0.4774
0.4979
0.5214
0.5476
0.5761
0.6060
0.6356
0.6627
0.6838
0.6949
0.6914
0.6680
0.6156
0.5397
0.4637
0.3273
0.0446
0.3105
0.2433
0.0014
0.0780
0.1636
0.1295
0.1553
0.1912
0.2165
0.2406
0.2636
0.2844
0.3030
0.3195
0.3340
0.3468
0.3580
0.3679
0.3767
0.3846
0.3917
0.3983
0.4047
0.4109
0.4173
0.4240
0.4314
0.4396
0.4489
0.4597
0.4721
0.4863
0.5026
0.5210
0.5413
0.5633
0.5865
0.6098
0.6319
0.6507
0.6636
0.6674
0.6584
0.6333
0.5885
0.5170
0.4257
0.3452
0.2085
0.0000
0.2298
0.2589
0.0000
0.1040
0.1901
0.1629
0.1918
0.2295
0.2564
0.2813
0.3045
0.3251
0.3431
0.3589
0.3726
0.3845
0.3949
0.4041
0.4123
0.4197
0.4266
0.4332
0.4397
0.4462
0.4531
0.4605
0.4685
0.4775
0.4876
0.4989
0.5117
0.5259
0.5415
0.5583
0.5760
0.5940
0.6112
0.6266
0.6383
0.6443
0.6421
0.6289
0.6017
0.5585
0.4972
0.4126
0.3123
0.2310
0.0999
0.0000
0.1608
0.2769
0.0224
0.1358
0.2230
0.2033
0.2351
0.2746
0.3028
0.3281
0.3512
0.3711
0.3882
0.4029
0.4154
0.4261
0.4354
0.4436
0.4509
0.4577
0.4642
0.4704
0.4768
0.4833
0.4902
0.4976
0.5057
0.5146
0.5243
0.5351
0.5467
0.5592
0.5723
0.5856
0.5985
0.6101
0.6195
0.6250
0.6251
0.6177
0.6007
0.5719
0.5292
0.4717
0.3987
0.3061
0.2018
0.1215
0.0002
0.0000
0.1004
0.2982
0.0549
0.1746
0.2641
0.2520
0.2866
0.3277
0.3566
0.3817
0.4039
0.4226
0.4381
0.4510
0.4618
0.4709
0.4786
0.4854
0.4915
0.4972
0.5027
0.5082
0.5139
0.5198
0.5260
0.5327
0.5399
0.5477
0.5560
0.5648
0.5739
0.5831
0.5920
0.6000
0.6064
0.6103
0.6103
0.6052
0.5933
0.5730
0.5424
0.5001
0.4450
0.3768
0.2961
0.1999
0.0958
0.0176
0.0000
0.0000
0.0472
0.3243
0.0971
0.2226
0.3155
0.3108
0.3479
0.3899
0.4186
0.4425
0.4629
0.4793
0.4924
0.5028
0.5110
0.5177
0.5232
0.5280
0.5323
0.5363
0.5403
0.5444
0.5487
0.5532
0.5580
0.5631
0.5685
0.5740
0.5797
0.5853
0.5905
0.5951
0.5984
0.5999
0.5987
0.5939
0.5841
0.5682
0.5449
0.5126
0.4703
0.4171
0.3524
0.2770
0.1920
0.0957
0.0000
0.0000
0.0000
0.0000
0.0009
0.3577
0.1529
0.2825
0.3802
0.3821
0.4207
0.4626
0.4896
0.5108
0.5280
0.5408
0.5503
0.5571
0.5619
0.5653
0.5678
0.5697
0.5714
0.5731
0.5749
0.5768
0.5789
0.5813
0.5838
0.5863
0.5888
0.5912
0.5931
0.5944
0.5947
0.5936
0.5905
0.5846
0.5753
0.5614
0.5419
0.5158
0.4820
0.4394
0.3875
0.3257
0.2544
0.1747
0.0884
0.0000
0.0000
0.0000
0.0000
0.0000
0.0000
0.4017
0.2284
0.3589
0.4619
0.4689
0.5074
0.5473
0.5704
0.5869
0.5989
0.6066
0.6109
0.6128
0.6130
0.6122
0.6107
0.6090
0.6072
0.6057
0.6044
0.6033
0.6025
0.6018
0.6011
0.6002
0.5990
0.5972
0.5945
0.5907
0.5853
0.5778
0.5677
0.5542
0.5366
0.5140
0.4854
0.4500
0.4070
0.3559
0.2964
0.2286
0.1533
0.0722
0.0000
0.0000
0.0000
0.0000
0.0000
0.0000
0.0000
0.4625
0.3326
0.4591
0.5662
0.5758
0.6109
0.6456
0.6617
0.6708
0.6755
0.6760
0.6736
0.6692
0.6636
0.6573
0.6508
0.6445
0.6385
0.6328
0.6276
0.6227
0.6180
0.6134
0.6086
0.6035
0.5977
0.5911
0.5831
0.5735
0.5618
0.5477
0.5304
0.5094
0.4839
0.4531
0.4163
0.3728
0.3223
0.2645
0.1996
0.1282
0.0516
0.0000
0.0000
0.0000
0.0000
0.0000
0.0000
0.0000
0.0000
0.5506
0.4820
0.5944
0.7025
0.7096
0.7357
0.7601
0.7648
0.7629
0.7574
0.7488
0.7380
0.7259
0.7133
0.7006
0.6881
0.6762
0.6649
0.6543
0.6441
0.6344
0.6250
0.6156
0.6059
0.5958
0.5847
0.5725
0.5587
0.5429
0.5248
0.5037
0.4793
0.4510
0.4182
0.3801
0.3363
0.2864
0.2301
0.1676
0.0995
0.0271
0.0000
0.0000
0.0000
0.0000
0.0000
0.0000
0.0000
0.0000
0.0000
0.6852
0.7084
0.7889
0.8903
0.8848
0.8922
0.8974
0.8840
0.8659
0.8466
0.8261
0.8051
0.7841
0.7634
0.7433
0.7240
0.7057
0.6883
0.6716
0.6557
0.6402
0.6250
0.6098
0.5944
0.5784
0.5615
0.5432
0.5232
0.5009
0.4760
0.4481
0.4166
0.3812
0.3413
0.2965
0.2466
0.1914
0.1310
0.0660
0.0000
0.0000
0.0000
0.0000
0.0000
0.0000
0.0000
0.0000
0.0000
0.0000
0.0000
0.8920
1.0000
1.0000
1.0000
1.0000
1.0000
0.9947
1.0000
0.9837
0.9467
0.9115
0.8780
0.8464
0.8167
0.7885
0.7618
0.7364
0.7120
0.6885
0.6656
0.6433
0.6212
0.5992
0.5770
0.5542
0.5305
0.5055
0.4788
0.4499
0.4183
0.3836
0.3453
0.3028
0.2561
0.2051
0.1499
0.0910
0.0288
0.0000
0.0000
0.0000
0.0000
0.0000
0.0000
0.0000
0.0000
0.0000
0.0000
0.0000
0.0000
1.0000
1.0000
1.0000
1.0000
1.0000
1.0000
1.0000
0.9962
0.9983
0.9904
0.9985
0.9505
0.9072
0.8673
0.8304
0.7955
0.7623
0.7302
0.6990
0.6684
0.6382
0.6084
0.5786
0.5487
0.5185
0.4878
0.4562
0.4235
0.3893
0.3533
0.3148
0.2734
0.2282
0.1789
0.1253
0.0678
0.0073
0.0000
0.0000
0.0000
0.0000
0.0000
0.0000
0.0000
0.0000
0.0000
0.0000
0.0000
0.0000
0.0000
1.0000
1.0000
1.0000
1.0000
1.0000
1.0000
1.0000
1.0000
0.9595
0.9835
0.9838
0.9833
1.0000
0.9518
0.9060
0.8632
0.8222
0.7824
0.7431
0.7041
0.6653
0.6265
0.5875
0.5482
0.5084
0.4679
0.4267
0.3846
0.3413
0.2968
0.2507
0.2027
0.1520
0.0983
0.0418
0.0000
0.0000
0.0000
0.0000
0.0000
0.0000
0.0000
0.0000
0.0000
0.0000
0.0000
0.0000
0.0000
0.0000
0.0000
1.0000
1.0000
1.0000
1.0000
1.0000
1.0000
1.0000
1.0000
1.0000
0.9451
0.9104
0.9641
0.9405
0.9506
0.9771
0.9663
0.9039
0.8427
0.7818
0.7209
0.6598
0.5981
0.5358
0.4729
0.4091
0.3445
0.2793
0.2135
0.1475
0.0817
0.0160
0.0000
0.0000
0.0000
0.0000
0.0000
0.0000
0.0000
0.0000
0.0000
0.0000
0.0000
0.0000
0.0000
0.0000
0.0000
0.0000
0.0000
0.0000
0.0000
1.0000
1.0000
1.0000
1.0000
1.0000
1.0000
1.0000
1.0000
1.0000
0.9475
0.9845
0.9777
0.9795
1.0000
0.9620
0.9222
0.8840
0.8466
0.8093
0.7718
0.7341
0.6959
0.6572
0.6179
0.5779
0.5374
0.4962
0.4546
0.4128
0.3712
0.3298
0.2888
0.2477
0.2061
0.1641
0.1218
0.0804
0.0410
0.0046
0.0000
0.0000
0.0000
0.0000
0.0000
0.0000
0.0000
0.0000
0.0000
0.0000
0.1885
# OPTIMIZATION PARAMETERS 
# nelx: 50
# nely: 50
# max buckling: 0.0
# penalization: 1.484
# initial densities: 0.8
# FEA MODEL DATA 
# material: {'Ex': 10000.0, 'Ey': 10000.0, 'NUxy': 0.3}
# loads: {'Val': -10, 'direction': 'x', 'dof': array([2549, 2651, 2753], dtype=int64)}
# bc: Left Clamped
# 
