# densities
1.0000
1.0000
1.0000
1.0000
1.0000
1.0000
1.0000
1.0000
1.0000
1.0000
0.9553
0.9339
0.9456
0.9737
0.9859
0.9988
0.9482
0.8968
0.8445
0.7915
0.7376
0.6827
0.6267
0.5696
0.5113
0.4518
0.3913
0.3299
0.2679
0.2058
0.1439
0.0832
0.0248
0.0000
0.0000
0.0018
0.0000
0.0000
0.0000
0.0000
0.0000
0.0000
0.0000
0.0000
0.0000
0.0000
0.0000
0.0000
0.0000
0.0000
1.0000
1.0000
1.0000
1.0000
1.0000
1.0000
1.0000
1.0000
1.0000
0.9638
0.9275
0.9827
0.9859
1.0000
0.9485
0.8997
0.8528
0.8065
0.7604
0.7143
0.6679
0.6212
0.5740
0.5262
0.4777
0.4286
0.3788
0.3284
0.2774
0.2260
0.1741
0.1220
0.0698
0.0173
0.0000
0.0000
0.0000
0.0000
0.0000
0.0000
0.0000
0.0000
0.0000
0.0000
0.0000
0.0000
0.0000
0.0000
0.0000
0.0000
1.0000
1.0000
1.0000
1.0000
1.0000
1.0000
1.0000
0.9782
0.9519
0.9906
0.9872
1.0000
0.9655
0.9184
0.8736
0.8306
0.7895
0.7501
0.7116
0.6738
0.6364
0.5991
0.5618
0.5243
0.4865
0.4482
0.4092
0.3693
0.3284
0.2861
0.2424
0.1968
0.1492
0.0994
0.0468
0.0000
0.0000
0.0017
0.0000
0.0000
0.0000
0.0000
0.0000
0.0000
0.0000
0.0000
0.0000
0.0000
0.0000
0.0000
1.0000
1.0000
1.0000
1.0000
1.0000
1.0000
1.0000
1.0000
0.9903
0.9998
0.9771
0.9338
0.8930
0.8543
0.8174
0.7822
0.7488
0.7170
0.6865
0.6571
0.6285
0.6002
0.5722
0.5441
0.5157
0.4867
0.4567
0.4254
0.3924
0.3574
0.3199
0.2796
0.2363
0.1896
0.1392
0.0849
0.0258
0.0000
0.0122
0.0000
0.0000
0.0000
0.0000
0.0000
0.0000
0.0000
0.0000
0.0000
0.0000
0.0000
0.8465
0.9664
1.0000
0.9994
1.0000
0.9941
1.0000
0.9958
0.9617
0.9278
0.8943
0.8622
0.8313
0.8017
0.7733
0.7462
0.7205
0.6963
0.6735
0.6517
0.6307
0.6103
0.5901
0.5699
0.5492
0.5278
0.5052
0.4810
0.4548
0.4260
0.3943
0.3593
0.3207
0.2780
0.2311
0.1797
0.1233
0.0616
0.0000
0.0000
0.0000
0.0000
0.0000
0.0000
0.0000
0.0000
0.0000
0.0000
0.0000
0.0000
0.5999
0.6948
0.7782
0.8371
0.8699
0.8832
0.8823
0.8722
0.8566
0.8379
0.8176
0.7965
0.7754
0.7545
0.7343
0.7149
0.6965
0.6792
0.6631
0.6479
0.6334
0.6195
0.6058
0.5921
0.5778
0.5628
0.5466
0.5287
0.5087
0.4860
0.4603
0.4311
0.3980
0.3605
0.3183
0.2711
0.2183
0.1598
0.0955
0.0252
0.0000
0.0035
0.0000
0.0000
0.0000
0.0000
0.0000
0.0000
0.0000
0.0000
0.4431
0.5213
0.5969
0.6596
0.7059
0.7360
0.7529
0.7597
0.7591
0.7534
0.7444
0.7334
0.7212
0.7084
0.6955
0.6830
0.6711
0.6599
0.6495
0.6399
0.6309
0.6224
0.6141
0.6057
0.5970
0.5875
0.5770
0.5650
0.5509
0.5345
0.5151
0.4923
0.4655
0.4344
0.3982
0.3565
0.3088
0.2546
0.1938
0.1264
0.0528
0.0000
0.0130
0.0000
0.0000
0.0000
0.0000
0.0000
0.0000
0.0000
0.3386
0.4012
0.4670
0.5268
0.5763
0.6141
0.6411
0.6587
0.6689
0.6735
0.6738
0.6712
0.6666
0.6609
0.6544
0.6478
0.6414
0.6353
0.6298
0.6248
0.6204
0.6163
0.6125
0.6087
0.6047
0.6002
0.5948
0.5882
0.5800
0.5698
0.5570
0.5410
0.5214
0.4974
0.4685
0.4337
0.3925
0.3442
0.2884
0.2249
0.1540
0.0763
0.0000
0.0000
0.0000
0.0000
0.0000
0.0000
0.0000
0.0000
0.2661
0.3147
0.3702
0.4243
0.4726
0.5129
0.5448
0.5690
0.5864
0.5983
0.6057
0.6098
0.6115
0.6115
0.6104
0.6087
0.6068
0.6050
0.6034
0.6022
0.6013
0.6009
0.6007
0.6007
0.6006
0.6003
0.5996
0.5980
0.5953
0.5910
0.5848
0.5759
0.5638
0.5478
0.5270
0.5005
0.4673
0.4264
0.3773
0.3194
0.2527
0.1777
0.0953
0.0067
0.0000
0.0000
0.0000
0.0000
0.0000
0.0000
0.2144
0.2507
0.2961
0.3435
0.3884
0.4283
0.4621
0.4897
0.5116
0.5284
0.5409
0.5501
0.5565
0.5611
0.5642
0.5664
0.5681
0.5695
0.5710
0.5727
0.5747
0.5770
0.5796
0.5825
0.5856
0.5887
0.5918
0.5946
0.5968
0.5981
0.5980
0.5961
0.5917
0.5839
0.5719
0.5546
0.5307
0.4990
0.4584
0.4081
0.3476
0.2770
0.1970
0.1090
0.0149
0.0000
0.0000
0.0000
0.0000
0.0000
0.1763
0.2023
0.2384
0.2789
0.3195
0.3574
0.3911
0.4201
0.4444
0.4643
0.4803
0.4930
0.5030
0.5109
0.5172
0.5224
0.5267
0.5307
0.5344
0.5382
0.5421
0.5464
0.5509
0.5558
0.5612
0.5669
0.5729
0.5790
0.5853
0.5913
0.5967
0.6012
0.6041
0.6045
0.6016
0.5940
0.5804
0.5593
0.5292
0.4887
0.4368
0.3729
0.2974
0.2113
0.1168
0.0163
0.0000
0.0000
0.0000
0.0000
0.1474
0.1649
0.1928
0.2267
0.2626
0.2977
0.3302
0.3594
0.3847
0.4064
0.4245
0.4396
0.4521
0.4625
0.4711
0.4784
0.4847
0.4904
0.4956
0.5008
0.5059
0.5113
0.5169
0.5230
0.5297
0.5369
0.5447
0.5532
0.5623
0.5719
0.5818
0.5916
0.6009
0.6089
0.6147
0.6170
0.6143
0.6049
0.5869
0.5584
0.5176
0.4633
0.3951
0.3134
0.2199
0.1177
0.0105
0.0000
0.0000
0.0000
0.1248
0.1355
0.1564
0.1842
0.2155
0.2474
0.2782
0.3066
0.3321
0.3546
0.3740
0.3907
0.4049
0.4169
0.4272
0.4360
0.4437
0.4505
0.4568
0.4627
0.4684
0.4742
0.4803
0.4867
0.4938
0.5015
0.5101
0.5197
0.5304
0.5421
0.5550
0.5687
0.5830
0.5973
0.6108
0.6223
0.6304
0.6332
0.6286
0.6140
0.5871
0.5456
0.4880
0.4138
0.3243
0.2219
0.1111
0.0000
0.0000
0.0000
0.1064
0.1119
0.1270
0.1494
0.1763
0.2050
0.2336
0.2609
0.2861
0.3088
0.3289
0.3465
0.3619
0.3751
0.3866
0.3965
0.4051
0.4128
0.4196
0.4259
0.4318
0.4377
0.4436
0.4497
0.4564
0.4638
0.4721
0.4816
0.4925
0.5049
0.5190
0.5348
0.5522
0.5709
0.5903
0.6097
0.6275
0.6422
0.6513
0.6522
0.6415
0.6162
0.5732
0.5108
0.4289
0.3295
0.2167
0.0974
0.0000
0.0000
0.0909
0.0927
0.1031
0.1209
0.1437
0.1692
0.1956
0.2215
0.2460
0.2685
0.2890
0.3072
0.3234
0.3375
0.3499
0.3607
0.3701
0.3783
0.3856
0.3921
0.3980
0.4036
0.4091
0.4146
0.4204
0.4269
0.4341
0.4425
0.4523
0.4639
0.4775
0.4933
0.5116
0.5323
0.5553
0.5800
0.6056
0.6305
0.6528
0.6694
0.6768
0.6707
0.6468
0.6013
0.5323
0.4403
0.3290
0.2053
0.0818
0.0000
0.0775
0.0766
0.0834
0.0972
0.1165
0.1391
0.1633
0.1876
0.2112
0.2334
0.2539
0.2726
0.2893
0.3042
0.3173
0.3289
0.3390
0.3478
0.3554
0.3622
0.3681
0.3735
0.3785
0.3833
0.3882
0.3934
0.3992
0.4059
0.4138
0.4234
0.4350
0.4490
0.4658
0.4859
0.5094
0.5363
0.5663
0.5986
0.6315
0.6627
0.6884
0.7040
0.7034
0.6808
0.6312
0.5530
0.4484
0.3243
0.1951
0.0956
0.0656
0.0628
0.0669
0.0776
0.0938
0.1136
0.1357
0.1585
0.1812
0.2029
0.2233
0.2422
0.2594
0.2750
0.2888
0.3011
0.3119
0.3213
0.3295
0.3366
0.3428
0.3481
0.3528
0.3571
0.3612
0.3653
0.3696
0.3745
0.3803
0.3873
0.3960
0.4068
0.4204
0.4374
0.4582
0.4836
0.5139
0.5491
0.5886
0.6308
0.6729
0.7102
0.7362
0.7425
0.7206
0.6646
0.5742
0.4561
0.3267
0.2291
0.0549
0.0509
0.0531
0.0613
0.0748
0.0923
0.1123
0.1337
0.1553
0.1765
0.1968
0.2158
0.2335
0.2496
0.2642
0.2772
0.2887
0.2989
0.3077
0.3153
0.3218
0.3274
0.3322
0.3363
0.3399
0.3433
0.3466
0.3500
0.3539
0.3585
0.3643
0.3716
0.3810
0.3933
0.4091
0.4295
0.4556
0.4883
0.5283
0.5756
0.6288
0.6845
0.7369
0.7771
0.7919
0.7696
0.7046
0.6016
0.4804
0.3926
0.0452
0.0404
0.0412
0.0476
0.0590
0.0743
0.0926
0.1125
0.1332
0.1538
0.1739
0.1931
0.2111
0.2277
0.2430
0.2568
0.2691
0.2800
0.2896
0.2979
0.3050
0.3110
0.3161
0.3204
0.3240
0.3272
0.3300
0.3326
0.3353
0.3383
0.3418
0.3462
0.3518
0.3593
0.3693
0.3829
0.4015
0.4266
0.4603
0.5043
0.5597
0.6258
0.6992
0.7722
0.8322
0.8576
0.8343
0.7628
0.6617
0.5951
0.0364
0.0312
0.0311
0.0361
0.0458
0.0595
0.0761
0.0947
0.1144
0.1345
0.1544
0.1736
0.1920
0.2091
0.2250
0.2396
0.2527
0.2644
0.2747
0.2837
0.2915
0.2982
0.3038
0.3086
0.3125
0.3159
0.3187
0.3212
0.3235
0.3257
0.3281
0.3307
0.3339
0.3380
0.3434
0.3508
0.3613
0.3765
0.3987
0.4311
0.4773
0.5405
0.6221
0.7190
0.8216
0.9118
0.9513
0.9399
0.8860
0.8536
0.0287
0.0233
0.0226
0.0266
0.0351
0.0473
0.0625
0.0800
0.0988
0.1184
0.1381
0.1574
0.1760
0.1936
0.2101
0.2253
0.2391
0.2516
0.2627
0.2724
0.2809
0.2883
0.2946
0.2999
0.3044
0.3082
0.3114
0.3142
0.3166
0.3189
0.3210
0.3232
0.3255
0.3281
0.3312
0.3350
0.3401
0.3472
0.3580
0.3752
0.4030
0.4480
0.5174
0.6169
0.7470
0.8965
1.0000
0.9367
0.8553
0.7234
0.0222
0.0166
0.0155
0.0189
0.0264
0.0376
0.0517
0.0682
0.0863
0.1054
0.1249
0.1442
0.1631
0.1811
0.1981
0.2139
0.2284
0.2415
0.2532
0.2636
0.2728
0.2808
0.2877
0.2936
0.2987
0.3030
0.3068
0.3100
0.3129
0.3156
0.3181
0.3206
0.3230
0.3256
0.3284
0.3314
0.3347
0.3384
0.3430
0.3494
0.3599
0.3795
0.4175
0.4876
0.6054
0.7843
1.0000
0.9810
1.0000
1.0000
0.0170
0.0113
0.0100
0.0130
0.0199
0.0303
0.0436
0.0593
0.0768
0.0955
0.1148
0.1342
0.1533
0.1717
0.1891
0.2053
0.2203
0.2339
0.2462
0.2571
0.2668
0.2753
0.2827
0.2891
0.2947
0.2996
0.3038
0.3076
0.3110
0.3142
0.3172
0.3203
0.3234
0.3266
0.3301
0.3337
0.3376
0.3416
0.3455
0.3491
0.3524
0.3562
0.3640
0.3858
0.4427
0.5656
0.8095
1.0000
1.0000
1.0000
0.0134
0.0077
0.0062
0.0090
0.0155
0.0254
0.0381
0.0533
0.0704
0.0889
0.1081
0.1275
0.1467
0.1653
0.1830
0.1995
0.2148
0.2288
0.2415
0.2528
0.2628
0.2717
0.2795
0.2863
0.2922
0.2975
0.3021
0.3063
0.3101
0.3137
0.3172
0.3207
0.3244
0.3283
0.3326
0.3373
0.3424
0.3478
0.3534
0.3586
0.3627
0.3644
0.3625
0.3563
0.3510
0.3688
0.4680
0.8349
1.0000
1.0000
0.0115
0.0058
0.0043
0.0069
0.0133
0.0229
0.0354
0.0503
0.0672
0.0855
0.1047
0.1241
0.1434
0.1621
0.1799
0.1966
0.2121
0.2263
0.2391
0.2506
0.2609
0.2699
0.2779
0.2849
0.2911
0.2965
0.3013
0.3057
0.3097
0.3136
0.3173
0.3212
0.3252
0.3295
0.3343
0.3396
0.3456
0.3521
0.3590
0.3660
0.3724
0.3766
0.3764
0.3681
0.3473
0.3148
0.2917
0.3566
0.9823
1.0000
0.0115
0.0057
0.0042
0.0069
0.0133
0.0229
0.0354
0.0503
0.0672
0.0855
0.1047
0.1241
0.1434
0.1621
0.1799
0.1967
0.2122
0.2263
0.2392
0.2507
0.2609
0.2700
0.2779
0.2850
0.2911
0.2965
0.3014
0.3058
0.3098
0.3137
0.3175
0.3213
0.3254
0.3298
0.3346
0.3400
0.3461
0.3528
0.3599
0.3673
0.3742
0.3793
0.3804
0.3742
0.3564
0.3256
0.2999
0.3794
0.8896
1.0000
0.0133
0.0076
0.0062
0.0089
0.0155
0.0254
0.0381
0.0533
0.0704
0.0889
0.1081
0.1275
0.1467
0.1653
0.1830
0.1996
0.2149
0.2289
0.2415
0.2529
0.2629
0.2718
0.2796
0.2864
0.2924
0.2977
0.3023
0.3065
0.3104
0.3140
0.3176
0.3212
0.3250
0.3291
0.3335
0.3385
0.3439
0.3498
0.3561
0.3623
0.3679
0.3718
0.3727
0.3695
0.3632
0.3687
0.4429
0.7491
1.0000
1.0000
0.0169
0.0112
0.0099
0.0129
0.0199
0.0302
0.0436
0.0593
0.0768
0.0955
0.1149
0.1343
0.1534
0.1717
0.1891
0.2054
0.2204
0.2340
0.2463
0.2572
0.2669
0.2755
0.2829
0.2893
0.2950
0.2999
0.3042
0.3080
0.3115
0.3147
0.3179
0.3210
0.3243
0.3277
0.3315
0.3355
0.3399
0.3445
0.3493
0.3540
0.3585
0.3630
0.3696
0.3850
0.4272
0.5303
0.7627
1.0000
1.0000
1.0000
0.0220
0.0164
0.0154
0.0188
0.0263
0.0375
0.0517
0.0682
0.0863
0.1054
0.1249
0.1443
0.1632
0.1812
0.1982
0.2140
0.2285
0.2416
0.2534
0.2638
0.2730
0.2810
0.2879
0.2938
0.2989
0.3033
0.3071
0.3105
0.3134
0.3162
0.3188
0.3214
0.3240
0.3268
0.3299
0.3331
0.3368
0.3408
0.3456
0.3516
0.3607
0.3766
0.4075
0.4683
0.5800
0.7673
1.0000
1.0000
1.0000
1.0000
0.0285
0.0231
0.0224
0.0265
0.0349
0.0472
0.0625
0.0799
0.0988
0.1184
0.1381
0.1574
0.1761
0.1937
0.2102
0.2254
0.2393
0.2517
0.2628
0.2726
0.2811
0.2885
0.2947
0.3001
0.3046
0.3085
0.3117
0.3145
0.3170
0.3193
0.3215
0.3238
0.3261
0.3288
0.3318
0.3356
0.3404
0.3469
0.3563
0.3711
0.3953
0.4355
0.5009
0.6012
0.7421
0.9193
0.9983
0.9643
0.7781
0.6893
0.0362
0.0310
0.0309
0.0359
0.0457
0.0593
0.0760
0.0946
0.1144
0.1345
0.1544
0.1737
0.1920
0.2092
0.2251
0.2396
0.2527
0.2645
0.2748
0.2838
0.2916
0.2983
0.3039
0.3086
0.3126
0.3159
0.3188
0.3213
0.3235
0.3257
0.3280
0.3306
0.3336
0.3374
0.3424
0.3491
0.3586
0.3722
0.3923
0.4222
0.4661
0.5286
0.6131
0.7184
0.8347
0.9292
0.9660
0.9496
0.9078
0.8772
0.0449
0.0402
0.0410
0.0474
0.0588
0.0742
0.0925
0.1124
0.1331
0.1538
0.1739
0.1931
0.2111
0.2277
0.2430
0.2568
0.2691
0.2800
0.2895
0.2978
0.3049
0.3109
0.3160
0.3202
0.3238
0.3269
0.3296
0.3322
0.3347
0.3375
0.3408
0.3449
0.3501
0.3569
0.3662
0.3788
0.3961
0.4199
0.4523
0.4957
0.5519
0.6212
0.7006
0.7813
0.8452
0.8694
0.8403
0.7662
0.6670
0.6027
0.0546
0.0506
0.0528
0.0610
0.0746
0.0921
0.1122
0.1335
0.1552
0.1764
0.1967
0.2158
0.2334
0.2495
0.2640
0.2770
0.2886
0.2987
0.3075
0.3150
0.3215
0.3270
0.3317
0.3357
0.3393
0.3425
0.3456
0.3489
0.3525
0.3569
0.3622
0.3691
0.3780
0.3895
0.4046
0.4242
0.4496
0.4820
0.5224
0.5710
0.6270
0.6870
0.7442
0.7874
0.8022
0.7763
0.7071
0.6018
0.4811
0.3948
0.0653
0.0625
0.0666
0.0774
0.0935
0.1134
0.1355
0.1584
0.1810
0.2027
0.2232
0.2420
0.2592
0.2747
0.2885
0.3008
0.3115
0.3209
0.3290
0.3361
0.3421
0.3474
0.3520
0.3561
0.3600
0.3639
0.3681
0.3727
0.3781
0.3848
0.3931
0.4035
0.4166
0.4331
0.4536
0.4788
0.5093
0.5452
0.5862
0.6308
0.6759
0.7164
0.7447
0.7513
0.7274
0.6681
0.5746
0.4550
0.3260
0.2291
0.0772
0.0762
0.0830
0.0969
0.1162
0.1388
0.1630
0.1874
0.2109
0.2331
0.2536
0.2722
0.2889
0.3038
0.3168
0.3283
0.3383
0.3471
0.3547
0.3613
0.3671
0.3724
0.3772
0.3819
0.3866
0.3916
0.3971
0.4036
0.4112
0.4205
0.4318
0.4455
0.4622
0.4822
0.5058
0.5332
0.5641
0.5978
0.6326
0.6660
0.6939
0.7110
0.7109
0.6871
0.6352
0.5543
0.4476
0.3228
0.1937
0.0949
0.0905
0.0923
0.1027
0.1205
0.1433
0.1689
0.1953
0.2212
0.2456
0.2681
0.2885
0.3067
0.3228
0.3369
0.3492
0.3599
0.3692
0.3773
0.3845
0.3909
0.3967
0.4022
0.4075
0.4129
0.4185
0.4248
0.4318
0.4400
0.4497
0.4611
0.4746
0.4904
0.5089
0.5299
0.5535
0.5791
0.6058
0.6322
0.6561
0.6742
0.6828
0.6770
0.6524
0.6054
0.5343
0.4403
0.3277
0.2036
0.0803
0.0000
0.1060
0.1115
0.1266
0.1490
0.1759
0.2046
0.2332
0.2604
0.2856
0.3082
0.3283
0.3459
0.3611
0.3743
0.3857
0.3955
0.4041
0.4116
0.4183
0.4245
0.4303
0.4360
0.4418
0.4479
0.4544
0.4617
0.4699
0.4793
0.4902
0.5026
0.5168
0.5329
0.5507
0.5700
0.5902
0.6105
0.6296
0.6454
0.6557
0.6573
0.6469
0.6211
0.5771
0.5131
0.4296
0.3288
0.2153
0.0958
0.0000
0.0000
0.1243
0.1350
0.1559
0.1838
0.2150
0.2469
0.2776
0.3060
0.3315
0.3539
0.3733
0.3899
0.4040
0.4159
0.4261
0.4348
0.4424
0.4492
0.4553
0.4612
0.4668
0.4726
0.4785
0.4849
0.4919
0.4996
0.5083
0.5179
0.5287
0.5407
0.5538
0.5680
0.5828
0.5978
0.6121
0.6245
0.6335
0.6371
0.6331
0.6187
0.5914
0.5491
0.4904
0.4149
0.3241
0.2209
0.1096
0.0000
0.0000
0.0000
0.1469
0.1644
0.1923
0.2262
0.2621
0.2971
0.3296
0.3587
0.3840
0.4055
0.4236
0.4387
0.4511
0.4613
0.4699
0.4771
0.4834
0.4890
0.4942
0.4993
0.5044
0.5097
0.5154
0.5215
0.5281
0.5354
0.5434
0.5521
0.5615
0.5714
0.5817
0.5920
0.6018
0.6105
0.6170
0.6199
0.6178
0.6088
0.5910
0.5622
0.5209
0.4657
0.3964
0.3137
0.2194
0.1166
0.0092
0.0000
0.0000
0.0000
0.1758
0.2018
0.2379
0.2784
0.3189
0.3567
0.3904
0.4193
0.4436
0.4634
0.4793
0.4919
0.5019
0.5097
0.5160
0.5211
0.5255
0.5294
0.5331
0.5369
0.5408
0.5451
0.5497
0.5547
0.5601
0.5660
0.5722
0.5786
0.5852
0.5916
0.5975
0.6024
0.6058
0.6068
0.6044
0.5972
0.5839
0.5629
0.5326
0.4916
0.4390
0.3744
0.2980
0.2112
0.1161
0.0153
0.0000
0.0000
0.0000
0.0000
0.2139
0.2503
0.2956
0.3430
0.3878
0.4276
0.4613
0.4889
0.5107
0.5274
0.5399
0.5490
0.5554
0.5599
0.5630
0.5652
0.5669
0.5684
0.5699
0.5717
0.5737
0.5761
0.5788
0.5818
0.5851
0.5885
0.5918
0.5949
0.5974
0.5991
0.5994
0.5979
0.5939
0.5866
0.5749
0.5577
0.5338
0.5020
0.4611
0.4103
0.3491
0.2778
0.1972
0.1087
0.0142
0.0000
0.0000
0.0000
0.0000
0.0000
0.2657
0.3143
0.3697
0.4237
0.4719
0.5121
0.5440
0.5681
0.5855
0.5973
0.6047
0.6088
0.6105
0.6105
0.6094
0.6077
0.6059
0.6041
0.6026
0.6014
0.6007
0.6004
0.6003
0.6005
0.6007
0.6006
0.6001
0.5989
0.5965
0.5926
0.5867
0.5781
0.5664
0.5506
0.5299
0.5033
0.4700
0.4289
0.3793
0.3209
0.2537
0.1781
0.0953
0.0064
0.0000
0.0000
0.0000
0.0000
0.0000
0.0000
0.3382
0.4008
0.4665
0.5263
0.5756
0.6134
0.6403
0.6579
0.6681
0.6726
0.6730
0.6704
0.6659
0.6601
0.6537
0.6472
0.6408
0.6348
0.6294
0.6245
0.6202
0.6162
0.6126
0.6090
0.6052
0.6009
0.5959
0.5896
0.5817
0.5717
0.5591
0.5434
0.5239
0.5000
0.4711
0.4362
0.3948
0.3461
0.2899
0.2259
0.1546
0.0766
0.0000
0.0000
0.0000
0.0000
0.0000
0.0000
0.0000
0.0000
0.4429
0.5209
0.5965
0.6591
0.7053
0.7354
0.7523
0.7591
0.7585
0.7528
0.7439
0.7329
0.7207
0.7080
0.6952
0.6827
0.6708
0.6597
0.6494
0.6399
0.6311
0.6227
0.6146
0.6064
0.5979
0.5887
0.5784
0.5666
0.5528
0.5366
0.5173
0.4946
0.4680
0.4367
0.4005
0.3586
0.3106
0.2561
0.1949
0.1272
0.0532
0.0000
0.0132
0.0000
0.0000
0.0000
0.0000
0.0000
0.0000
0.0000
0.5998
0.6946
0.7779
0.8368
0.8695
0.8828
0.8820
0.8719
0.8563
0.8377
0.8174
0.7964
0.7753
0.7545
0.7343
0.7150
0.6967
0.6795
0.6634
0.6484
0.6341
0.6203
0.6068
0.5932
0.5791
0.5643
0.5483
0.5305
0.5106
0.4881
0.4625
0.4333
0.4002
0.3626
0.3203
0.2728
0.2198
0.1610
0.0963
0.0258
0.0000
0.0038
0.0000
0.0000
0.0000
0.0000
0.0000
0.0000
0.0000
0.0000
0.8465
0.9663
1.0000
0.9994
1.0000
0.9942
1.0000
0.9959
0.9618
0.9280
0.8945
0.8624
0.8317
0.8021
0.7737
0.7467
0.7211
0.6970
0.6742
0.6526
0.6317
0.6114
0.5914
0.5713
0.5508
0.5295
0.5070
0.4829
0.4568
0.4281
0.3964
0.3614
0.3226
0.2798
0.2327
0.1811
0.1244
0.0626
0.0000
0.0000
0.0000
0.0000
0.0000
0.0000
0.0000
0.0000
0.0000
0.0000
0.0000
0.0000
1.0000
1.0000
1.0000
1.0000
1.0000
1.0000
1.0000
1.0000
0.9905
0.9998
0.9778
0.9346
0.8938
0.8551
0.8183
0.7832
0.7498
0.7181
0.6877
0.6584
0.6298
0.6017
0.5738
0.5458
0.5174
0.4885
0.4586
0.4273
0.3944
0.3593
0.3218
0.2814
0.2379
0.1911
0.1406
0.0860
0.0268
0.0000
0.0103
0.0000
0.0000
0.0000
0.0000
0.0000
0.0000
0.0000
0.0000
0.0000
0.0000
0.0000
1.0000
1.0000
1.0000
1.0000
1.0000
1.0000
1.0000
0.9789
0.9524
0.9907
0.9877
0.9999
0.9668
0.9196
0.8749
0.8320
0.7910
0.7516
0.7132
0.6755
0.6381
0.6009
0.5637
0.5263
0.4885
0.4502
0.4112
0.3713
0.3303
0.2879
0.2441
0.1984
0.1506
0.1006
0.0479
0.0000
0.0000
0.0021
0.0000
0.0000
0.0000
0.0000
0.0000
0.0000
0.0000
0.0000
0.0000
0.0000
0.0000
0.0000
1.0000
1.0000
1.0000
1.0000
1.0000
1.0000
1.0000
1.0000
1.0000
0.9646
0.9281
0.9822
0.9807
1.0000
0.9502
0.9015
0.8546
0.8084
0.7624
0.7164
0.6701
0.6234
0.5762
0.5284
0.4799
0.4308
0.3809
0.3304
0.2793
0.2277
0.1757
0.1234
0.0710
0.0183
0.0000
0.0000
0.0000
0.0000
0.0000
0.0000
0.0000
0.0000
0.0000
0.0000
0.0000
0.0000
0.0000
0.0000
0.0000
0.0000
1.0000
1.0000
1.0000
1.0000
1.0000
1.0000
1.0000
1.0000
1.0000
1.0000
0.9565
0.9347
0.9453
0.9730
0.9859
1.0000
0.9504
0.8990
0.8469
0.7940
0.7401
0.6852
0.6293
0.5721
0.5137
0.4542
0.3936
0.3321
0.2699
0.2076
0.1455
0.0846
0.0258
0.0000
0.0000
0.0022
0.0000
0.0000
0.0000
0.0000
0.0000
0.0000
0.0000
0.0000
0.0000
0.0000
0.0000
0.0000
0.0000
0.0000
# OPTIMIZATION PARAMETERS 
# nelx: 50
# nely: 50
# max buckling: 13.797
# penalization: 1.484
# initial densities: 0.8
# FEA MODEL DATA 
# material: {'Ex': 10000.0, 'Ey': 10000.0, 'NUxy': 0.3}
# loads: {'Val': -10, 'direction': 'x', 'dof': array([2549, 2651, 2753], dtype=int64)}
# bc: Left Clamped
# 
