# it, buckling[l1, l2, l3, l4, l5], volume, compliance
1.0000 -5.6617 -3.8682 -3.1122 -2.7345 -2.4089 0.7500 593.0130
2.0000 -7.0954 -3.5331 -2.8491 -2.7118 -2.2203 0.7028 668.3070
3.0000 -8.5258 -3.1751 -2.7046 -2.5676 -2.0183 0.6624 736.0282
4.0000 -9.8010 -2.8858 -2.8029 -2.3567 -2.2773 0.6261 815.9217
5.0000 -10.8853 -3.0710 -2.6489 -2.4769 -2.1748 0.5935 900.3321
6.0000 -11.7856 -3.5100 -2.6360 -2.4540 -2.2516 0.5642 992.9825
7.0000 -12.5624 -4.0503 -2.9175 -2.7497 -2.6434 0.5377 1090.7113
8.0000 -13.3063 -4.7285 -3.4144 -3.1356 -3.1349 0.5140 1199.9288
9.0000 -13.9207 -5.5912 -4.1024 -3.7255 -3.7249 0.4926 1301.2459
10.0000 -14.4084 -6.5831 -5.0169 -4.2542 -4.1944 0.4733 1391.6693
11.0000 -14.9505 -8.0106 -6.4174 -5.2554 -4.6726 0.4531 1475.2033
12.0000 -15.4172 -9.2817 -7.8638 -6.2305 -5.3137 0.4378 1529.3941
13.0000 -15.9445 -10.5047 -9.0434 -7.4272 -6.0299 0.4240 1579.0935
14.0000 -16.4551 -11.6108 -10.0292 -8.5323 -6.7664 0.4116 1646.3169
15.0000 -16.8545 -12.4770 -11.0191 -9.7425 -7.3921 0.4004 1714.1348
16.0000 -17.1311 -13.3919 -12.0017 -10.7233 -7.8557 0.3904 1784.7544
17.0000 -17.4243 -14.1422 -12.8236 -11.5351 -8.4666 0.3813 1845.1562
18.0000 -17.7341 -15.0428 -13.8653 -12.1678 -9.3453 0.3699 1927.1532
19.0000 -18.8994 -17.5574 -16.2284 -13.1684 -12.4199 0.3484 2065.2500
20.0000 -19.0959 -17.8635 -16.6953 -13.7147 -12.9508 0.3419 2089.6715
21.0000 -19.2866 -18.1511 -17.2257 -13.8816 -13.3807 0.3363 2099.1550
22.0000 -22.1880 -19.6126 -18.1072 -16.5451 -16.3916 0.3222 2111.4120
23.0000 -22.7364 -20.5146 -18.9758 -17.4448 -16.1000 0.3159 2075.0741
24.0000 -23.0587 -21.0826 -19.4300 -17.4226 -14.6027 0.3125 2018.5706
25.0000 -23.1155 -21.2575 -19.6715 -17.3200 -14.6923 0.3101 1969.9599
26.0000 -23.9986 -20.7097 -19.6491 -18.0162 -15.1700 0.3082 1909.3171
27.0000 -23.8739 -20.7710 -19.5329 -18.2168 -15.6191 0.3074 1880.4848
28.0000 -23.7200 -20.7936 -19.5357 -18.5892 -15.2302 0.3057 1856.0071
29.0000 -23.3270 -20.6467 -19.6065 -18.3548 -15.2149 0.3050 1851.4850
30.0000 -22.5199 -20.4499 -19.8035 -18.2444 -15.2985 0.3035 1849.3438
31.0000 -22.1055 -20.2679 -19.7881 -18.0619 -15.3087 0.3027 1848.9163
32.0000 -21.8230 -20.1245 -19.9372 -17.9731 -15.3754 0.3023 1851.8450
33.0000 -21.1851 -20.0552 -20.0259 -17.1869 -15.3999 0.3015 1860.0766
34.0000 -20.9010 -20.4356 -19.5141 -17.2337 -15.3531 0.3012 1856.8870
35.0000 -20.6312 -20.2636 -19.6182 -16.9831 -15.5714 0.3010 1856.3085
36.0000 -20.5647 -19.9810 -19.6146 -16.9649 -15.5363 0.3008 1850.0829
37.0000 -20.3975 -19.8078 -19.6686 -16.9563 -15.2298 0.3006 1848.0885
38.0000 -20.1534 -19.7264 -19.6183 -16.8855 -15.2198 0.3005 1852.4060
39.0000 -19.8583 -19.6875 -19.4533 -16.7624 -15.2129 0.3003 1860.3580
40.0000 -19.6624 -19.6134 -19.4369 -16.6101 -15.2187 0.3002 1860.8348
41.0000 -19.6718 -19.4999 -19.3954 -16.4348 -14.8787 0.3002 1852.5948
42.0000 -19.6820 -19.5304 -19.2931 -16.4784 -14.9915 0.3001 1846.3518
43.0000 -19.5493 -19.4627 -19.3327 -16.3687 -15.0444 0.3001 1838.6301
44.0000 -19.5061 -19.4115 -19.3203 -16.3053 -15.1420 0.3001 1832.8299
45.0000 -19.5362 -19.3845 -19.2945 -16.7047 -15.2970 0.3001 1814.9870
46.0000 -19.5319 -19.4752 -19.2388 -16.7897 -15.4720 0.3000 1802.2941
47.0000 -19.6272 -19.4481 -19.2447 -16.7969 -15.5891 0.3000 1784.6789
48.0000 -19.7561 -19.4310 -19.1329 -16.9868 -15.5409 0.3000 1770.3482
49.0000 -19.7685 -19.4044 -19.1236 -16.9726 -15.3780 0.3000 1754.2604
50.0000 -19.8121 -19.4025 -19.2229 -17.0668 -15.5322 0.3000 1736.7468
51.0000 -19.7947 -19.5204 -18.9789 -17.0834 -15.5947 0.3000 1716.3552
52.0000 -19.6734 -19.5359 -19.0413 -17.2289 -16.0376 0.3000 1696.3585
53.0000 -19.7984 -19.4674 -19.2223 -17.2614 -16.1176 0.3000 1672.5200
54.0000 -19.7266 -19.4582 -19.2649 -17.5829 -16.3179 0.3000 1652.4072
55.0000 -19.9006 -19.5196 -19.3384 -18.1085 -17.1279 0.3000 1626.9699
56.0000 -20.0141 -19.4913 -19.3209 -18.4221 -17.1028 0.3000 1602.1333
57.0000 -20.0537 -19.7001 -19.2757 -18.3061 -17.2200 0.3000 1582.1762
58.0000 -20.0111 -19.6157 -19.3278 -18.0204 -17.3582 0.3000 1572.1617
59.0000 -19.8985 -19.7059 -19.1185 -18.0951 -17.2379 0.3000 1563.6155
60.0000 -19.7714 -19.6627 -18.8986 -18.3257 -17.3569 0.3000 1552.0087
61.0000 -19.6340 -19.5864 -18.8174 -18.3274 -17.5490 0.3000 1547.4514
62.0000 -19.5824 -19.4389 -18.8479 -18.1973 -17.6951 0.3000 1544.5219
63.0000 -19.5301 -19.2350 -18.9291 -18.1559 -17.7368 0.3000 1542.2772
64.0000 -19.4011 -19.2094 -19.0435 -18.1811 -17.7742 0.3000 1541.2438
65.0000 -19.3573 -19.1918 -19.0316 -18.2425 -17.8182 0.3000 1539.9171
66.0000 -19.2866 -19.1880 -18.9963 -18.3574 -17.7238 0.3000 1537.3598
67.0000 -19.2257 -19.2092 -18.9831 -18.4871 -17.6555 0.3000 1535.5744
68.0000 -19.2120 -19.1324 -18.8979 -18.4501 -17.7045 0.3000 1534.2572
69.0000 -19.1891 -19.1116 -18.9326 -18.4609 -17.7550 0.3000 1532.8526
70.0000 -19.1506 -19.0967 -18.9833 -18.5180 -17.7380 0.3000 1531.1781
71.0000 -19.1191 -19.0937 -18.9509 -18.5724 -17.6563 0.3000 1530.3243
72.0000 -19.0962 -19.0787 -19.0137 -18.5885 -17.7021 0.3000 1530.2187
73.0000 -19.1027 -19.0543 -19.0388 -18.5661 -17.7296 0.3000 1529.6173
74.0000 -19.0888 -19.0572 -18.9871 -18.6255 -17.6959 0.3000 1528.8758
75.0000 -19.0764 -19.0591 -18.9859 -18.6212 -17.6705 0.3000 1528.6157
76.0000 -19.0727 -19.0487 -19.0213 -18.5987 -17.7087 0.3000 1527.8471
77.0000 -19.0613 -19.0556 -19.0296 -18.5963 -17.7179 0.3000 1527.5876
78.0000 -19.0656 -19.0448 -19.0096 -18.5792 -17.6934 0.3000 1526.9633
79.0000 -19.0702 -19.0542 -18.9327 -18.5659 -17.6425 0.3000 1525.9531
80.0000 -19.0363 -19.0225 -18.9435 -18.5709 -17.6014 0.3000 1526.6214
81.0000 -19.0149 -19.0009 -18.9543 -18.6387 -17.5658 0.3000 1526.5644
82.0000 -18.9997 -18.9942 -18.9540 -18.6852 -17.5355 0.3000 1526.3985
83.0000 -18.9914 -18.9817 -18.9336 -18.6694 -17.5412 0.3000 1526.2073
84.0000 -18.9768 -18.9737 -18.9217 -18.6312 -17.5323 0.3000 1525.9096
85.0000 -18.9748 -18.9691 -18.9258 -18.6187 -17.5195 0.3000 1525.7859
86.0000 -18.9762 -18.9568 -18.9397 -18.5895 -17.5193 0.3000 1525.2043
87.0000 -18.9624 -18.9506 -18.9244 -18.5529 -17.4863 0.3000 1524.9964
88.0000 -18.9649 -18.9538 -18.9206 -18.5415 -17.4707 0.3000 1524.5531
89.0000 -18.9541 -18.9490 -18.8961 -18.4999 -17.4231 0.3000 1523.4517
90.0000 -18.9595 -18.9482 -18.9069 -18.4829 -17.3989 0.3000 1523.0347
91.0000 -18.9551 -18.9473 -18.9174 -18.4951 -17.2914 0.3000 1521.5767
92.0000 -18.9644 -18.9480 -18.9315 -18.5148 -17.2952 0.3000 1520.7412
93.0000 -18.9560 -18.9345 -18.9231 -18.5254 -17.2986 0.3000 1519.4373
94.0000 -18.9536 -18.9394 -18.9085 -18.5013 -17.2221 0.3000 1517.9459
95.0000 -18.9654 -18.9402 -18.8943 -18.5288 -17.1933 0.3000 1516.2489
96.0000 -18.9926 -18.9607 -18.9134 -18.6501 -17.2159 0.3000 1513.6843
97.0000 -18.9997 -18.9757 -18.9324 -18.6935 -17.2254 0.3000 1512.1313
98.0000 -18.9906 -18.9867 -18.9655 -18.7128 -17.1751 0.3000 1510.3842
99.0000 -18.9914 -18.9735 -18.9561 -18.6825 -17.0838 0.3000 1508.8132
100.0000 -19.0027 -18.9707 -18.9561 -18.6578 -17.0727 0.3000 1507.8572
101.0000 -18.9974 -18.9555 -18.9083 -18.6276 -17.0434 0.3001 1505.5504
102.0000 -18.9854 -18.9588 -18.9019 -18.5915 -17.0362 0.3001 1505.8670
103.0000 -19.0432 -18.9623 -18.8194 -18.6702 -17.0500 0.3000 1502.7927
104.0000 -19.0282 -19.0025 -18.8159 -18.5513 -17.0680 0.3000 1501.6986
105.0000 -19.0611 -19.0361 -18.8862 -18.4745 -17.0562 0.3000 1497.3535
106.0000 -19.0572 -19.0397 -18.9359 -18.4457 -17.0304 0.3000 1496.0009
107.0000 -19.0416 -18.9946 -18.8861 -18.3708 -17.0422 0.3000 1495.0079
108.0000 -19.0361 -18.9546 -18.8402 -18.3266 -16.8615 0.3000 1494.2496
109.0000 -19.0304 -19.0208 -18.8869 -18.3447 -16.8767 0.3001 1490.3861
110.0000 -19.0297 -19.0223 -18.8875 -18.3455 -16.8765 0.3000 1490.4176
111.0000 -19.0576 -18.9950 -18.8984 -18.3270 -16.8725 0.3000 1488.9071
112.0000 -19.0451 -19.0188 -18.9051 -18.2990 -16.9193 0.3000 1488.6214
113.0000 -19.0401 -18.9974 -18.8937 -18.2764 -16.8736 0.3000 1486.6168
114.0000 -19.0336 -18.9935 -18.8917 -18.2850 -16.8714 0.3000 1486.8660
115.0000 -19.0105 -18.9860 -18.8761 -18.2880 -16.8531 0.3000 1487.5350
116.0000 -19.0088 -18.9930 -18.8704 -18.2846 -16.8365 0.3000 1486.8754
117.0000 -19.0015 -18.9895 -18.8646 -18.2867 -16.8217 0.3000 1487.0776
118.0000 -18.9725 -18.9611 -18.8456 -18.3036 -16.7518 0.3001 1484.6643
119.0000 -18.9526 -18.9101 -18.7721 -18.2714 -16.6328 0.3002 1481.2255
120.0000 -18.9277 -18.9178 -18.7666 -18.1794 -16.6327 0.3001 1480.8820
121.0000 -18.9344 -18.9159 -18.7756 -18.2168 -16.6490 0.3001 1480.2236
122.0000 -18.9337 -18.9271 -18.7774 -18.2173 -16.6601 0.3001 1480.5822
123.0000 -18.9315 -18.9301 -18.7745 -18.2305 -16.6632 0.3001 1480.6658
124.0000 -18.9782 -18.9297 -18.6677 -18.1998 -16.6425 0.3001 1478.6267
125.0000 -18.9982 -18.9149 -18.6612 -18.1654 -16.6507 0.3001 1477.8978
126.0000 -19.0642 -18.9319 -18.7472 -18.0074 -16.6112 0.3001 1475.3364
127.0000 -19.0586 -18.9703 -18.7693 -18.0981 -16.6153 0.3001 1473.8117
128.0000 -19.0630 -19.0045 -18.7340 -18.1621 -16.6425 0.3001 1472.4128
129.0000 -19.0592 -19.0297 -18.8083 -18.2040 -16.7117 0.3000 1470.8840
130.0000 -19.0611 -19.0315 -18.7668 -18.1859 -16.7314 0.3000 1470.2597
131.0000 -19.0642 -19.0273 -18.7432 -18.1676 -16.7346 0.3000 1469.9555
132.0000 -19.0531 -19.0349 -18.7920 -18.1435 -16.7279 0.3000 1469.3561
133.0000 -19.0551 -19.0360 -18.8066 -18.1528 -16.7480 0.3000 1468.3964
134.0000 -19.0534 -19.0302 -18.7977 -18.1438 -16.7221 0.3000 1467.8741
135.0000 -19.0402 -19.0356 -18.8082 -18.1467 -16.6842 0.3000 1467.4036
136.0000 -19.0601 -19.0144 -18.8635 -18.0368 -16.6494 0.3000 1466.1582
137.0000 -19.0415 -19.0118 -18.8366 -18.0147 -16.6523 0.3000 1465.1228
138.0000 -19.0311 -19.0248 -18.8196 -18.0560 -16.6748 0.3000 1464.2732
139.0000 -19.0319 -19.0228 -18.8002 -18.0976 -16.7064 0.3000 1463.6575
140.0000 -19.0241 -19.0181 -18.7938 -18.1132 -16.7424 0.3000 1463.1365
141.0000 -19.0197 -19.0106 -18.8047 -18.1423 -16.7246 0.3000 1462.6662
142.0000 -19.0052 -18.9923 -18.8082 -18.2088 -16.6987 0.3000 1461.8375
143.0000 -19.0129 -18.9987 -18.8191 -18.2199 -16.7343 0.3000 1460.7802
144.0000 -19.0006 -18.9847 -18.8372 -18.2357 -16.7606 0.3000 1459.9142
145.0000 -18.9951 -18.9885 -18.8396 -18.1718 -16.8162 0.3000 1458.5577
146.0000 -19.0079 -18.9826 -18.8504 -18.1738 -16.8145 0.3000 1457.4572
147.0000 -19.0104 -18.9887 -18.8776 -18.1581 -16.7735 0.3000 1456.6553
148.0000 -19.0137 -19.0005 -18.8468 -18.1364 -16.7256 0.3000 1455.5937
149.0000 -19.0061 -19.0004 -18.8155 -18.1031 -16.6681 0.3000 1454.5293
# OPTIMIZATION PARAMETERS 
# nelx: 60
# nely: 30
# max buckling: 0.053
# penalization: 3.0
# initial densities: 0.8
# FEA MODEL DATA 
# material: {'Ex': 2000.0, 'Ey': 10000.0, 'NUxy': 0.3}
# loads: {'Val': -10, 'direction': 'x', 'dof': array([1828, 1950, 2072], dtype=int64)}
# bc: Left Clamped
# 
