# densities
1.0000
1.0000
1.0000
1.0000
1.0000
1.0000
1.0000
1.0000
1.0000
1.0000
0.9813
0.9561
0.6781
0.7584
0.8450
0.9879
0.9951
0.9963
0.9788
0.9461
0.9731
0.9967
0.9996
0.9996
0.9996
0.9797
0.9427
0.0331
0.0000
0.0000
0.0000
0.0000
0.0000
0.0000
0.0000
0.0000
0.0000
0.0000
0.0000
0.0000
0.0000
0.0000
0.0000
0.0000
0.0000
0.0000
0.0000
0.0000
0.0000
0.0000
0.0000
0.0000
0.0000
0.0000
0.0000
0.0000
0.0000
0.0000
0.0000
0.0000
1.0000
1.0000
1.0000
1.0000
1.0000
1.0000
1.0000
1.0000
1.0000
1.0000
0.9912
0.6901
0.8494
0.9621
0.9783
0.9964
1.0000
1.0000
1.0000
1.0000
1.0000
0.9999
0.9981
0.9961
0.6377
0.5315
0.5843
0.3192
0.0000
0.0000
0.0000
0.0000
0.0000
0.0000
0.0000
0.0000
0.0000
0.0000
0.0000
0.0000
0.0000
0.0000
0.0000
0.0000
0.0000
0.0000
0.0000
0.0000
0.0000
0.0000
0.0000
0.0000
0.0000
0.0000
0.0000
0.0000
0.0000
0.0000
0.0000
0.0000
0.0055
0.0046
0.0093
0.0093
0.0055
0.0057
0.0093
0.1381
0.7579
0.9929
1.0000
1.0000
1.0000
1.0000
0.0391
0.0083
0.0035
0.0027
0.0012
0.0009
0.0008
0.0007
0.0006
0.3003
0.7182
0.9400
0.9997
0.9998
0.9992
0.9724
0.8147
0.0003
0.0000
0.0000
0.0000
0.0000
0.0000
0.0000
0.0000
0.0000
0.0000
0.0000
0.0000
0.0000
0.0000
0.0000
0.0000
0.0000
0.0000
0.0000
0.0000
0.0000
0.0000
0.0000
0.0000
0.0000
0.0000
0.0000
0.0000
0.0000
0.0173
0.0173
0.0270
0.0270
0.0390
0.2912
0.9999
0.9996
0.9996
0.7107
0.6015
0.9280
0.9979
0.9998
0.9999
0.6461
0.0226
0.0103
0.0042
0.0031
0.0028
0.0012
0.0133
0.0486
0.2637
0.9100
0.9997
0.9998
0.9998
0.9997
0.9972
0.9913
0.9720
0.9336
0.7761
0.2901
0.0003
0.0000
0.0000
0.0000
0.0000
0.0000
0.0000
0.0000
0.0000
0.0000
0.0000
0.0000
0.0000
0.0000
0.0000
0.0000
0.0000
0.0000
0.0000
0.0000
0.0000
0.0000
0.0000
0.0000
0.2652
0.2668
0.9994
0.9994
0.9993
0.9993
0.9991
0.9968
0.1687
0.0000
0.0000
0.0000
0.0000
0.9626
0.9972
0.9974
0.9993
0.9912
0.0710
0.0130
0.0052
0.0031
0.4251
0.9749
0.8562
0.0005
0.0012
0.0721
0.8382
0.9995
0.9992
0.9992
0.9994
0.9994
0.9955
0.9945
0.9994
0.9928
0.9652
0.8539
0.1581
0.0000
0.0000
0.0000
0.0000
0.0000
0.0000
0.0000
0.0000
0.0000
0.0000
0.0000
0.0000
0.0000
0.0000
0.0000
0.0000
0.0000
0.0000
0.0000
0.9935
0.9933
0.9933
0.9928
0.9877
0.8444
0.0965
0.0000
0.0000
0.0000
0.0000
0.0000
0.0000
0.0000
0.8745
0.9888
0.9963
0.9973
0.9991
0.4678
0.0535
0.0237
0.0352
0.9224
0.9997
0.9995
0.9993
0.9990
0.6932
0.2279
0.1729
0.8962
0.9999
1.0000
1.0000
1.0000
1.0000
1.0000
1.0000
0.9997
0.9979
0.9966
0.9770
0.7651
0.0000
0.0000
0.0000
0.0000
0.0000
0.0000
0.0000
0.0000
0.0000
0.0000
0.0000
0.0000
0.0000
0.0000
0.0000
0.0000
0.6335
0.7478
0.4522
0.0000
0.0000
0.0000
0.0000
0.0000
0.0000
0.0000
0.0000
0.0000
0.0000
0.0000
0.0000
0.0000
0.7291
0.9834
0.9928
0.9969
0.9989
0.9910
0.8394
0.9437
0.8995
0.0120
0.0003
0.0011
0.0047
0.0016
0.1130
0.0177
0.0894
0.1575
0.6606
0.5476
0.9448
0.9999
1.0000
1.0000
1.0000
0.9996
0.9983
0.9978
0.9972
0.9878
0.8986
0.1152
0.0000
0.0000
0.0000
0.0000
0.0000
0.0000
0.0000
0.0000
0.0000
0.0000
0.0000
0.0000
0.0000
0.0000
0.0000
0.0000
0.0000
0.0000
0.0000
0.0000
0.0000
0.0000
0.0000
0.0000
0.0000
0.0000
0.0000
0.0000
0.0000
0.0000
0.5538
0.9776
0.9928
0.9972
0.1819
0.0217
0.0110
0.0040
0.0012
0.0000
0.0011
0.0006
0.8608
0.3477
0.1150
0.2815
0.0534
0.0292
0.0045
0.0141
0.0533
0.3536
0.9998
1.0000
1.0000
1.0000
1.0000
0.9999
0.9996
0.9987
0.9931
0.8820
0.0203
0.0000
0.0000
0.0000
0.0000
0.0000
0.0000
0.0000
0.0000
0.0000
0.0000
0.0000
0.0000
0.0000
0.0000
0.0000
0.0000
0.0000
0.0000
0.0000
0.0000
0.0000
0.0000
0.0000
0.0000
0.0000
0.0000
0.0000
0.0000
0.0000
0.0457
0.8954
0.9877
0.6351
0.0139
0.0011
0.0004
0.0000
0.0000
0.0029
0.9997
0.9662
0.5999
0.8617
0.7770
0.1718
0.0087
0.0003
0.0001
0.0003
0.0025
0.0187
0.4030
0.7867
1.0000
1.0000
1.0000
1.0000
0.9997
0.9990
0.9982
0.9741
0.0970
0.0000
0.0000
0.0000
0.0000
0.0000
0.0000
0.0000
0.0000
0.0000
0.0000
0.0000
0.0000
0.0000
0.0000
0.0000
0.0000
0.0000
0.0000
0.0000
0.0000
0.0000
0.0000
0.0000
0.0000
0.0000
0.0000
0.0000
0.0000
0.2529
0.9724
0.9970
0.0751
0.0068
0.0002
0.0000
0.0014
0.0502
0.9851
0.5362
0.0000
0.0000
0.6668
0.9867
0.0577
0.0009
0.0001
0.0002
0.0031
0.3175
0.0024
0.0053
0.0071
0.0265
0.5735
1.0000
1.0000
1.0000
0.9995
0.9992
0.9972
0.9244
0.2509
0.0000
0.0000
0.0000
0.0000
0.0000
0.0000
0.0000
0.0000
0.0000
0.0000
0.0000
0.0000
0.0000
0.0000
0.0000
0.0000
0.0000
0.0000
0.0000
0.0000
0.0000
0.0000
0.0000
0.0000
0.0000
0.0000
0.0000
0.7935
0.9847
0.5773
0.0553
0.0006
0.0001
0.0284
0.8550
0.6404
0.0000
0.0000
0.0000
0.0000
0.9496
0.6032
0.0031
0.0006
0.0019
0.4931
0.7383
0.0000
0.0004
0.0005
0.0012
0.0053
0.0769
0.6103
0.1602
1.0000
1.0000
0.9996
0.9993
0.9974
0.9849
0.1814
0.0000
0.0000
0.0000
0.0000
0.0000
0.0000
0.0000
0.0000
0.0000
0.0000
0.0000
0.0000
0.0000
0.0000
0.0000
0.0000
0.0000
0.0000
0.0000
0.0000
0.0000
0.0000
0.0000
0.0000
0.0000
0.0000
0.7009
0.9957
0.9987
0.0331
0.0018
0.9192
0.9873
0.0140
0.0000
0.0000
0.0000
0.0000
0.2856
0.9501
0.2313
0.0019
0.0102
0.7107
0.5691
0.0000
0.0000
0.0001
0.0004
0.0006
0.0115
0.3637
0.3251
0.6062
1.0000
1.0000
1.0000
1.0000
0.9995
0.9992
0.8909
0.0000
0.0000
0.0000
0.0000
0.0000
0.0000
0.0000
0.0000
0.0000
0.0000
0.0000
0.0000
0.0000
0.0000
0.0000
0.0000
0.0000
0.0000
0.0000
0.0000
0.0000
0.0000
0.0000
0.0000
0.0000
0.0000
0.7723
0.9819
0.3769
0.3146
0.9841
0.8996
0.0004
0.0000
0.0000
0.0000
0.0000
0.0000
0.8058
0.9862
0.3910
0.1958
0.0038
0.0000
0.0000
0.0000
0.0000
0.0000
0.0001
0.1019
0.9909
0.9095
0.0011
0.0027
0.0049
0.8897
1.0000
1.0000
1.0000
1.0000
0.9132
0.4472
0.0000
0.0000
0.0000
0.0000
0.0000
0.0000
0.0000
0.0000
0.0000
0.0000
0.0000
0.0000
0.0000
0.0000
0.0000
0.0000
0.0000
0.0000
0.0000
0.0000
0.0000
0.0000
0.0000
0.0000
0.0000
0.1011
0.7848
0.9121
0.7266
0.0272
0.0000
0.0000
0.0000
0.0000
0.0000
0.0000
0.0003
0.8752
0.9949
0.4041
0.0000
0.0000
0.0000
0.0000
0.0000
0.0000
0.0000
0.0817
0.9988
0.9835
0.0002
0.0007
0.0009
0.0011
0.4689
0.9865
0.9989
1.0000
0.9991
0.9980
0.0000
0.0000
0.0000
0.0000
0.0000
0.0000
0.0000
0.0000
0.0000
0.0000
0.0000
0.0000
0.0000
0.0000
0.0000
0.0000
0.0000
0.0000
0.0000
0.0000
0.0000
0.0000
0.0000
0.0000
0.0000
0.0001
0.9812
0.9990
0.1061
0.0000
0.0000
0.0000
0.0000
0.0000
0.0000
0.0000
0.0003
0.0078
0.8923
0.9290
0.0000
0.0000
0.0000
0.0000
0.0000
0.0000
0.0003
0.0762
0.8467
0.7213
0.0000
0.0001
0.0002
0.0006
0.0096
0.0337
0.2293
0.8237
1.0000
1.0000
0.0000
0.0000
0.0000
0.0000
0.0000
0.0000
0.0000
0.0000
0.0000
0.0000
0.0000
0.0000
0.0000
0.0000
0.0000
0.0000
0.0000
0.0000
0.0000
0.0000
0.0000
0.0000
0.0000
0.0000
0.0000
0.0000
0.9999
1.0000
0.0082
0.0000
0.0000
0.0000
0.0000
0.0000
0.0000
0.0000
0.0000
0.0024
0.7309
0.9937
0.0450
0.0000
0.0000
0.0000
0.0000
0.0000
0.0018
0.6168
0.9717
0.0013
0.0000
0.0001
0.0002
0.0006
0.0072
0.0188
0.3971
0.7633
1.0000
1.0000
0.0000
0.0000
0.0000
0.0000
0.0000
0.0000
0.0000
0.0000
0.0000
0.0000
0.0000
0.0000
0.0000
0.0000
0.0000
0.0000
0.0000
0.0000
0.0000
0.0000
0.0000
0.0000
0.0000
0.0000
0.0000
0.1364
0.9997
0.8549
0.0000
0.0000
0.0000
0.0000
0.0000
0.0000
0.0000
0.0000
0.0000
0.0008
0.3574
0.9792
0.8135
0.0000
0.0000
0.0000
0.0000
0.0000
0.0382
0.9972
0.9958
0.0002
0.0003
0.0007
0.0009
0.0011
0.1062
0.9750
0.9989
1.0000
0.9991
0.9980
0.0000
0.0000
0.0000
0.0000
0.0000
0.0000
0.0000
0.0000
0.0000
0.0000
0.0000
0.0000
0.0000
0.0000
0.0000
0.0000
0.0000
0.0000
0.0000
0.0000
0.0000
0.0000
0.0000
0.0000
0.6299
0.7859
0.7672
0.6461
0.0000
0.0000
0.0000
0.0000
0.0000
0.0000
0.0000
0.0000
0.0000
0.0009
0.6463
0.0763
0.9940
0.9845
0.0000
0.0000
0.0000
0.0119
0.9679
0.9975
0.2769
0.0010
0.0010
0.0027
0.0028
0.8374
1.0000
1.0000
1.0000
1.0000
0.8820
0.3859
0.0000
0.0000
0.0000
0.0000
0.0000
0.0000
0.0000
0.0000
0.0000
0.0000
0.0000
0.0000
0.0000
0.0000
0.0000
0.0000
0.0000
0.0000
0.0000
0.0000
0.0000
0.0000
0.0000
0.8799
0.9946
0.7280
0.0376
0.6934
0.0000
0.0000
0.0000
0.0000
0.0000
0.0000
0.0000
0.0000
0.0000
0.0331
0.4894
0.0015
0.1718
0.9983
0.9767
0.0000
0.0003
0.1945
0.9527
0.1230
0.0009
0.0367
0.6825
0.9764
1.0000
1.0000
1.0000
0.9995
0.9987
0.6390
0.0000
0.0000
0.0000
0.0000
0.0000
0.0000
0.0000
0.0000
0.0000
0.0000
0.0000
0.0000
0.0000
0.0000
0.0000
0.0000
0.0000
0.0000
0.0000
0.0000
0.0000
0.0000
0.0000
0.0000
0.7821
0.9927
0.8389
0.0518
0.0057
0.9927
0.0000
0.0000
0.0000
0.0000
0.0000
0.0000
0.0000
0.0000
0.0002
0.9938
0.0060
0.0006
0.0017
0.4620
0.9349
0.1615
0.0742
0.2435
0.4198
0.0150
0.1422
0.9989
1.0000
1.0000
0.9996
0.9993
0.9977
0.9830
0.0571
0.0000
0.0000
0.0000
0.0000
0.0000
0.0000
0.0000
0.0000
0.0000
0.0000
0.0000
0.0000
0.0000
0.0000
0.0000
0.0000
0.0000
0.0000
0.0000
0.0000
0.0000
0.0000
0.0000
0.0000
0.8486
0.9890
0.3123
0.0618
0.0068
0.0004
0.9578
0.7120
0.0000
0.0000
0.0000
0.0000
0.0000
0.0000
0.0000
0.0002
0.9820
0.0004
0.0000
0.0000
0.0066
0.5299
0.7172
0.3705
0.6777
0.9336
1.0000
1.0000
1.0000
0.9995
0.9992
0.9973
0.9584
0.0458
0.0000
0.0000
0.0000
0.0000
0.0000
0.0000
0.0000
0.0000
0.0000
0.0000
0.0000
0.0000
0.0000
0.0000
0.0000
0.0000
0.0000
0.0000
0.0000
0.0000
0.0000
0.0000
0.0000
0.0000
0.0000
0.6534
0.9761
0.9362
0.0544
0.0075
0.0024
0.0028
0.2965
0.9941
0.1122
0.0000
0.0000
0.0000
0.0000
0.0000
0.0000
0.0000
0.5734
0.0004
0.0004
0.0018
0.0183
0.6356
0.9998
0.9998
1.0000
1.0000
1.0000
0.9997
0.9992
0.9986
0.4625
0.0000
0.0000
0.0000
0.0000
0.0000
0.0000
0.0000
0.0000
0.0000
0.0000
0.0000
0.0000
0.0000
0.0000
0.0000
0.0000
0.0000
0.0000
0.0000
0.0000
0.0000
0.0000
0.0000
0.0000
0.0000
0.0000
0.0000
0.5042
0.9927
0.5204
0.0788
0.0128
0.0025
0.0006
0.0000
0.0152
0.9895
0.0420
0.0013
0.0002
0.0000
0.0000
0.0000
0.0000
0.0090
0.3394
0.1810
0.5779
1.0000
1.0000
0.9998
0.9998
1.0000
0.9998
0.9996
0.9987
0.9844
0.1871
0.0000
0.0000
0.0000
0.0000
0.0000
0.0000
0.0000
0.0000
0.0000
0.0000
0.9148
0.9408
0.9290
0.7129
0.0937
0.0000
0.0000
0.0000
0.0000
0.0000
0.0000
0.0000
0.0000
0.0000
0.0000
0.0000
0.0000
0.8218
0.9928
0.9972
0.9902
0.3632
0.0887
0.0113
0.0013
0.0002
0.0002
0.0065
0.8625
0.9194
0.1537
0.3679
0.0480
0.0522
0.6797
0.8999
1.0000
1.0000
1.0000
1.0000
1.0000
0.9998
0.9979
0.9976
0.9929
0.8707
0.2462
0.0000
0.0000
0.0000
0.0000
0.0000
0.0000
0.0000
0.0000
0.0000
0.0000
0.0000
0.0000
0.0000
0.9981
0.9977
0.9977
0.9960
0.9928
0.9892
0.7480
0.0626
0.0000
0.0000
0.0000
0.0000
0.0000
0.0000
0.0644
0.9748
0.9959
0.9973
0.9992
0.9994
0.8390
0.8149
0.8696
0.2436
0.0481
0.0082
0.0044
0.0838
0.5181
0.2098
0.9938
1.0000
1.0000
1.0000
1.0000
1.0000
1.0000
1.0000
1.0000
0.9999
0.9979
0.9890
0.8691
0.0000
0.0000
0.0000
0.0000
0.0000
0.0000
0.0000
0.0000
0.0000
0.0000
0.0000
0.0000
0.0000
0.0000
0.0000
0.0000
0.0000
0.0966
0.0826
0.2148
0.6305
0.9993
0.9993
0.9993
0.9981
0.8883
0.0000
0.0000
0.0000
0.0000
0.5003
0.9920
0.9976
0.9993
0.9994
0.5282
0.0146
0.0039
0.1481
0.9713
0.9858
0.9632
0.9635
0.9934
0.9971
0.9994
0.9992
1.0000
1.0000
1.0000
1.0000
0.9999
0.9986
0.9975
0.9888
0.9666
0.8904
0.0000
0.0000
0.0000
0.0000
0.0000
0.0000
0.0000
0.0000
0.0000
0.0000
0.0000
0.0000
0.0000
0.0000
0.0000
0.0000
0.0000
0.0000
0.0000
0.0000
0.0083
0.0083
0.0159
0.0173
0.0231
0.2086
0.7829
0.9996
0.9996
0.9995
0.5513
0.6427
0.9849
0.9994
0.9994
0.9999
0.5192
0.0110
0.0046
0.0031
0.0978
0.6710
0.9791
0.9345
0.9031
0.9998
1.0000
0.9998
0.9998
0.9993
0.9978
0.9939
0.9867
0.9737
0.9422
0.3253
0.0000
0.0000
0.0000
0.0000
0.0000
0.0000
0.0000
0.0000
0.0000
0.0000
0.0000
0.0000
0.0000
0.0000
0.0000
0.0000
0.0000
0.0000
0.0000
0.0000
0.0000
0.0000
0.0000
0.0000
0.0031
0.0027
0.0035
0.0035
0.0035
0.0036
0.0065
0.0093
0.3064
0.8959
1.0000
1.0000
1.0000
1.0000
0.3523
0.0110
0.0035
0.0027
0.0012
0.0009
0.0008
0.0006
0.0291
0.3432
0.9974
0.9999
1.0000
0.9996
0.9865
0.9074
0.5004
0.0000
0.0000
0.0000
0.0000
0.0000
0.0000
0.0000
0.0000
0.0000
0.0000
0.0000
0.0000
0.0000
0.0000
0.0000
0.0000
0.0000
0.0000
0.0000
0.0000
0.0000
0.0000
0.0000
0.0000
0.0000
0.0000
0.0000
0.0000
0.0000
1.0000
1.0000
1.0000
1.0000
1.0000
1.0000
1.0000
1.0000
1.0000
1.0000
1.0000
0.6089
0.8039
0.9230
0.8636
0.8748
0.9979
1.0000
1.0000
1.0000
1.0000
1.0000
0.9744
0.4229
0.1437
0.0610
0.0007
0.0003
0.0000
0.0000
0.0000
0.0000
0.0000
0.0000
0.0000
0.0000
0.0000
0.0000
0.0000
0.0000
0.0000
0.0000
0.0000
0.0000
0.0000
0.0000
0.0000
0.0000
0.0000
0.0000
0.0000
0.0000
0.0000
0.0000
0.0000
0.0000
0.0000
0.0000
0.0000
0.0000
1.0000
1.0000
1.0000
1.0000
1.0000
1.0000
1.0000
1.0000
1.0000
1.0000
0.9930
0.8908
0.6483
0.6425
0.7686
0.9609
0.8686
0.9951
0.9984
0.9942
0.9995
0.9998
0.9505
0.9466
0.9706
0.7548
0.0002
0.0000
0.0000
0.0000
0.0000
0.0000
0.0000
0.0000
0.0000
0.0000
0.0000
0.0000
0.0000
0.0000
0.0000
0.0000
0.0000
0.0000
0.0000
0.0000
0.0000
0.0000
0.0000
0.0000
0.0000
0.0000
0.0000
0.0000
0.0000
0.0000
0.0000
0.0000
0.0000
0.0000
# OPTIMIZATION PARAMETERS 
# nelx: 60
# nely: 30
# max buckling: 0.08
# penalization: 3.0
# initial densities: 0.5
# FEA MODEL DATA 
# material: {'Ex': 2000.0, 'Ey': 10000.0, 'NUxy': 0.3}
# loads: {'Val': -10, 'direction': 'x', 'dof': array([1828, 1950, 2072], dtype=int64)}
# bc: Left Clamped
# 
