# densities
0.9883
0.9884
0.9883
0.9883
0.9883
0.9883
0.9883
0.9884
0.9884
0.9884
0.9884
0.9884
0.9884
0.9884
0.9884
0.9884
0.9883
0.9883
0.9883
1.0000
1.0000
1.0000
1.0000
1.0000
1.0000
1.0000
1.0000
0.0016
0.0016
0.0000
1.0000
0.9997
1.0000
1.0000
1.0000
1.0000
1.0000
1.0000
1.0000
0.0225
0.0232
0.0229
0.0182
0.0000
0.0000
0.0000
0.0852
0.0135
0.0113
0.0115
0.0116
0.0116
0.0116
0.0116
0.0116
0.0116
0.0116
0.0117
0.0117
0.0117
0.9884
0.9884
0.9883
0.9883
0.9883
0.9883
0.9884
0.9884
0.9884
0.9884
0.9885
0.9885
0.9885
0.9885
0.9884
0.9884
0.9883
0.9883
1.0000
1.0000
1.0000
1.0000
1.0000
1.0000
1.0000
0.9870
0.9909
1.0000
0.9800
0.9798
1.0000
0.9995
1.0000
1.0000
1.0000
1.0000
1.0000
1.0000
1.0000
0.0224
0.0233
0.0233
0.0230
0.0000
0.0349
0.0000
0.0847
0.0131
0.0117
0.0114
0.0115
0.0115
0.0115
0.0115
0.0115
0.0116
0.0116
0.0116
0.0117
0.0117
0.0000
0.0253
0.0369
0.0037
0.0254
0.0254
0.0245
0.0231
0.0217
0.0216
0.0216
0.0216
0.0216
0.0217
0.0224
0.0232
0.0250
0.0253
0.0253
0.0252
0.0252
0.0249
0.0238
0.0238
1.0000
1.0000
0.9098
0.0000
0.0000
0.0000
1.0000
1.0000
1.0000
1.0000
1.0000
1.0000
1.0000
1.0000
1.0000
1.0000
0.0230
0.0230
0.0210
0.0000
0.0000
0.0637
0.0637
0.0000
0.0135
0.0124
0.0116
0.0115
0.0115
0.0115
0.0115
0.0115
0.0116
0.0116
0.0116
0.0117
0.0045
0.0291
0.0254
0.0254
0.0224
0.0216
0.0217
0.0211
0.0211
0.0214
0.0217
0.0218
0.0217
0.0216
0.0208
0.0198
0.0187
0.0178
1.0000
0.9954
1.0000
1.0000
0.0165
0.0177
1.0000
1.0000
0.9841
0.0000
0.0000
0.0424
1.0000
1.0000
1.0000
1.0000
1.0000
1.0000
1.0000
1.0000
1.0000
0.9950
0.0004
0.0012
0.0000
0.0000
0.0000
0.0616
0.0615
0.0000
0.0000
0.0124
0.0116
0.0115
0.0115
0.0115
0.0115
0.0115
0.0115
0.0116
0.0116
0.0116
0.0132
0.0133
0.0126
0.0115
0.0000
0.9895
1.0000
1.0000
0.0000
0.0113
0.0113
0.0113
0.0113
0.0113
0.0000
0.0000
0.0000
0.9087
0.8979
0.8987
0.8994
0.9076
0.0000
0.0115
0.0116
0.0117
0.0126
0.0000
0.0000
0.0013
1.0000
1.0000
1.0000
1.0000
0.9831
0.9283
0.9489
0.9256
0.9929
0.9939
0.9989
1.0000
1.0000
1.0000
1.0000
0.0664
0.0637
0.0000
0.0000
0.0000
0.0115
0.0115
0.0114
0.0114
0.0114
0.0114
0.0114
0.0115
0.0115
0.0116
0.0118
0.0119
0.0119
0.0116
0.0114
0.9896
0.9587
0.9697
0.0000
0.0113
0.0114
0.0115
0.0000
0.0000
0.0000
0.0000
0.0000
0.8983
0.8984
0.9014
0.9042
0.9010
0.9000
0.0000
0.0120
0.0123
0.0127
0.0126
0.0122
0.0142
0.0171
0.0000
0.0000
1.0000
1.0000
1.0000
1.0000
1.0000
0.9806
1.0000
1.0000
1.0000
1.0000
0.9803
0.9760
1.0000
1.0000
1.0000
0.9955
0.0000
0.0114
0.0114
0.0113
0.0113
0.0113
0.0113
0.0113
0.0114
0.0115
0.0115
0.0118
0.0119
0.0119
0.0119
0.0119
0.9890
0.9713
0.9715
0.9744
0.0000
0.0000
0.0000
0.0000
0.0000
0.0000
0.0000
0.4758
0.8988
0.8997
0.9052
0.9059
0.9067
0.9053
0.0000
0.0000
0.0146
0.0146
0.0146
0.0137
0.0124
0.0000
0.0000
0.0000
0.0000
0.0000
0.0000
0.0025
0.0040
0.0048
0.0000
0.0707
0.0719
0.9189
1.0000
1.0000
1.0000
1.0000
0.9774
0.9767
0.9773
0.9957
0.0161
0.0112
0.0112
0.0112
0.0112
0.0112
0.0113
0.0113
0.0115
0.0118
0.0119
0.0119
0.0119
0.0119
0.0119
0.0000
0.0000
0.0000
0.0000
0.0143
0.0169
0.0000
0.0000
0.0000
0.0000
0.8986
0.9902
0.9218
0.9223
0.9007
0.9016
0.9024
0.0000
0.0000
0.0146
0.0147
0.0147
0.0000
0.0000
0.0000
0.0000
0.0000
0.0000
0.0000
0.0000
0.0000
0.0000
0.0058
0.0976
0.0941
0.0727
0.0728
0.0740
1.0000
1.0000
1.0000
0.9783
0.9783
0.9781
0.9769
0.9599
0.0000
0.0128
0.0115
0.0111
0.0111
0.0111
0.0111
0.0113
0.0118
0.0119
0.0118
0.0119
0.0119
0.0118
0.0304
0.0104
0.0850
0.0850
0.0140
0.0149
0.0139
0.0546
0.0478
0.6445
0.9901
1.0000
0.9902
0.0119
0.0120
0.0000
0.9009
0.9728
0.0000
1.0000
1.0000
1.0000
0.0188
0.0000
0.0000
0.0000
0.0000
0.0000
0.0000
0.0141
0.0000
0.0149
0.0171
0.0929
0.0939
0.0940
0.0940
0.0224
0.0246
0.0310
0.0107
0.0000
0.9773
0.9773
0.9775
0.9765
0.9772
0.9471
0.0175
0.0116
0.0104
0.0110
0.0108
0.0112
0.0118
0.0118
0.0118
0.0118
0.0119
0.0118
0.0118
0.0000
1.0000
0.0851
0.0851
0.0505
0.0908
0.0000
0.0629
1.0000
0.9702
1.0000
0.9798
0.0119
0.0119
0.0033
0.9227
0.9944
0.9945
1.0000
1.0000
1.0000
0.0165
0.0000
0.0000
0.0000
0.0000
0.0000
0.9897
0.9894
0.0000
0.0108
0.0109
0.0167
0.0222
0.0222
0.0221
0.0226
0.0230
0.0301
0.0000
0.0000
0.0000
0.0000
0.9775
0.9775
0.9775
0.9774
0.9774
0.0000
0.0189
0.0104
0.0108
0.0111
0.0118
0.0118
0.0118
0.0118
0.0118
0.0118
0.0118
0.0840
1.0000
1.0000
0.0897
0.0890
0.0211
0.0000
0.0373
1.0000
0.9919
1.0000
0.0118
0.0119
0.0119
0.0120
0.0132
0.9976
1.0000
1.0000
0.0676
0.0150
0.0327
0.0517
0.0479
0.0000
0.0000
0.0039
0.9949
0.9894
0.9892
0.0000
0.0000
0.0134
0.0211
0.0222
0.0223
0.0223
0.0221
0.0280
0.0000
0.0010
0.0000
0.0000
0.0000
0.0000
0.9775
0.9774
0.9776
0.9777
0.9754
0.0000
0.0106
0.0108
0.0118
0.0118
0.0118
0.0118
0.0119
0.0119
0.0119
0.0119
0.0165
1.0000
1.0000
0.0286
0.0883
1.0000
1.0000
1.0000
0.9200
0.0118
0.0118
0.0119
0.0119
0.0119
0.0129
0.0140
0.1338
1.0000
0.0868
0.0461
0.0869
0.0882
0.0886
0.0706
0.0157
0.0115
0.0114
0.9894
0.9893
1.0000
0.0612
0.0000
0.0000
0.0217
0.0149
0.0168
0.0169
0.0215
0.0236
0.0161
0.0000
0.0000
0.0133
0.0053
0.0000
0.0000
0.9769
0.9772
0.9752
0.9939
0.0000
0.0105
0.0118
0.0118
0.0118
0.0118
0.0119
0.0119
0.0119
0.0119
0.0179
0.0179
1.0000
0.9328
0.9840
0.9599
1.0000
1.0000
0.0000
0.0118
0.0118
0.0119
0.0119
0.0119
0.0126
0.0137
0.0143
0.0479
0.0872
0.0768
0.0481
0.0139
0.0154
0.0160
0.0168
0.0121
0.0117
1.0000
0.0000
0.0612
0.0611
0.0611
0.0614
0.0000
0.0110
0.0108
0.0106
0.0127
0.0207
0.0230
0.0232
0.0243
0.0297
0.0301
0.0088
0.0003
0.0019
0.0000
1.0000
1.0000
0.0628
0.1043
0.0118
0.0118
0.0118
0.0118
0.0119
0.0119
0.0119
0.0120
0.0176
0.0000
0.9498
0.9032
0.9189
0.9182
0.9644
0.9927
0.0000
0.0118
0.0119
0.0119
0.0119
0.0119
0.0124
0.0134
0.0141
0.0159
0.0874
0.0878
0.0636
0.0418
0.0217
0.0591
0.0172
0.0125
0.0119
0.0112
0.0000
0.0612
0.0000
0.0000
0.0000
0.0364
0.0109
0.0109
0.0109
0.0108
0.0222
0.0223
0.0224
0.0224
0.0222
0.0219
0.0270
0.0023
0.0172
0.0497
0.0607
0.0126
0.9937
0.9914
0.0118
0.0118
0.0118
0.0118
0.0119
0.0119
0.0120
0.0134
0.0171
0.0000
0.0000
0.0000
0.0000
0.6848
0.0000
0.0000
0.0000
0.0118
0.0119
0.0119
0.0119
0.0119
0.0123
0.0133
0.0140
0.0152
0.0875
1.0000
0.4490
0.0140
0.0159
0.0165
0.0178
0.0131
0.0121
0.0113
0.0000
0.0611
0.0609
0.0000
0.0000
0.0621
0.0108
0.0109
0.0110
0.0111
0.0225
0.0226
0.0227
0.0226
0.0223
0.0212
0.0164
0.0143
0.0236
0.0269
0.0315
0.0132
0.0069
0.0000
0.0118
0.0118
0.0118
0.0118
0.0119
0.0119
0.0120
0.0134
0.0171
0.0000
0.0000
0.0000
0.0000
0.6849
0.0000
0.0000
0.0000
0.0118
0.0119
0.0119
0.0119
0.0119
0.0123
0.0133
0.0140
0.0152
0.0875
1.0000
0.4494
0.0140
0.0159
0.0165
0.0178
0.0131
0.0121
0.0113
0.0000
0.0611
0.0609
0.0000
0.0000
0.0621
0.0108
0.0109
0.0110
0.0111
0.0225
0.0226
0.0227
0.0226
0.0223
0.0212
0.0164
0.0143
0.0236
0.0269
0.0315
0.0132
0.0069
0.0000
0.0118
0.0118
0.0118
0.0118
0.0119
0.0119
0.0119
0.0120
0.0176
0.0000
0.9498
0.9032
0.9189
0.9182
0.9644
0.9927
0.0000
0.0118
0.0119
0.0119
0.0119
0.0119
0.0124
0.0134
0.0141
0.0159
0.0874
0.0878
0.0636
0.0418
0.0217
0.0591
0.0172
0.0125
0.0119
0.0112
0.0000
0.0612
0.0000
0.0000
0.0000
0.0364
0.0109
0.0109
0.0109
0.0108
0.0222
0.0223
0.0224
0.0224
0.0222
0.0219
0.0270
0.0023
0.0172
0.0497
0.0607
0.0126
0.9937
0.9914
0.0118
0.0118
0.0118
0.0118
0.0119
0.0119
0.0119
0.0119
0.0179
0.0179
1.0000
0.9328
0.9840
0.9599
1.0000
1.0000
0.0000
0.0118
0.0118
0.0119
0.0119
0.0119
0.0126
0.0137
0.0143
0.0479
0.0872
0.0768
0.0481
0.0139
0.0154
0.0160
0.0168
0.0121
0.0117
1.0000
0.0000
0.0612
0.0611
0.0611
0.0614
0.0000
0.0110
0.0108
0.0106
0.0127
0.0207
0.0230
0.0232
0.0243
0.0297
0.0301
0.0088
0.0003
0.0019
0.0000
1.0000
1.0000
0.0628
0.1043
0.0118
0.0118
0.0118
0.0118
0.0119
0.0119
0.0119
0.0119
0.0165
1.0000
1.0000
0.0286
0.0883
1.0000
1.0000
1.0000
0.9200
0.0118
0.0118
0.0119
0.0119
0.0119
0.0129
0.0140
0.1413
1.0000
0.0868
0.0461
0.0869
0.0882
0.0886
0.0706
0.0157
0.0115
0.0114
0.9894
0.9893
1.0000
0.0612
0.0000
0.0000
0.0217
0.0149
0.0168
0.0169
0.0215
0.0236
0.0161
0.0000
0.0000
0.0133
0.0053
0.0000
0.0000
0.9769
0.9772
0.9752
0.9939
0.0000
0.0105
0.0118
0.0118
0.0118
0.0118
0.0118
0.0118
0.0118
0.0840
1.0000
1.0000
0.0897
0.0890
0.0211
0.0000
0.0373
1.0000
0.9919
1.0000
0.0118
0.0119
0.0119
0.0120
0.0132
0.9976
1.0000
1.0000
0.0676
0.0150
0.0327
0.0517
0.0479
0.0000
0.0000
0.0039
0.9949
0.9894
0.9892
0.0000
0.0000
0.0134
0.0211
0.0222
0.0223
0.0223
0.0221
0.0280
0.0000
0.0010
0.0000
0.0000
0.0000
0.0000
0.9775
0.9774
0.9776
0.9777
0.9754
0.0000
0.0106
0.0108
0.0118
0.0118
0.0118
0.0118
0.0119
0.0118
0.0118
0.0000
1.0000
0.0851
0.0851
0.0505
0.0908
0.0000
0.0629
1.0000
0.9702
1.0000
0.9798
0.0119
0.0119
0.0033
0.9227
0.9944
0.9945
1.0000
1.0000
1.0000
0.0165
0.0000
0.0000
0.0000
0.0000
0.0000
0.9897
0.9894
0.0000
0.0108
0.0109
0.0167
0.0222
0.0222
0.0221
0.0226
0.0230
0.0301
0.0000
0.0000
0.0000
0.0000
0.9775
0.9775
0.9775
0.9774
0.9774
0.0000
0.0189
0.0104
0.0108
0.0111
0.0118
0.0119
0.0118
0.0119
0.0119
0.0118
0.0304
0.0104
0.0850
0.0850
0.0140
0.0149
0.0139
0.0546
0.0478
0.6442
0.9901
1.0000
0.9902
0.0119
0.0120
0.0000
0.9009
0.9728
0.0000
1.0000
1.0000
1.0000
0.0188
0.0000
0.0000
0.0000
0.0000
0.0000
0.0000
0.0141
0.0000
0.0149
0.0171
0.0929
0.0939
0.0940
0.0940
0.0224
0.0246
0.0310
0.0107
0.0000
0.9773
0.9773
0.9775
0.9765
0.9772
0.9471
0.0175
0.0116
0.0104
0.0110
0.0108
0.0112
0.0118
0.0119
0.0119
0.0119
0.0119
0.0119
0.0000
0.0000
0.0000
0.0000
0.0143
0.0169
0.0000
0.0000
0.0000
0.0000
0.8986
0.9902
0.9218
0.9223
0.9007
0.9016
0.9024
0.0000
0.0000
0.0146
0.0147
0.0147
0.0000
0.0000
0.0000
0.0000
0.0000
0.0000
0.0000
0.0000
0.0000
0.0000
0.0058
0.0976
0.0941
0.0727
0.0728
0.0740
1.0000
1.0000
1.0000
0.9783
0.9783
0.9781
0.9769
0.9599
0.0000
0.0128
0.0115
0.0111
0.0111
0.0111
0.0111
0.0113
0.0118
0.0119
0.0119
0.0119
0.0119
0.9890
0.9713
0.9715
0.9744
0.0000
0.0000
0.0000
0.0000
0.0000
0.0000
0.0000
0.4772
0.8988
0.8997
0.9052
0.9059
0.9067
0.9053
0.0000
0.0000
0.0146
0.0146
0.0146
0.0137
0.0124
0.0000
0.0000
0.0000
0.0000
0.0000
0.0000
0.0025
0.0040
0.0048
0.0000
0.0707
0.0719
0.9185
1.0000
1.0000
1.0000
1.0000
0.9774
0.9767
0.9773
0.9957
0.0161
0.0112
0.0112
0.0112
0.0112
0.0112
0.0113
0.0113
0.0115
0.0118
0.0119
0.0119
0.0116
0.0114
0.9896
0.9587
0.9697
0.0000
0.0113
0.0114
0.0115
0.0000
0.0000
0.0000
0.0000
0.0000
0.8983
0.8984
0.9014
0.9042
0.9010
0.9000
0.0000
0.0120
0.0123
0.0127
0.0126
0.0122
0.0142
0.0171
0.0000
0.0000
1.0000
1.0000
1.0000
1.0000
1.0000
0.9806
1.0000
1.0000
1.0000
1.0000
0.9803
0.9760
1.0000
1.0000
1.0000
0.9955
0.0000
0.0114
0.0114
0.0113
0.0113
0.0113
0.0113
0.0113
0.0114
0.0115
0.0115
0.0132
0.0133
0.0126
0.0115
0.0000
0.9895
1.0000
1.0000
0.0000
0.0113
0.0113
0.0113
0.0113
0.0113
0.0000
0.0000
0.0000
0.9087
0.8979
0.8987
0.8994
0.9076
0.0000
0.0115
0.0116
0.0117
0.0126
0.0000
0.0000
0.0013
1.0000
1.0000
1.0000
1.0000
0.9831
0.9283
0.9489
0.9256
0.9929
0.9939
0.9989
1.0000
1.0000
1.0000
1.0000
0.0664
0.0637
0.0000
0.0000
0.0000
0.0115
0.0115
0.0114
0.0114
0.0114
0.0114
0.0114
0.0115
0.0115
0.0116
0.0045
0.0291
0.0254
0.0254
0.0224
0.0216
0.0217
0.0211
0.0211
0.0214
0.0217
0.0218
0.0217
0.0216
0.0208
0.0198
0.0187
0.0178
1.0000
0.9954
1.0000
1.0000
0.0165
0.0177
1.0000
1.0000
0.9841
0.0000
0.0000
0.0424
1.0000
1.0000
1.0000
1.0000
1.0000
1.0000
1.0000
1.0000
1.0000
0.9950
0.0004
0.0012
0.0000
0.0000
0.0000
0.0616
0.0615
0.0000
0.0000
0.0124
0.0116
0.0115
0.0115
0.0115
0.0115
0.0115
0.0115
0.0116
0.0116
0.0116
0.0000
0.0253
0.0369
0.0037
0.0254
0.0254
0.0245
0.0231
0.0217
0.0216
0.0216
0.0216
0.0216
0.0217
0.0224
0.0232
0.0250
0.0253
0.0253
0.0252
0.0252
0.0249
0.0238
0.0238
1.0000
1.0000
0.9098
0.0000
0.0000
0.0000
1.0000
1.0000
1.0000
1.0000
1.0000
1.0000
1.0000
1.0000
1.0000
1.0000
0.0230
0.0230
0.0210
0.0000
0.0000
0.0637
0.0637
0.0000
0.0135
0.0124
0.0116
0.0115
0.0115
0.0115
0.0115
0.0115
0.0116
0.0116
0.0116
0.0117
0.9884
0.9884
0.9883
0.9883
0.9883
0.9883
0.9884
0.9884
0.9884
0.9884
0.9885
0.9885
0.9885
0.9885
0.9884
0.9884
0.9883
0.9883
1.0000
1.0000
1.0000
1.0000
1.0000
1.0000
1.0000
0.9870
0.9909
1.0000
0.9800
0.9798
1.0000
0.9995
1.0000
1.0000
1.0000
1.0000
1.0000
1.0000
1.0000
0.0224
0.0233
0.0233
0.0230
0.0000
0.0349
0.0000
0.0847
0.0131
0.0117
0.0114
0.0115
0.0115
0.0115
0.0115
0.0115
0.0116
0.0116
0.0116
0.0117
0.0117
0.9883
0.9884
0.9883
0.9883
0.9883
0.9883
0.9883
0.9884
0.9884
0.9884
0.9884
0.9884
0.9884
0.9884
0.9884
0.9884
0.9883
0.9883
0.9883
1.0000
1.0000
1.0000
1.0000
1.0000
1.0000
1.0000
1.0000
0.0016
0.0016
0.0000
1.0000
0.9997
1.0000
1.0000
1.0000
1.0000
1.0000
1.0000
1.0000
0.0225
0.0232
0.0229
0.0182
0.0000
0.0000
0.0000
0.0852
0.0135
0.0113
0.0115
0.0116
0.0116
0.0116
0.0116
0.0116
0.0116
0.0116
0.0117
0.0117
0.0117
# OPTIMIZATION PARAMETERS 
# nelx: 60
# nely: 30
# max buckling: 0.106
# penalization: 3.0
# initial densities: 0.5
# FEA MODEL DATA 
# material: {'Ex': 2000.0, 'Ey': 10000.0, 'NUxy': 0.3}
# loads: {'Val': -10, 'direction': 'x', 'dof': array([1828, 1950, 2072], dtype=int64)}
# bc: Left Clamped
# 
