# it, buckling[l1, l2, l3, l4, l5], volume, compliance
1.0000 -0.2103 0.2215 0.2544 0.3184 0.3651 0.5000 13.9934
2.0000 0.2218 0.2725 0.3076 0.3578 0.3981 0.5000 15.0149
3.0000 0.2161 0.2642 0.2996 0.3509 0.3898 0.5000 14.8711
4.0000 0.2079 0.2528 0.2881 0.3411 0.3784 0.5000 14.6607
5.0000 0.2068 0.2512 0.2865 0.3397 0.3767 0.5000 14.6298
6.0000 0.2062 0.2504 0.2857 0.3390 0.3759 0.5000 14.6132
7.0000 -0.2362 -0.2117 0.2260 0.2884 0.3252 0.5000 13.4779
8.0000 0.2228 0.2783 0.3098 0.3629 0.4050 0.5000 15.1022
9.0000 0.1929 0.2333 0.2646 0.3235 0.3614 0.5000 14.3052
10.0000 0.1877 0.2258 0.2570 0.3171 0.3546 0.5000 14.1664
11.0000 -0.2234 -0.2144 0.2189 0.2829 0.3234 0.5000 13.4524
12.0000 0.2147 0.2669 0.2980 0.3543 0.3968 0.5000 14.7356
13.0000 -0.2277 -0.2169 0.2150 0.2792 0.3211 0.5000 13.4388
14.0000 0.2101 0.2604 0.2910 0.3497 0.3924 0.5000 14.4893
15.0000 -0.2320 -0.2199 0.2120 0.2762 0.3200 0.5000 13.4220
16.0000 0.2072 0.2553 0.2862 0.3474 0.3905 0.5000 14.3194
17.0000 -0.2314 -0.2197 0.2117 0.2762 0.3201 0.5000 13.4169
18.0000 0.2069 0.2541 0.2855 0.3485 0.3928 0.5000 14.2258
19.0000 -0.2287 -0.2181 0.2125 0.2773 0.3205 0.5000 13.4165
20.0000 0.2076 0.2547 0.2869 0.3508 0.3964 0.5000 14.1714
21.0000 -0.2254 -0.2162 0.2136 0.2786 0.3211 0.5000 13.4181
22.0000 0.2085 0.2561 0.2891 0.3536 0.4008 0.5000 14.1360
23.0000 -0.1884 0.2119 0.2436 0.3098 0.3482 0.5000 13.7116
24.0000 0.2348 0.2941 0.3294 0.3874 0.4370 0.5000 14.7333
25.0000 0.2217 0.2736 0.3081 0.3671 0.4119 0.5000 14.5144
26.0000 0.2055 0.2489 0.2825 0.3437 0.3834 0.5000 14.2388
27.0000 0.1890 0.2253 0.2578 0.3216 0.3580 0.5000 13.9573
28.0000 0.1855 0.2205 0.2528 0.3170 0.3532 0.5000 13.8978
29.0000 -0.2339 -0.2240 0.2105 0.2755 0.3180 0.5000 13.3659
30.0000 0.2048 0.2517 0.2844 0.3450 0.3879 0.5000 14.1211
31.0000 -0.2348 -0.2244 0.2099 0.2752 0.3181 0.5000 13.3636
32.0000 0.2024 0.2496 0.2819 0.3427 0.3867 0.5000 14.0367
33.0000 -0.2357 -0.2247 0.2094 0.2750 0.3181 0.5000 13.3611
34.0000 0.2006 0.2480 0.2799 0.3405 0.3854 0.5000 13.9752
35.0000 -0.2363 -0.2249 0.2091 0.2748 0.3180 0.5000 13.3590
36.0000 0.1994 0.2470 0.2785 0.3392 0.3849 0.5000 13.9328
37.0000 -0.2349 -0.2237 0.2096 0.2755 0.3185 0.5000 13.3591
38.0000 0.1991 0.2473 0.2788 0.3396 0.3862 0.5000 13.9095
39.0000 -0.2325 -0.2218 0.2105 0.2766 0.3192 0.5000 13.3615
40.0000 0.1994 0.2483 0.2799 0.3407 0.3883 0.5000 13.8980
41.0000 -0.2298 -0.2196 0.2116 0.2779 0.3201 0.5000 13.3653
42.0000 0.2001 0.2499 0.2814 0.3423 0.3908 0.5000 13.8964
43.0000 -0.1900 0.2078 0.2396 0.3049 0.3443 0.5000 13.5852
44.0000 0.2304 0.2829 0.3186 0.3845 0.4350 0.5000 14.4120
45.0000 0.2106 0.2542 0.2885 0.3549 0.3976 0.5000 14.1548
46.0000 0.1909 0.2270 0.2600 0.3276 0.3650 0.5000 13.8901
47.0000 0.1865 0.2211 0.2537 0.3216 0.3584 0.5000 13.8291
48.0000 -0.2366 -0.2260 0.2087 0.2745 0.3168 0.5000 13.3448
49.0000 0.1972 0.2441 0.2754 0.3373 0.3846 0.5000 13.8521
50.0000 -0.1948 0.2024 0.2338 0.2994 0.3384 0.5000 13.5450
51.0000 0.2197 0.2731 0.3071 0.3713 0.4227 0.5000 14.1670
52.0000 0.1917 0.2303 0.2628 0.3284 0.3693 0.5000 13.8143
53.0000 0.1852 0.2207 0.2530 0.3192 0.3585 0.5000 13.7333
54.0000 -0.2331 -0.2230 0.2099 0.2762 0.3174 0.5000 13.3458
55.0000 0.1963 0.2440 0.2751 0.3369 0.3853 0.5000 13.8247
56.0000 -0.2341 -0.2236 0.2094 0.2757 0.3171 0.5000 13.3433
57.0000 0.1947 0.2426 0.2735 0.3348 0.3837 0.5000 13.7919
58.0000 -0.1950 0.2019 0.2331 0.2984 0.3379 0.5000 13.5170
59.0000 0.2210 0.2740 0.3082 0.3742 0.4261 0.5000 14.1618
60.0000 0.1933 0.2322 0.2649 0.3313 0.3728 0.5000 13.8239
61.0000 0.1868 0.2227 0.2551 0.3220 0.3617 0.5000 13.7448
62.0000 -0.2320 -0.2220 0.2100 0.2764 0.3175 0.5000 13.3430
63.0000 0.1945 0.2426 0.2735 0.3349 0.3841 0.5000 13.7802
64.0000 -0.1904 0.2060 0.2372 0.3022 0.3421 0.5000 13.5390
65.0000 0.2293 0.2806 0.3176 0.3886 0.4399 0.5000 14.2660
66.0000 0.2001 0.2394 0.2734 0.3428 0.3833 0.5000 13.9329
67.0000 0.1929 0.2296 0.2631 0.3324 0.3710 0.5000 13.8472
68.0000 -0.2359 -0.2254 0.2085 0.2745 0.3157 0.5000 13.3344
69.0000 0.1917 0.2381 0.2691 0.3306 0.3792 0.5000 13.7371
70.0000 -0.1932 0.2030 0.2341 0.2991 0.3388 0.5000 13.5114
71.0000 0.2232 0.2747 0.3105 0.3800 0.4314 0.5000 14.1510
72.0000 0.1845 0.2188 0.2515 0.3199 0.3582 0.5000 13.7144
73.0000 0.1835 0.2174 0.2501 0.3185 0.3566 0.5000 13.7028
74.0000 -0.2360 -0.2256 0.2083 0.2743 0.3154 0.5000 13.3319
75.0000 0.1908 0.2366 0.2676 0.3292 0.3777 0.5000 13.7169
76.0000 -0.1958 0.2003 0.2313 0.2965 0.3360 0.5000 13.4879
77.0000 0.2192 0.2703 0.3056 0.3746 0.4261 0.5000 14.0768
78.0000 0.1836 0.2181 0.2507 0.3187 0.3577 0.5000 13.6831
79.0000 0.1827 0.2167 0.2492 0.3173 0.3561 0.5000 13.6721
80.0000 -0.2356 -0.2254 0.2084 0.2745 0.3155 0.5000 13.3303
81.0000 0.1902 0.2359 0.2670 0.3288 0.3774 0.5000 13.7031
82.0000 -0.1947 0.2011 0.2321 0.2973 0.3370 0.5000 13.4881
83.0000 0.2213 0.2718 0.3082 0.3791 0.4307 0.5000 14.0891
84.0000 0.1864 0.2215 0.2546 0.3236 0.3627 0.5000 13.7158
85.0000 0.1802 0.2132 0.2459 0.3148 0.3528 0.5000 13.6484
86.0000 -0.2355 -0.2254 0.2083 0.2743 0.3155 0.5000 13.3288
87.0000 0.1897 0.2349 0.2662 0.3282 0.3766 0.5000 13.6902
88.0000 -0.1946 0.2009 0.2320 0.2973 0.3370 0.5000 13.4834
89.0000 0.2216 0.2714 0.3086 0.3811 0.4325 0.5000 14.0776
90.0000 0.1873 0.2227 0.2562 0.3259 0.3650 0.5000 13.7223
91.0000 0.1810 0.2141 0.2472 0.3167 0.3546 0.5000 13.6543
92.0000 -0.2359 -0.2257 0.2080 0.2740 0.3153 0.5000 13.3273
93.0000 0.1890 0.2337 0.2652 0.3274 0.3756 0.5000 13.6767
94.0000 -0.1956 0.1997 0.2308 0.2962 0.3359 0.5000 13.4729
95.0000 0.2201 0.2694 0.3070 0.3801 0.4313 0.5000 14.0436
96.0000 0.1836 0.2178 0.2512 0.3210 0.3596 0.5000 13.6740
97.0000 0.1826 0.2164 0.2498 0.3195 0.3579 0.5000 13.6633
98.0000 -0.2365 -0.2262 0.2077 0.2736 0.3149 0.5000 13.3252
99.0000 0.1884 0.2328 0.2643 0.3267 0.3749 0.5000 13.6650
100.0000 -0.1972 0.1980 0.2292 0.2947 0.3343 0.5000 13.4600
101.0000 0.2179 0.2666 0.3042 0.3774 0.4284 0.5000 14.0056
102.0000 0.1805 0.2138 0.2471 0.3167 0.3551 0.5000 13.6325
# OPTIMIZATION PARAMETERS 
# nelx: 60
# nely: 30
# max buckling: 7.714
# penalization: 3.0
# initial densities: [1. 1. 1. ... 0. 0. 0.]
# FEA MODEL DATA 
# material: {'Ex': 10000.0, 'Ey': 10000.0, 'NUxy': 0.3}
# loads: {'Val': -10, 'direction': 'x', 'dof': array([1829, 1951, 2073], dtype=int64)}
# bc: Left Clamped
# 
