# densities
1.0000
1.0000
1.0000
1.0000
1.0000
1.0000
1.0000
1.0000
1.0000
1.0000
1.0000
1.0000
1.0000
1.0000
1.0000
1.0000
1.0000
1.0000
1.0000
1.0000
1.0000
1.0000
1.0000
1.0000
1.0000
1.0000
1.0000
1.0000
1.0000
1.0000
1.0000
1.0000
1.0000
1.0000
1.0000
1.0000
1.0000
1.0000
1.0000
0.9727
0.8148
0.0000
0.0000
0.0000
0.0000
0.0000
0.0000
0.0000
0.0000
0.0000
0.0000
0.0000
0.0000
0.0000
0.0000
0.0000
0.0000
0.0000
0.0000
0.0000
1.0000
1.0000
1.0000
1.0000
1.0000
1.0000
1.0000
1.0000
1.0000
1.0000
1.0000
1.0000
1.0000
1.0000
1.0000
1.0000
1.0000
1.0000
1.0000
1.0000
1.0000
1.0000
1.0000
1.0000
1.0000
1.0000
1.0000
1.0000
1.0000
1.0000
1.0000
1.0000
1.0000
1.0000
1.0000
1.0000
1.0000
1.0000
1.0000
0.9909
0.9142
0.6669
0.0000
0.0000
0.0000
0.0000
0.0000
0.0000
0.0000
0.0000
0.0000
0.0000
0.0000
0.0000
0.0000
0.0000
0.0000
0.0000
0.0000
0.0000
1.0000
1.0000
1.0000
1.0000
1.0000
1.0000
1.0000
1.0000
1.0000
1.0000
1.0000
1.0000
1.0000
0.9976
1.0000
1.0000
1.0000
1.0000
1.0000
1.0000
1.0000
1.0000
1.0000
1.0000
1.0000
1.0000
1.0000
1.0000
1.0000
1.0000
1.0000
1.0000
1.0000
1.0000
1.0000
1.0000
1.0000
1.0000
1.0000
1.0000
1.0000
1.0000
1.0000
0.7355
0.1084
0.0000
0.0000
0.0000
0.0000
0.0000
0.0000
0.0000
0.0000
0.0000
0.0000
0.0000
0.0000
0.0000
0.0000
0.0000
1.0000
1.0000
1.0000
1.0000
1.0000
1.0000
1.0000
1.0000
1.0000
1.0000
1.0000
0.9271
0.8674
0.8142
0.8257
0.8585
0.8926
0.9020
0.8825
0.8439
0.8318
0.8507
0.8887
0.9196
0.9232
0.8988
0.8618
0.8354
0.8361
0.8671
0.9069
0.9179
0.9211
0.9037
0.9276
0.9581
1.0000
1.0000
1.0000
1.0000
1.0000
1.0000
1.0000
1.0000
0.8998
0.4872
0.0000
0.0000
0.0000
0.0000
0.0000
0.0000
0.0000
0.0000
0.0000
0.0000
0.0000
0.0000
0.0000
0.0000
0.4225
0.5094
0.9044
1.0000
1.0000
1.0000
1.0000
1.0000
1.0000
1.0000
1.0000
0.9413
0.8368
0.6870
0.3667
0.2454
0.1694
0.0310
0.0000
0.0000
0.0000
0.0000
0.0000
0.0000
0.0000
0.0000
0.0000
0.0019
0.0022
0.0000
0.0000
0.1369
0.2757
0.4984
0.6066
0.8423
0.9405
0.9506
0.9080
0.9515
1.0000
1.0000
1.0000
1.0000
1.0000
0.9999
0.7535
0.0970
0.0000
0.0000
0.0000
0.0000
0.0000
0.0000
0.0000
0.0000
0.0000
0.0000
0.0000
0.0000
0.0000
0.0000
0.0000
0.2445
0.7792
0.9275
0.9818
1.0000
1.0000
1.0000
1.0000
1.0000
0.9778
0.8975
0.7994
0.6000
0.0420
0.0000
0.0000
0.0000
0.0000
0.0000
0.0000
0.0000
0.0000
0.0000
0.0000
0.0000
0.0000
0.0000
0.0000
0.0000
0.0000
0.4040
0.7119
0.9270
0.9977
0.8372
0.4159
0.4194
0.7294
1.0000
1.0000
1.0000
1.0000
1.0000
1.0000
0.9564
0.6245
0.0000
0.0000
0.0000
0.0000
0.0000
0.0000
0.0000
0.0000
0.0000
0.0000
0.0000
0.0000
0.0000
0.0000
0.0000
0.0000
0.0423
0.6677
0.8963
0.9771
1.0000
1.0000
1.0000
1.0000
1.0000
1.0000
0.9671
0.9026
0.5099
0.0000
0.0000
0.0000
0.0000
0.0000
0.0000
0.0000
0.0000
0.0000
0.0000
0.0000
0.0000
0.0000
0.0000
0.0000
0.9271
1.0000
1.0000
0.9990
0.4725
0.0000
0.0000
0.0000
0.4838
0.8373
0.9936
1.0000
1.0000
1.0000
1.0000
1.0000
0.8700
0.4252
0.0000
0.0000
0.0000
0.0000
0.0000
0.0000
0.0000
0.0000
0.0000
0.0000
0.0000
0.0000
0.0000
0.0000
0.0000
0.0000
0.0000
0.4977
0.9155
1.0000
1.0000
1.0000
1.0000
1.0000
1.0000
1.0000
0.9794
0.8592
0.2226
0.0000
0.0000
0.0000
0.0000
0.0000
0.0000
0.0000
0.0000
0.0000
0.0000
0.0000
0.0000
0.4803
1.0000
1.0000
1.0000
0.7953
0.0000
0.0000
0.0000
0.0000
0.0000
0.2146
0.6121
0.9113
1.0000
1.0000
1.0000
1.0000
1.0000
0.9951
0.7401
0.3851
0.0000
0.0000
0.0000
0.0000
0.0000
0.0000
0.0000
0.0000
0.0000
0.0000
0.0000
0.0000
0.0000
0.0000
0.0000
0.0000
0.0000
0.5658
0.9582
1.0000
1.0000
1.0000
1.0000
1.0000
1.0000
1.0000
1.0000
0.9938
0.7368
0.0000
0.0000
0.0000
0.0000
0.0000
0.0000
0.0000
0.0000
0.0000
0.0000
1.0000
1.0000
1.0000
0.8756
0.0000
0.0000
0.0000
0.0000
0.0000
0.0000
0.0000
0.0000
0.2341
0.7515
0.9939
1.0000
1.0000
1.0000
1.0000
1.0000
0.9417
0.7104
0.0000
0.0000
0.0000
0.0000
0.0000
0.0000
0.0000
0.0000
0.0000
0.0000
0.0000
0.0000
0.0000
0.0000
0.0000
0.0000
0.0000
0.0000
0.6276
0.9751
1.0000
1.0000
1.0000
1.0000
1.0000
1.0000
1.0000
1.0000
1.0000
0.9649
0.4233
0.0000
0.0000
0.0000
0.0000
0.0000
0.0000
0.9010
1.0000
1.0000
1.0000
0.0000
0.0000
0.0000
0.0000
0.0000
0.0000
0.0000
0.0000
0.0000
0.0000
0.0000
0.3113
0.8867
1.0000
1.0000
1.0000
1.0000
1.0000
1.0000
0.9772
0.4557
0.0000
0.0000
0.0000
0.0000
0.0000
0.0000
0.0000
0.0000
0.0000
0.0000
0.0000
0.0000
0.0000
0.0000
0.0000
0.0000
0.0000
0.0000
0.6487
0.9722
1.0000
1.0000
1.0000
1.0000
1.0000
1.0000
1.0000
1.0000
1.0000
0.9845
0.5594
0.0000
0.0000
0.0000
0.3964
1.0000
1.0000
1.0000
0.4384
0.0000
0.0000
0.0000
0.0000
0.0000
0.0000
0.0000
0.0000
0.0000
0.0000
0.0000
0.0000
0.0004
0.6759
0.9533
1.0000
1.0000
1.0000
1.0000
1.0000
1.0000
1.0000
0.2908
0.0000
0.0000
0.0000
0.0000
0.0000
0.0000
0.0000
0.0000
0.0000
0.0000
0.0000
0.0000
0.0000
0.0000
0.0000
0.0000
0.0000
0.0000
0.7171
0.9893
1.0000
1.0000
1.0000
1.0000
1.0000
1.0000
1.0000
1.0000
1.0000
0.8580
0.3122
0.3763
1.0000
1.0000
1.0000
0.9791
0.0000
0.0000
0.0000
0.0000
0.0000
0.0000
0.0000
0.0000
0.0000
0.0000
0.0000
0.0000
0.0000
0.0000
0.0000
0.4745
0.8180
1.0000
1.0000
1.0000
1.0000
1.0000
1.0000
1.0000
0.4472
0.0912
0.0000
0.0000
0.0000
0.0000
0.0000
0.0000
0.0000
0.0000
0.0000
0.0000
0.0000
0.0000
0.0000
0.0000
0.0000
0.0000
0.0000
0.0000
0.8541
1.0000
0.9971
0.9602
0.9754
1.0000
1.0000
1.0000
1.0000
0.9903
0.9346
0.9544
1.0000
1.0000
1.0000
0.0264
0.0000
0.0000
0.0000
0.0000
0.0000
0.0000
0.0000
0.0000
0.0000
0.0000
0.0000
0.0000
0.0000
0.0000
0.0000
0.0000
0.0016
0.6625
0.9378
0.9850
1.0000
1.0000
1.0000
1.0000
1.0000
1.0000
0.0000
0.0000
0.0000
0.0000
0.0000
0.0000
0.0000
0.0000
0.0000
0.0000
0.0000
0.0000
0.0000
0.0000
0.0000
0.0000
0.0000
0.0000
0.1105
0.6865
0.9737
0.9771
0.8435
0.8365
0.9378
1.0000
1.0000
1.0000
0.9990
0.9943
1.0000
1.0000
0.4457
0.0000
0.0000
0.0000
0.0000
0.0000
0.0000
0.0000
0.0000
0.0000
0.0000
0.0000
0.0000
0.0000
0.0000
0.0000
0.0000
0.0000
0.0000
0.0000
0.3443
0.9894
0.9669
0.9521
1.0000
1.0000
1.0000
1.0000
0.0000
0.0000
0.0000
0.0000
0.0000
0.0000
0.0000
0.0000
0.0000
0.0000
0.0000
0.0000
0.0000
0.0000
0.0000
0.0000
0.0000
0.0000
0.1770
0.4627
0.7457
0.8413
0.7236
0.6677
0.7371
0.9010
1.0000
1.0000
1.0000
1.0000
1.0000
0.9114
0.0000
0.0000
0.0000
0.0000
0.0000
0.0000
0.0000
0.0000
0.0000
0.0000
0.0000
0.0000
0.0000
0.0000
0.0000
0.0000
0.0000
0.0000
0.0000
0.0000
0.3535
0.6653
0.8840
0.7410
0.8343
1.0000
1.0000
1.0000
0.0000
0.0000
0.0000
0.0000
0.0000
0.0000
0.0000
0.0000
0.0000
0.0000
0.0000
0.0000
0.0000
0.0000
0.0000
0.0000
0.0000
0.0000
0.1620
0.4498
0.7248
0.8311
0.7086
0.6183
0.6606
0.8512
1.0000
1.0000
1.0000
1.0000
0.9885
0.7680
0.0000
0.0000
0.0000
0.0000
0.0000
0.0000
0.0000
0.0000
0.0000
0.0000
0.0000
0.0000
0.0000
0.0000
0.0000
0.0000
0.0000
0.0000
0.0000
0.0668
0.5010
0.7421
0.8951
0.7234
0.8056
1.0000
1.0000
1.0000
0.0000
0.0000
0.0000
0.0000
0.0000
0.0000
0.0000
0.0000
0.0000
0.0000
0.0000
0.0000
0.0000
0.0000
0.0000
0.0000
0.0000
0.0000
0.1275
0.6438
0.9500
0.9855
0.8338
0.7357
0.8064
0.9480
1.0000
1.0000
1.0000
1.0000
1.0000
0.8688
0.0924
0.0000
0.0000
0.0000
0.0000
0.0000
0.0000
0.0000
0.0000
0.0000
0.0000
0.0000
0.0000
0.0000
0.0000
0.0000
0.0000
0.0000
0.0000
0.1603
0.7462
1.0000
1.0000
0.9688
1.0000
1.0000
1.0000
1.0000
0.0000
0.0000
0.0000
0.0000
0.0000
0.0000
0.0000
0.0000
0.0000
0.0000
0.0000
0.0000
0.0000
0.0000
0.0000
0.0000
0.0000
0.0725
0.8539
1.0000
1.0000
1.0000
0.9966
0.9952
1.0000
1.0000
1.0000
1.0000
1.0000
1.0000
1.0000
1.0000
0.8782
0.0000
0.0000
0.0000
0.0000
0.0000
0.0000
0.0000
0.0000
0.0000
0.0000
0.0000
0.0000
0.0000
0.0000
0.0000
0.0000
0.0000
0.0450
0.9364
1.0000
1.0000
1.0000
1.0000
1.0000
1.0000
1.0000
1.0000
0.0000
0.0000
0.0000
0.0000
0.0000
0.0000
0.0000
0.0000
0.0000
0.0000
0.0000
0.0000
0.0000
0.0000
0.0000
0.2136
0.9605
1.0000
1.0000
1.0000
1.0000
1.0000
1.0000
1.0000
1.0000
1.0000
1.0000
1.0000
0.6753
0.7487
1.0000
1.0000
1.0000
0.7804
0.0000
0.0000
0.0000
0.0000
0.0000
0.0000
0.0000
0.0000
0.0000
0.0000
0.0000
0.0000
0.0000
0.0000
0.0119
0.5511
1.0000
1.0000
1.0000
1.0000
1.0000
1.0000
1.0000
1.0000
0.5265
0.0940
0.0000
0.0000
0.0000
0.0000
0.0000
0.0000
0.0000
0.0000
0.0000
0.0000
0.0000
0.0000
0.0000
0.0213
0.7729
1.0000
1.0000
1.0000
1.0000
1.0000
1.0000
1.0000
1.0000
1.0000
1.0000
1.0000
0.8029
0.0008
0.0000
0.0114
0.6422
1.0000
1.0000
1.0000
0.5693
0.0000
0.0000
0.0000
0.0000
0.0000
0.0000
0.0000
0.0000
0.0000
0.0000
0.0000
0.1104
0.6405
0.9997
1.0000
1.0000
1.0000
1.0000
1.0000
1.0000
1.0000
1.0000
0.4343
0.0000
0.0000
0.0000
0.0000
0.0000
0.0000
0.0000
0.0000
0.0000
0.0000
0.0000
0.0000
0.0000
0.0000
0.5523
1.0000
1.0000
1.0000
1.0000
1.0000
1.0000
1.0000
1.0000
1.0000
1.0000
1.0000
0.6228
0.0000
0.0000
0.0000
0.0000
0.0000
0.0000
0.9473
1.0000
1.0000
1.0000
0.4644
0.0033
0.0000
0.0000
0.0000
0.0000
0.0000
0.0000
0.0000
0.1003
0.5062
1.0000
1.0000
1.0000
1.0000
1.0000
1.0000
1.0000
1.0000
1.0000
0.5545
0.0000
0.0000
0.0000
0.0000
0.0000
0.0000
0.0000
0.0000
0.0000
0.0000
0.0000
0.0000
0.0000
0.0000
0.4763
0.9904
1.0000
1.0000
1.0000
1.0000
1.0000
1.0000
1.0000
1.0000
1.0000
1.0000
0.3210
0.0000
0.0000
0.0000
0.0000
0.0000
0.0000
0.0000
0.0000
0.1023
1.0000
1.0000
1.0000
1.0000
0.6160
0.0258
0.0000
0.0000
0.0000
0.0000
0.0516
0.1885
0.7954
1.0000
1.0000
1.0000
1.0000
1.0000
1.0000
1.0000
1.0000
0.8723
0.0000
0.0000
0.0000
0.0000
0.0000
0.0000
0.0000
0.0000
0.0000
0.0000
0.0000
0.0000
0.0000
0.0177
0.5204
0.9997
1.0000
1.0000
1.0000
1.0000
1.0000
0.9904
0.9390
0.9356
0.9972
0.9884
0.8251
0.5257
0.1244
0.0000
0.0000
0.0000
0.0000
0.0000
0.0000
0.0000
0.0000
0.0682
0.8780
0.9628
1.0000
1.0000
1.0000
0.7212
0.0794
0.0000
0.0000
0.0446
0.3207
1.0000
1.0000
1.0000
1.0000
1.0000
1.0000
1.0000
1.0000
1.0000
0.3212
0.0000
0.0000
0.0000
0.0000
0.0000
0.0000
0.0000
0.1597
0.1405
0.0121
0.0000
0.0000
0.0000
0.7820
1.0000
1.0000
1.0000
1.0000
1.0000
1.0000
1.0000
1.0000
0.9280
0.8744
0.8733
0.8029
0.7869
0.6780
0.5075
0.0890
0.0000
0.0000
0.0000
0.0000
0.0000
0.0000
0.0000
0.0779
0.3074
0.7424
0.7683
0.7324
0.9053
1.0000
0.9890
0.5520
0.1848
0.2602
0.7379
1.0000
1.0000
1.0000
1.0000
1.0000
1.0000
1.0000
1.0000
0.9545
0.2319
0.0000
0.0000
0.0000
0.0000
0.0000
0.0000
0.0000
0.0000
0.3752
0.3823
0.4094
0.5382
1.0000
1.0000
1.0000
1.0000
1.0000
1.0000
1.0000
1.0000
1.0000
0.9948
0.9649
0.8177
0.6122
0.5790
0.6772
0.7314
0.6766
0.5603
0.2171
0.0338
0.0000
0.0000
0.0000
0.0000
0.0000
0.0242
0.2918
0.5048
0.7278
0.6340
0.4792
0.5404
0.8899
0.9847
0.9632
0.9635
1.0000
1.0000
1.0000
1.0000
1.0000
1.0000
1.0000
1.0000
1.0000
0.6765
0.1689
0.0000
0.0000
0.0000
0.0000
0.0000
0.0000
0.0000
0.0000
0.0000
1.0000
1.0000
1.0000
1.0000
1.0000
1.0000
1.0000
1.0000
1.0000
1.0000
1.0000
1.0000
1.0000
0.9828
0.6273
0.6807
0.7258
0.7396
0.7943
0.8093
0.7314
0.6434
0.4746
0.2614
0.1753
0.1997
0.2661
0.3836
0.5143
0.6436
0.7516
0.8215
0.8180
0.7285
0.6070
0.6539
0.7780
0.9943
1.0000
1.0000
1.0000
1.0000
1.0000
1.0000
1.0000
1.0000
1.0000
0.8316
0.4971
0.0730
0.0000
0.0000
0.0000
0.0000
0.0000
0.0000
0.0000
0.0000
0.0000
0.0000
1.0000
1.0000
1.0000
1.0000
1.0000
1.0000
1.0000
1.0000
1.0000
1.0000
1.0000
1.0000
1.0000
1.0000
1.0000
1.0000
1.0000
0.9982
1.0000
1.0000
1.0000
1.0000
1.0000
1.0000
1.0000
1.0000
1.0000
1.0000
1.0000
1.0000
1.0000
0.9971
0.9684
0.9373
0.9236
0.9145
0.9375
1.0000
1.0000
1.0000
1.0000
1.0000
1.0000
1.0000
1.0000
0.8538
0.4918
0.1772
0.0000
0.0000
0.0000
0.0000
0.0000
0.0000
0.0000
0.0000
0.0000
0.0000
0.0000
0.0000
1.0000
1.0000
1.0000
1.0000
1.0000
1.0000
1.0000
1.0000
1.0000
1.0000
1.0000
1.0000
1.0000
1.0000
1.0000
1.0000
1.0000
1.0000
1.0000
1.0000
1.0000
1.0000
1.0000
1.0000
1.0000
1.0000
1.0000
1.0000
1.0000
1.0000
1.0000
1.0000
0.9913
0.9902
0.9963
1.0000
0.9956
0.9955
1.0000
1.0000
1.0000
1.0000
1.0000
0.9748
0.2437
0.1058
0.0487
0.0000
0.0000
0.0000
0.0000
0.0000
0.0000
0.0000
0.0000
0.0000
0.0000
0.0000
0.0000
0.0000
1.0000
1.0000
1.0000
1.0000
1.0000
1.0000
1.0000
1.0000
1.0000
1.0000
1.0000
1.0000
1.0000
1.0000
1.0000
1.0000
1.0000
1.0000
1.0000
1.0000
1.0000
1.0000
1.0000
1.0000
1.0000
1.0000
1.0000
1.0000
1.0000
1.0000
1.0000
1.0000
1.0000
1.0000
1.0000
1.0000
1.0000
1.0000
0.9556
0.9317
0.8842
0.6698
0.0000
0.0000
0.0000
0.0000
0.0000
0.0000
0.0000
0.0000
0.0000
0.0000
0.0000
0.0000
0.0000
0.0000
0.0000
0.0000
0.0000
0.0000
1.0000
1.0000
1.0000
1.0000
1.0000
1.0000
1.0000
1.0000
1.0000
1.0000
1.0000
1.0000
1.0000
1.0000
1.0000
1.0000
1.0000
1.0000
1.0000
1.0000
1.0000
1.0000
1.0000
1.0000
1.0000
1.0000
1.0000
1.0000
1.0000
1.0000
1.0000
1.0000
1.0000
1.0000
1.0000
1.0000
1.0000
1.0000
0.9681
0.9247
0.8043
0.0000
0.0000
0.0000
0.0000
0.0000
0.0000
0.0000
0.0000
0.0000
0.0000
0.0000
0.0000
0.0000
0.0000
0.0000
0.0000
0.0000
0.0000
0.0000
# OPTIMIZATION PARAMETERS 
# nelx: 60
# nely: 30
# max buckling: 7.714
# penalization: 3.0
# initial densities: [1. 1. 1. ... 0. 0. 0.]
# FEA MODEL DATA 
# material: {'Ex': 10000.0, 'Ey': 10000.0, 'NUxy': 0.3}
# loads: {'Val': -10, 'direction': 'x', 'dof': array([1829, 1951, 2073], dtype=int64)}
# bc: Left Clamped
# 
