# densities
1.0000
1.0000
1.0000
1.0000
1.0000
1.0000
0.9520
0.8566
0.0000
0.0000
0.0000
0.0000
0.0000
0.0000
0.0000
0.0000
0.0000
0.0000
0.0000
0.0000
0.0000
0.0000
0.0000
0.0000
0.0000
0.0000
0.0000
0.0000
0.0000
0.0000
0.0000
0.0000
0.0000
0.0000
0.0000
0.0000
0.0000
0.0000
0.0000
0.0000
1.0000
1.0000
1.0000
1.0000
1.0000
0.9941
1.0000
0.9939
0.5541
0.0011
0.0095
0.0056
0.0000
0.0000
0.0000
0.0000
0.0000
0.0000
0.0000
0.0000
0.0000
0.0000
0.0000
0.0000
0.0000
0.0000
0.0000
0.0000
0.0000
0.0000
0.0000
0.0000
0.0000
0.0000
0.0000
0.0000
0.0000
0.0000
0.0000
0.0000
0.9456
0.8658
1.0000
1.0000
0.9692
0.9948
1.0000
1.0000
1.0000
0.9587
0.6118
0.0763
0.0465
0.0000
0.0000
0.0030
0.0000
0.0000
0.0000
0.0000
0.0000
0.0000
0.0000
0.0000
0.0000
0.0000
0.0000
0.0000
0.0000
0.0000
0.0000
0.0000
0.0000
0.0000
0.0000
0.0000
0.0000
0.0000
0.0000
0.0000
0.7084
0.5453
0.7471
0.5721
0.4618
0.5459
0.8632
1.0000
1.0000
0.9295
0.8604
0.8410
0.8976
0.3527
0.0565
0.0347
0.0000
0.0000
0.0000
0.0000
0.0000
0.0000
0.0000
0.0000
0.0000
0.0000
0.0000
0.0000
0.0000
0.0000
0.0000
0.0000
0.0000
0.0000
0.0000
0.0000
0.0000
0.0000
0.0000
0.0000
0.8959
0.7910
0.5640
0.2029
0.2893
0.3605
0.4343
0.7276
0.7952
0.8745
0.9779
0.9191
1.0000
1.0000
0.5232
0.1527
0.0040
0.0025
0.0000
0.0000
0.0000
0.0000
0.0000
0.0000
0.0000
0.0000
0.0000
0.0000
0.0000
0.0000
0.0000
0.0000
0.0000
0.0000
0.0000
0.0000
0.0000
0.0000
0.0000
0.0000
0.7810
0.7104
0.3457
0.0000
0.0001
0.2541
0.4030
0.4075
0.4371
0.5295
0.7296
0.9308
1.0000
1.0000
0.9778
0.7737
0.3845
0.0596
0.0559
0.0000
0.0000
0.0000
0.0000
0.0000
0.0000
0.0000
0.0000
0.0000
0.0000
0.0000
0.0000
0.0000
0.0000
0.0000
0.0000
0.0000
0.0000
0.0000
0.0000
0.0000
0.5841
0.2280
0.0000
0.0000
0.0000
0.0000
0.0492
0.3589
0.2813
0.3845
0.4531
0.5684
0.8860
1.0000
0.9596
0.7840
0.8697
0.6797
0.5368
0.0000
0.0000
0.0000
0.0000
0.0000
0.0000
0.0000
0.0000
0.0000
0.0000
0.0000
0.0000
0.0000
0.0000
0.0000
0.0000
0.0000
0.0000
0.0000
0.0000
0.0000
0.0000
0.0000
0.0000
0.0000
0.0000
0.0000
0.0000
0.0000
0.0321
0.1619
0.3311
0.4522
0.4938
0.7263
0.8972
0.8784
1.0000
1.0000
1.0000
0.8139
0.2985
0.0156
0.0000
0.0000
0.0000
0.0000
0.0000
0.0000
0.0000
0.0000
0.0000
0.0000
0.0000
0.0000
0.0000
0.0000
0.0000
0.0000
0.0000
0.0000
0.0000
0.0000
0.0000
0.0000
0.0000
0.0000
0.0000
0.0000
0.0000
0.0000
0.0000
0.4152
0.4319
0.4180
0.5858
0.7326
1.0000
1.0000
1.0000
0.9945
0.9088
0.6588
0.6144
0.1768
0.0000
0.0000
0.0000
0.0000
0.0000
0.0000
0.0000
0.0000
0.0000
0.0000
0.0000
0.0000
0.0000
0.0000
0.0000
0.0000
0.0000
0.0000
0.0000
0.0000
0.0000
0.0000
0.0000
0.0000
0.0000
0.0000
0.0000
0.0003
0.0025
0.0273
0.3602
0.3419
0.7186
0.9212
0.9566
0.9677
0.9790
0.9738
0.9663
0.7655
0.4333
0.1718
0.0069
0.0022
0.0000
0.0000
0.0000
0.0000
0.0000
0.0000
0.0000
0.0000
0.0000
0.0000
0.0000
0.0000
0.0000
0.0000
0.0000
0.0000
0.0000
0.0000
0.0000
0.0000
0.0000
0.0000
0.0000
0.0000
0.0000
0.0000
0.0001
0.2229
0.3152
0.4367
0.6797
0.8599
0.9876
0.9895
0.9786
0.9951
0.7800
0.7266
0.7482
0.4775
0.0960
0.0308
0.0043
0.0002
0.0000
0.0000
0.0000
0.0000
0.0000
0.0000
0.0000
0.0000
0.0000
0.0000
0.0000
0.0000
0.0000
0.0000
0.0000
0.0000
0.0000
0.0000
0.0000
0.0000
0.0000
0.0000
0.0000
0.0000
0.0000
0.0042
0.2825
0.3869
0.9639
0.9816
0.9809
1.0000
0.9218
0.8249
0.8608
0.8658
0.8960
0.7345
0.1878
0.0477
0.0058
0.0000
0.0000
0.0000
0.0000
0.0000
0.0000
0.0000
0.0000
0.0000
0.0000
0.0000
0.0000
0.0000
0.0000
0.0000
0.0000
0.0000
0.0000
0.0000
0.0000
0.0000
0.0000
0.0000
0.0000
0.0000
0.0000
0.1535
0.6386
0.9371
0.9568
0.9938
0.9682
0.8739
0.8656
0.8968
0.9920
1.0000
1.0000
0.7529
0.1308
0.0520
0.0092
0.0000
0.0000
0.0000
0.0000
0.0000
0.0000
0.0000
0.0000
0.0000
0.0000
0.0000
0.0000
0.0000
0.0000
0.0000
0.0000
0.0000
0.0000
0.0000
0.0000
0.0000
0.0000
0.0000
0.0000
0.0000
0.0158
0.3075
0.7423
0.8739
0.9524
0.9401
0.8332
0.8076
0.8920
0.9984
1.0000
0.9968
0.9527
0.6203
0.1250
0.0080
0.0000
0.0000
0.0000
0.0000
0.0000
0.0000
0.0000
0.0000
0.0000
0.0000
0.0000
0.0000
0.0000
0.0000
0.0000
0.0000
0.0000
0.0000
0.0000
0.0000
0.0000
0.0000
0.0000
0.0000
0.0000
0.0000
0.0000
0.3359
0.8232
0.8736
0.9148
0.7390
0.6677
0.7785
0.9745
0.9978
0.9909
0.9786
0.8414
0.4599
0.0094
0.0021
0.0000
0.0000
0.0000
0.0000
0.0000
0.0000
0.0000
0.0000
0.0000
0.0000
0.0000
0.0000
0.0000
0.0000
0.0000
0.0000
0.0000
0.0000
0.0000
0.0000
0.0000
0.0000
0.0000
0.0000
0.0000
0.0000
0.2434
0.5937
0.8301
0.9230
0.6316
0.5468
0.6495
0.8242
0.9890
0.9899
1.0000
0.9513
0.8149
0.2672
0.0106
0.0052
0.0000
0.0000
0.0000
0.0000
0.0000
0.0000
0.0000
0.0000
0.0000
0.0000
0.0000
0.0000
0.0000
0.0000
0.0000
0.0000
0.0000
0.0000
0.0000
0.0000
0.0000
0.0000
0.0000
0.0000
0.1507
0.4431
0.5913
0.8034
0.7675
0.5526
0.4657
0.4497
0.6884
0.8940
1.0000
1.0000
1.0000
0.8955
0.3327
0.1027
0.0000
0.0000
0.0000
0.0000
0.0000
0.0000
0.0000
0.0000
0.0000
0.0000
0.0000
0.0000
0.0000
0.0000
0.0000
0.0000
0.0000
0.0000
0.0000
0.0000
0.0000
0.0000
0.0000
0.0000
0.0843
0.4873
0.5996
0.8006
0.8404
0.2606
0.2284
0.3449
0.4321
0.5238
0.7714
0.9472
1.0000
1.0000
0.8305
0.8732
0.0000
0.0000
0.0000
0.0000
0.0000
0.0000
0.0000
0.0000
0.0000
0.0000
0.0000
0.0000
0.0000
0.0000
0.0000
0.0000
0.0000
0.0000
0.0000
0.0000
0.0000
0.0000
0.0000
0.0000
0.0408
0.5506
0.6633
0.8949
0.9070
0.4796
0.0523
0.0099
0.0941
0.3157
0.4583
0.6491
0.8772
0.9806
1.0000
1.0000
0.0000
0.0000
0.0000
0.0000
0.0000
0.0000
0.0000
0.0000
0.0000
0.0000
0.0000
0.0000
0.0000
0.0000
0.0000
0.0000
0.0000
0.0000
0.0000
0.0000
0.0000
0.0000
0.0000
0.0000
0.0992
0.5588
0.6166
0.9216
0.9813
0.8128
0.1366
0.0137
0.0010
0.0083
0.2271
0.4603
0.6885
0.8740
1.0000
1.0000
0.0000
0.0000
0.0000
0.0000
0.0000
0.0000
0.0000
0.0000
0.0000
0.0000
0.0000
0.0000
0.0000
0.0000
0.0000
0.0000
0.0000
0.0000
0.0000
0.0000
0.0000
0.0000
0.0000
0.0205
0.2047
0.5719
0.5996
0.8991
0.9698
0.8800
0.1938
0.0126
0.0004
0.0086
0.2605
0.5238
0.7216
0.8777
0.9984
0.9947
0.0000
0.0000
0.0000
0.0000
0.0000
0.0000
0.0000
0.0000
0.0000
0.0000
0.0000
0.0000
0.0000
0.0000
0.0000
0.0000
0.0000
0.0000
0.0000
0.0000
0.0000
0.0000
0.0000
0.0491
0.1962
0.5400
0.5805
0.8103
0.8623
0.6744
0.0877
0.0215
0.1627
0.4000
0.5987
0.7633
0.9034
0.9511
0.9954
0.9913
0.0000
0.0000
0.0000
0.0000
0.0000
0.0000
0.0000
0.0000
0.0000
0.0000
0.0000
0.0000
0.0000
0.0000
0.0000
0.0000
0.0000
0.0000
0.0000
0.0000
0.0000
0.0000
0.0000
0.0218
0.2410
0.5535
0.5768
0.6937
0.7628
0.5164
0.2765
0.4167
0.4639
0.6493
0.8796
0.9898
1.0000
0.9420
0.7628
0.8317
0.0000
0.0000
0.0000
0.0000
0.0000
0.0000
0.0000
0.0000
0.0000
0.0000
0.0000
0.0000
0.0000
0.0000
0.0000
0.0000
0.0000
0.0000
0.0000
0.0000
0.0000
0.0000
0.0000
0.2510
0.5390
0.5412
0.5971
0.7050
0.8313
0.8178
0.5778
0.5355
0.7408
0.9453
1.0000
1.0000
0.9598
0.7606
0.2940
0.0907
0.0000
0.0000
0.0000
0.0000
0.0000
0.0000
0.0000
0.0000
0.0000
0.0000
0.0000
0.0000
0.0000
0.0000
0.0000
0.0000
0.0000
0.0000
0.0000
0.0000
0.0000
0.0903
0.5474
0.5998
0.7797
0.8381
0.9110
0.9007
0.9000
0.8226
0.7520
0.8457
1.0000
1.0000
1.0000
0.8898
0.6650
0.2377
0.0155
0.0059
0.0000
0.0000
0.0000
0.0000
0.0000
0.0000
0.0000
0.0000
0.0000
0.0000
0.0000
0.0000
0.0000
0.0000
0.0000
0.0000
0.0000
0.0000
0.0000
0.1250
0.5738
0.7095
0.9018
0.9997
0.9945
0.9748
0.9364
0.9277
0.9383
0.9636
1.0000
1.0000
1.0000
0.9900
0.9117
0.4073
0.0127
0.0051
0.0000
0.0000
0.0000
0.0000
0.0000
0.0000
0.0000
0.0000
0.0000
0.0000
0.0000
0.0000
0.0000
0.0000
0.0000
0.0000
0.0000
0.0000
0.0397
0.3400
0.5415
0.5853
0.8524
1.0000
1.0000
1.0000
1.0000
0.9809
0.9695
0.9715
0.9931
1.0000
1.0000
1.0000
0.9997
0.8051
0.0097
0.0022
0.0000
0.0000
0.0000
0.0000
0.0000
0.0000
0.0000
0.0000
0.0000
0.0000
0.0000
0.0000
0.0000
0.0000
0.0000
0.0000
0.0000
0.0000
0.0721
0.2084
0.4172
0.5749
0.5806
0.9798
1.0000
1.0000
1.0000
1.0000
0.9920
0.9856
0.9979
1.0000
1.0000
1.0000
1.0000
0.8952
0.2039
0.0027
0.0000
0.0000
0.0000
0.0000
0.0000
0.0000
0.0000
0.0000
0.0000
0.0000
0.0000
0.0000
0.0000
0.0000
0.0000
0.0000
0.0000
0.0000
0.0043
0.2369
0.3580
0.5167
0.5538
0.6274
0.9851
1.0000
1.0000
1.0000
1.0000
1.0000
1.0000
1.0000
1.0000
1.0000
1.0000
1.0000
0.1852
0.0713
0.0014
0.0000
0.0000
0.0000
0.0000
0.0000
0.0000
0.0000
0.0000
0.0000
0.0000
0.0000
0.0000
0.0000
0.0000
0.0000
0.0000
0.0000
0.0000
0.1006
0.5378
0.5716
0.5782
0.6112
0.8778
0.9904
1.0000
1.0000
1.0000
1.0000
1.0000
1.0000
1.0000
1.0000
1.0000
1.0000
0.6285
0.0077
0.0040
0.0000
0.0000
0.0000
0.0000
0.0000
0.0000
0.0000
0.0000
0.0000
0.0000
0.0000
0.0000
0.0000
0.0000
0.0000
0.0000
0.0000
0.0000
0.1920
0.6007
0.6454
0.7403
0.8866
0.9755
0.9939
0.9927
1.0000
1.0000
1.0000
1.0000
1.0000
1.0000
1.0000
1.0000
1.0000
0.7025
0.5324
0.0000
0.0000
0.0000
0.0000
0.0000
0.0000
0.0000
0.0000
0.0000
0.0000
0.0000
0.0000
0.0088
0.0102
0.0066
0.0047
0.0102
0.0021
0.0000
0.1753
0.6124
0.6858
0.8575
0.9944
1.0000
1.0000
1.0000
1.0000
1.0000
1.0000
1.0000
1.0000
1.0000
1.0000
1.0000
0.9999
0.8328
0.5758
0.5044
0.0000
0.0000
0.0000
0.0000
0.0000
0.0000
0.0000
0.0000
0.0000
0.0000
0.0000
0.0000
0.0000
0.4630
0.5526
0.4759
0.3929
0.2498
0.2528
0.5244
0.5620
0.7373
0.9913
1.0000
1.0000
1.0000
1.0000
1.0000
1.0000
1.0000
1.0000
0.9967
0.9915
0.9930
0.9410
0.7403
0.6095
0.5473
0.0821
0.0000
0.0000
0.0000
0.0000
0.0000
0.0000
0.0000
0.0000
0.0000
0.0000
0.0000
0.0000
0.0000
0.0000
0.9279
0.8529
0.6122
0.6212
0.6026
0.5860
0.5697
0.7971
1.0000
1.0000
1.0000
1.0000
1.0000
1.0000
1.0000
1.0000
1.0000
0.9847
0.7907
0.6149
0.5945
0.5717
0.5550
0.3424
0.0000
0.0000
0.0000
0.0000
0.0000
0.0000
0.0000
0.0000
0.0000
0.0000
0.0000
0.0000
0.0000
0.0000
0.0000
0.0000
0.9831
0.9791
0.9987
0.7564
0.6045
0.6555
0.9916
1.0000
1.0000
1.0000
1.0000
1.0000
1.0000
1.0000
1.0000
1.0000
0.9790
0.6304
0.5997
0.5541
0.5254
0.3756
0.0959
0.0000
0.0000
0.0000
0.0000
0.0000
0.0000
0.0000
0.0000
0.0000
0.0000
0.0000
0.0000
0.0000
0.0000
0.0000
0.0000
0.0000
0.9900
0.9835
1.0000
1.0000
1.0000
1.0000
1.0000
1.0000
1.0000
1.0000
1.0000
1.0000
1.0000
1.0000
1.0000
0.9145
0.6043
0.5613
0.3549
0.2046
0.0469
0.0151
0.0000
0.0000
0.0000
0.0000
0.0000
0.0000
0.0000
0.0000
0.0000
0.0000
0.0000
0.0000
0.0000
0.0000
0.0000
0.0000
0.0000
0.0000
0.9890
0.9985
1.0000
1.0000
1.0000
1.0000
1.0000
1.0000
1.0000
1.0000
1.0000
1.0000
1.0000
1.0000
0.7834
0.5597
0.5504
0.2177
0.0830
0.0422
0.0000
0.0000
0.0000
0.0000
0.0000
0.0000
0.0000
0.0000
0.0000
0.0000
0.0000
0.0000
0.0000
0.0000
0.0000
0.0000
0.0000
0.0000
0.0000
0.0000
1.0000
1.0000
1.0000
1.0000
1.0000
1.0000
1.0000
1.0000
1.0000
1.0000
1.0000
1.0000
0.8720
0.6503
0.5549
0.4479
0.1113
0.0078
0.0000
0.0000
0.0000
0.0000
0.0000
0.0000
0.0000
0.0000
0.0000
0.0000
0.0000
0.0000
0.0000
0.0000
0.0000
0.0000
0.0000
0.0000
0.0000
0.0000
0.0000
0.0000
1.0000
1.0000
1.0000
1.0000
1.0000
1.0000
1.0000
1.0000
1.0000
0.7725
0.6526
0.5933
0.5725
0.1230
0.0000
0.0000
0.0000
0.0000
0.0000
0.0000
0.0000
0.0000
0.0000
0.0000
0.0000
0.0000
0.0000
0.0000
0.0000
0.0000
0.0000
0.0000
0.0000
0.0000
0.0000
0.0000
0.0000
0.0000
0.0000
0.0000
1.0000
1.0000
1.0000
1.0000
1.0000
1.0000
1.0000
0.9895
0.6801
0.6000
0.6192
0.6312
0.2068
0.0000
0.0000
0.0000
0.0000
0.0000
0.0000
0.0000
0.0000
0.0000
0.0000
0.0000
0.0000
0.0000
0.0000
0.0000
0.0000
0.0000
0.0000
0.0000
0.0000
0.0000
0.0000
0.0000
0.0000
0.0000
0.0000
0.0000
# OPTIMIZATION PARAMETERS 
# nelx: 40
# nely: 40
# max buckling: 6.467
# penalization: 3.0
# initial densities: [1. 1. 1. ... 0. 0. 0.]
# FEA MODEL DATA 
# material: {'Ex': 2000.0, 'Ey': 10000.0, 'NUxy': 0.3}
# loads: {'Val': -10, 'direction': 'x', 'dof': array([1639, 1721, 1803], dtype=int64)}
# bc: Left Clamped
# 
