# densities
1.0000
1.0000
1.0000
1.0000
1.0000
0.9884
0.9718
0.9618
0.2236
0.0000
0.0000
0.0000
0.0000
0.0000
0.0000
0.0000
0.0000
0.0000
0.0000
0.0000
0.0000
0.0000
0.0000
0.0000
0.0000
0.0000
0.0000
0.0000
0.0000
0.0000
0.0000
0.0000
0.0000
0.0000
0.0000
0.0000
0.0000
0.0000
0.0000
0.0000
1.0000
1.0000
1.0000
1.0000
1.0000
0.9790
0.9527
0.9372
0.9313
0.1369
0.0000
0.0000
0.0000
0.0000
0.0000
0.0000
0.0000
0.0000
0.0000
0.0000
0.0000
0.0000
0.0000
0.0000
0.0000
0.0000
0.0000
0.0000
0.0000
0.0000
0.0000
0.0000
0.0000
0.0000
0.0000
0.0000
0.0000
0.0000
0.0000
0.0000
0.9940
0.9859
0.9941
0.9912
0.9858
0.9786
0.9705
0.9658
0.9623
0.9605
0.9551
0.9234
0.0000
0.0000
0.0000
0.0000
0.0000
0.0000
0.0000
0.0000
0.0000
0.0000
0.0000
0.0000
0.0000
0.0000
0.0000
0.0000
0.0000
0.0000
0.0000
0.0000
0.0000
0.0000
0.0000
0.0000
0.0000
0.0000
0.0000
0.0000
0.9597
0.9331
0.9598
0.9683
0.9715
0.9722
0.9679
0.9671
0.9645
0.9635
0.9606
0.9543
0.9516
0.5266
0.0000
0.0000
0.0000
0.0000
0.0000
0.0000
0.0000
0.0000
0.0000
0.0000
0.0000
0.0000
0.0000
0.0000
0.0000
0.0000
0.0000
0.0000
0.0000
0.0000
0.0000
0.0000
0.0000
0.0000
0.0000
0.0000
0.9535
0.9226
0.9515
0.9589
0.9606
0.9618
0.9573
0.9614
0.9593
0.9615
0.9602
0.9587
0.9576
0.9540
0.9502
0.4780
0.0000
0.0000
0.0000
0.0000
0.0000
0.0000
0.0000
0.0000
0.0000
0.0000
0.0000
0.0000
0.0000
0.0000
0.0000
0.0000
0.0000
0.0000
0.0000
0.0000
0.0000
0.0000
0.0000
0.0000
0.9611
0.9352
0.9651
0.3328
0.0009
0.0196
0.8824
0.9537
0.9515
0.9591
0.9585
0.9620
0.9613
0.9609
0.9579
0.9541
0.9481
0.4230
0.0000
0.0000
0.0000
0.0000
0.0000
0.0000
0.0000
0.0000
0.0000
0.0000
0.0000
0.0000
0.0000
0.0000
0.0000
0.0000
0.0000
0.0000
0.0000
0.0000
0.0000
0.0000
0.9694
0.9387
0.0000
0.0000
0.0000
0.0000
0.0000
0.0047
0.9158
0.9537
0.9521
0.9606
0.9597
0.9634
0.9616
0.9609
0.9566
0.9530
0.9467
0.4116
0.0000
0.0000
0.0000
0.0000
0.0000
0.0000
0.0000
0.0000
0.0000
0.0000
0.0000
0.0000
0.0000
0.0000
0.0000
0.0000
0.0000
0.0000
0.0000
0.0000
0.0000
0.0000
0.0000
0.0000
0.0000
0.0000
0.0000
0.0000
0.0000
0.0043
0.9414
0.9554
0.9538
0.9626
0.9611
0.9643
0.9615
0.9602
0.9553
0.9516
0.9461
0.4654
0.0000
0.0000
0.0000
0.0000
0.0000
0.0000
0.0000
0.0000
0.0000
0.0000
0.0000
0.0000
0.0000
0.0000
0.0000
0.0000
0.0000
0.0000
0.0000
0.0000
0.0000
0.0000
0.0000
0.0000
0.0000
0.0000
0.0000
0.0000
0.0000
0.0044
0.9433
0.9581
0.9561
0.9647
0.9623
0.9645
0.9608
0.9587
0.9541
0.9503
0.9471
0.5826
0.0000
0.0000
0.0000
0.0000
0.0000
0.0000
0.0000
0.0000
0.0000
0.0000
0.0000
0.0000
0.0000
0.0000
0.0000
0.0000
0.0000
0.0000
0.0000
0.0000
0.0000
0.0000
0.0000
0.0000
0.0000
0.0000
0.0000
0.0000
0.0000
0.0050
0.9462
0.9614
0.9585
0.9662
0.9627
0.9635
0.9593
0.9565
0.9535
0.9499
0.9508
0.7110
0.0000
0.0000
0.0000
0.0000
0.0000
0.0000
0.0000
0.0000
0.0000
0.0000
0.0000
0.0000
0.0000
0.0000
0.0000
0.0000
0.0000
0.0000
0.0000
0.0000
0.0000
0.0000
0.0000
0.0000
0.0000
0.0000
0.0000
0.0000
0.0000
0.0091
0.9498
0.9646
0.9610
0.9668
0.9621
0.9610
0.9570
0.9541
0.9541
0.9515
0.9577
0.8308
0.0000
0.0000
0.0000
0.0000
0.0000
0.0000
0.0000
0.0000
0.0000
0.0000
0.0000
0.0000
0.0000
0.0000
0.0000
0.0000
0.0000
0.0000
0.0000
0.0000
0.0000
0.0000
0.0000
0.0000
0.0000
0.0000
0.0000
0.0000
0.0000
0.0650
0.9545
0.9662
0.9619
0.9636
0.9593
0.9568
0.9546
0.9529
0.9569
0.9558
0.9674
0.9017
0.0000
0.0000
0.0000
0.0000
0.0000
0.0000
0.0000
0.0000
0.0000
0.0000
0.0000
0.0000
0.0000
0.0000
0.0000
0.0000
0.0000
0.0000
0.0000
0.0000
0.0000
0.0000
0.0000
0.0000
0.0000
0.0000
0.0000
0.0000
0.0000
0.1446
0.9594
0.9648
0.9618
0.9592
0.9551
0.9526
0.9530
0.9537
0.9617
0.9611
0.9720
0.9425
0.1846
0.0000
0.0000
0.0000
0.0000
0.0000
0.0000
0.0000
0.0000
0.0000
0.0000
0.0000
0.0000
0.0000
0.0000
0.0000
0.0000
0.0000
0.0000
0.0000
0.0000
0.0000
0.0000
0.0000
0.0000
0.0000
0.0000
0.0000
0.0000
0.5039
0.9639
0.9640
0.9585
0.9535
0.9498
0.9495
0.9530
0.9554
0.9636
0.9624
0.9723
0.9616
0.0030
0.0000
0.0000
0.0000
0.0000
0.0000
0.0000
0.0000
0.0000
0.0000
0.0000
0.0000
0.0000
0.0000
0.0000
0.0000
0.0000
0.0000
0.0000
0.0000
0.0000
0.0000
0.0000
0.0000
0.0000
0.0000
0.0000
0.0000
0.0138
0.6130
0.9642
0.9572
0.9496
0.9465
0.9459
0.9478
0.9527
0.9554
0.9636
0.9610
0.9705
0.9562
0.0011
0.0000
0.0000
0.0000
0.0000
0.0000
0.0000
0.0000
0.0000
0.0000
0.0000
0.0000
0.0000
0.0000
0.0000
0.0000
0.0000
0.0000
0.0000
0.0000
0.0000
0.0000
0.0000
0.0000
0.0000
0.0000
0.0000
0.0008
0.3371
0.5354
0.8742
0.9492
0.9439
0.9423
0.9438
0.9465
0.9523
0.9544
0.9618
0.9573
0.9614
0.7916
0.0000
0.0000
0.0000
0.0000
0.0000
0.0000
0.0000
0.0000
0.0000
0.0000
0.0000
0.0000
0.0000
0.0000
0.0000
0.0000
0.0000
0.0000
0.0000
0.0000
0.0000
0.0000
0.0000
0.0000
0.0000
0.0000
0.2240
0.4168
0.4104
0.4663
0.7409
0.9435
0.9393
0.9389
0.9419
0.9448
0.9499
0.9516
0.9567
0.9542
0.9243
0.3909
0.0000
0.0000
0.0000
0.0000
0.0000
0.0000
0.0000
0.0000
0.0000
0.0000
0.0000
0.0000
0.0000
0.0000
0.0000
0.0000
0.0000
0.0000
0.0000
0.0000
0.0000
0.0000
0.0000
0.0000
0.0202
0.3766
0.4605
0.3479
0.3057
0.4179
0.6585
0.9358
0.9355
0.9373
0.9406
0.9440
0.9497
0.9549
0.9590
0.9813
0.0000
0.0000
0.0000
0.0000
0.0000
0.0000
0.0000
0.0000
0.0000
0.0000
0.0000
0.0000
0.0000
0.0000
0.0000
0.0000
0.0000
0.0000
0.0000
0.0000
0.0000
0.0000
0.0000
0.0000
0.1014
0.1574
0.4256
0.4665
0.3990
0.3842
0.3740
0.4020
0.6863
0.9331
0.9337
0.9361
0.9416
0.9511
0.9815
0.9850
0.0000
0.0000
0.0000
0.0000
0.0000
0.0000
0.0000
0.0000
0.0000
0.0000
0.0000
0.0000
0.0000
0.0000
0.0000
0.0000
0.0000
0.0000
0.0000
0.0000
0.0000
0.0000
0.0000
0.0000
0.1934
0.2398
0.3578
0.4927
0.5092
0.5562
0.5667
0.4416
0.3308
0.3339
0.6879
0.9319
0.9361
0.9458
1.0000
1.0000
0.0000
0.0000
0.0000
0.0000
0.0000
0.0000
0.0000
0.0000
0.0000
0.0000
0.0000
0.0000
0.0000
0.0000
0.0000
0.0000
0.0000
0.0000
0.0000
0.0000
0.0000
0.0000
0.0000
0.0000
0.2035
0.2468
0.3769
0.5176
0.5278
0.5653
0.5698
0.4425
0.3312
0.3343
0.6883
0.9322
0.9364
0.9461
1.0000
1.0000
0.0000
0.0000
0.0000
0.0000
0.0000
0.0000
0.0000
0.0000
0.0000
0.0000
0.0000
0.0000
0.0000
0.0000
0.0000
0.0000
0.0000
0.0000
0.0000
0.0000
0.0000
0.0000
0.0000
0.0000
0.1541
0.2336
0.5240
0.5370
0.4386
0.4020
0.3802
0.4040
0.6872
0.9340
0.9347
0.9373
0.9425
0.9517
0.9820
0.9851
0.0000
0.0000
0.0000
0.0000
0.0000
0.0000
0.0000
0.0000
0.0000
0.0000
0.0000
0.0000
0.0000
0.0000
0.0000
0.0000
0.0000
0.0000
0.0000
0.0000
0.0000
0.0000
0.0000
0.0098
0.0515
0.4308
0.5300
0.4089
0.3458
0.4375
0.6652
0.9376
0.9363
0.9385
0.9425
0.9461
0.9515
0.9560
0.9596
0.9815
0.0000
0.0000
0.0000
0.0000
0.0000
0.0000
0.0000
0.0000
0.0000
0.0000
0.0000
0.0000
0.0000
0.0000
0.0000
0.0000
0.0000
0.0000
0.0000
0.0000
0.0000
0.0000
0.0000
0.0043
0.2366
0.4488
0.4525
0.5042
0.7663
0.9563
0.9439
0.9402
0.9431
0.9472
0.9536
0.9553
0.9600
0.9560
0.9250
0.3909
0.0000
0.0000
0.0000
0.0000
0.0000
0.0000
0.0000
0.0000
0.0000
0.0000
0.0000
0.0000
0.0000
0.0000
0.0000
0.0000
0.0000
0.0000
0.0000
0.0000
0.0000
0.0000
0.0029
0.0092
0.3410
0.5532
0.8980
0.9709
0.9590
0.9504
0.9473
0.9490
0.9566
0.9604
0.9701
0.9640
0.9672
0.7939
0.0000
0.0000
0.0000
0.0000
0.0000
0.0000
0.0000
0.0000
0.0000
0.0000
0.0000
0.0000
0.0000
0.0000
0.0000
0.0000
0.0000
0.0000
0.0000
0.0000
0.0043
0.0198
0.0053
0.0000
0.0181
0.6071
0.9693
0.9745
0.9717
0.9655
0.9589
0.9557
0.9592
0.9628
0.9754
0.9733
0.9858
0.9660
0.0011
0.0000
0.0000
0.0000
0.0000
0.0000
0.0000
0.0000
0.0000
0.0000
0.0000
0.0000
0.0000
0.0000
0.0000
0.0000
0.0000
0.0000
0.0000
0.0000
0.0155
0.0976
0.0874
0.1039
0.0519
0.5628
0.9897
0.9804
0.9806
0.9810
0.9759
0.9693
0.9671
0.9662
0.9771
0.9774
0.9944
0.9804
0.0160
0.0000
0.0000
0.0000
0.0000
0.0000
0.0000
0.0000
0.0000
0.0000
0.0000
0.0000
0.0000
0.0000
0.0000
0.0000
0.0000
0.0000
0.0000
0.0000
0.0099
0.1135
0.1178
0.2130
0.1542
0.3496
1.0000
1.0000
0.9990
0.9921
0.9905
0.9868
0.9805
0.9725
0.9764
0.9742
0.9926
0.9630
0.2133
0.0000
0.0000
0.0000
0.0000
0.0000
0.0000
0.0000
0.0000
0.0000
0.0000
0.0000
0.0000
0.0000
0.0000
0.0000
0.0000
0.0000
0.0000
0.0000
0.0039
0.0713
0.0943
0.2239
0.1894
0.3789
1.0000
1.0000
1.0000
1.0000
1.0000
1.0000
0.9979
0.9887
0.9811
0.9689
0.9780
0.9131
0.0000
0.0000
0.0000
0.0000
0.0000
0.0000
0.0000
0.0000
0.0000
0.0000
0.0000
0.0000
0.0000
0.0000
0.0000
0.0000
0.0000
0.0000
0.0000
0.0000
0.0000
0.0000
0.0233
0.1448
0.1481
0.3257
1.0000
1.0000
1.0000
1.0000
1.0000
1.0000
1.0000
1.0000
1.0000
0.9888
0.9762
0.8352
0.0000
0.0000
0.0000
0.0000
0.0000
0.0000
0.0000
0.0000
0.0000
0.0000
0.0000
0.0000
0.0000
0.0000
0.0000
0.0000
0.0000
0.0000
0.0000
0.0000
0.0000
0.0000
0.0000
0.0249
0.0543
0.2119
1.0000
1.0000
1.0000
1.0000
1.0000
1.0000
1.0000
1.0000
1.0000
1.0000
0.9999
0.7534
0.0000
0.0000
0.0000
0.0000
0.0000
0.0000
0.0000
0.0000
0.0000
0.0000
0.0000
0.0000
0.0000
0.0000
0.0084
0.0082
0.0167
0.0070
0.0184
0.0100
0.0113
0.0121
0.0000
0.0040
0.0000
0.0695
1.0000
1.0000
1.0000
1.0000
1.0000
1.0000
0.9996
0.9990
1.0000
1.0000
1.0000
0.7328
0.0487
0.0000
0.0000
0.0000
0.0000
0.0000
0.0000
0.0000
0.0000
0.0000
0.0000
0.0000
0.0000
0.0000
0.0000
0.0000
0.0090
0.0154
0.0724
0.2288
0.2426
0.2667
0.0866
0.0533
0.0149
0.0210
0.9794
1.0000
1.0000
1.0000
1.0000
1.0000
1.0000
0.9995
0.9995
0.9983
1.0000
0.7518
0.1831
0.0888
0.0166
0.0000
0.0000
0.0000
0.0000
0.0000
0.0000
0.0000
0.0000
0.0000
0.0000
0.0000
0.0000
0.0000
0.0000
0.0000
1.0000
1.0000
0.1212
0.2755
0.2438
0.3308
0.1449
0.1339
0.9863
1.0000
0.9977
1.0000
1.0000
1.0000
1.0000
1.0000
1.0000
1.0000
1.0000
0.7750
0.2813
0.2043
0.1149
0.0489
0.0000
0.0000
0.0000
0.0000
0.0000
0.0000
0.0000
0.0000
0.0000
0.0000
0.0000
0.0000
0.0000
0.0000
0.0000
0.0000
0.9972
0.9939
1.0000
0.7138
0.3799
0.4761
1.0000
1.0000
1.0000
1.0000
1.0000
1.0000
1.0000
1.0000
1.0000
1.0000
1.0000
0.7497
0.2858
0.2542
0.1826
0.1339
0.0398
0.0000
0.0000
0.0000
0.0000
0.0000
0.0000
0.0000
0.0000
0.0000
0.0000
0.0000
0.0000
0.0000
0.0000
0.0000
0.0000
0.0000
0.9806
0.9795
0.9943
0.9944
0.9987
1.0000
1.0000
1.0000
1.0000
1.0000
1.0000
1.0000
1.0000
1.0000
1.0000
0.6820
0.1951
0.2035
0.1820
0.1600
0.0659
0.0000
0.0000
0.0000
0.0000
0.0000
0.0000
0.0000
0.0000
0.0000
0.0000
0.0000
0.0000
0.0000
0.0000
0.0000
0.0000
0.0000
0.0000
0.0000
0.9775
0.9669
1.0000
1.0000
1.0000
1.0000
1.0000
1.0000
1.0000
1.0000
1.0000
0.9925
0.9999
0.6000
0.0632
0.0870
0.1123
0.1090
0.0498
0.0000
0.0000
0.0000
0.0000
0.0000
0.0000
0.0000
0.0000
0.0000
0.0000
0.0000
0.0000
0.0000
0.0000
0.0000
0.0000
0.0000
0.0000
0.0000
0.0000
0.0000
1.0000
1.0000
1.0000
1.0000
1.0000
1.0000
1.0000
1.0000
1.0000
1.0000
0.9911
0.9493
0.0000
0.0000
0.0034
0.0130
0.0070
0.0000
0.0000
0.0000
0.0000
0.0000
0.0000
0.0000
0.0000
0.0000
0.0000
0.0000
0.0000
0.0000
0.0000
0.0000
0.0000
0.0000
0.0000
0.0000
0.0000
0.0000
0.0000
0.0000
1.0000
1.0000
1.0000
1.0000
1.0000
1.0000
1.0000
0.9949
0.9919
0.2002
0.0000
0.0000
0.0000
0.0000
0.0000
0.0000
0.0000
0.0000
0.0000
0.0000
0.0000
0.0000
0.0000
0.0000
0.0000
0.0000
0.0000
0.0000
0.0000
0.0000
0.0000
0.0000
0.0000
0.0000
0.0000
0.0000
0.0000
0.0000
0.0000
0.0000
1.0000
1.0000
1.0000
1.0000
1.0000
1.0000
1.0000
0.9963
0.2688
0.0006
0.0000
0.0000
0.0000
0.0000
0.0000
0.0000
0.0000
0.0000
0.0000
0.0000
0.0000
0.0000
0.0000
0.0000
0.0000
0.0000
0.0000
0.0000
0.0000
0.0000
0.0000
0.0000
0.0000
0.0000
0.0000
0.0000
0.0000
0.0000
0.0000
0.0000
# OPTIMIZATION PARAMETERS 
# nelx: 40
# nely: 40
# max buckling: 6.467
# penalization: 1.484
# initial densities: [1. 1. 1. ... 0. 0. 0.]
# FEA MODEL DATA 
# material: {'Ex': 10000.0, 'Ey': 10000.0, 'NUxy': 0.3}
# loads: {'Val': -10, 'direction': 'x', 'dof': array([1639, 1721, 1803], dtype=int64)}
# bc: Left Clamped
# 
