# densities
1.0000
1.0000
1.0000
1.0000
0.9736
0.7411
0.2518
0.0284
0.0098
0.0000
0.0000
0.0000
0.0000
0.0000
0.0000
0.0000
0.0000
0.0000
0.0000
0.0000
0.0000
0.0000
0.0000
0.0000
0.0000
0.0000
0.0000
0.0000
0.0000
0.0000
0.0000
0.0000
0.0000
0.0000
0.0000
0.0000
0.0000
0.0000
0.0000
0.0000
1.0000
1.0000
1.0000
1.0000
0.9604
0.8070
0.0628
0.1151
0.1578
0.0000
0.0000
0.0000
0.0000
0.0000
0.0000
0.0000
0.0000
0.0000
0.0000
0.0000
0.0000
0.0000
0.0000
0.0000
0.0000
0.0000
0.0000
0.0000
0.0000
0.0000
0.0000
0.0000
0.0000
0.0000
0.0000
0.0000
0.0000
0.0000
0.0000
0.0000
1.0000
0.9837
1.0000
1.0000
1.0000
0.9861
0.9341
0.9847
0.9212
0.6272
0.0806
0.0724
0.0000
0.0000
0.0000
0.0000
0.0000
0.0000
0.0000
0.0000
0.0000
0.0000
0.0000
0.0000
0.0000
0.0000
0.0000
0.0000
0.0000
0.0000
0.0000
0.0000
0.0000
0.0000
0.0000
0.0000
0.0000
0.0000
0.0000
0.0000
0.4411
0.3022
0.9294
0.9683
0.9694
0.9852
0.9599
0.9748
0.9712
0.9919
0.7678
0.3124
0.0017
0.0821
0.0000
0.0000
0.0000
0.0000
0.0000
0.0000
0.0000
0.0000
0.0000
0.0000
0.0000
0.0000
0.0000
0.0000
0.0000
0.0000
0.0000
0.0000
0.0000
0.0000
0.0000
0.0000
0.0000
0.0000
0.0000
0.0000
0.0984
0.0931
0.1890
0.6675
0.8100
0.9790
0.9203
0.9511
0.9438
0.9425
0.9402
0.9015
0.6966
0.5189
0.2937
0.0902
0.0000
0.0000
0.0000
0.0000
0.0000
0.0000
0.0000
0.0000
0.0000
0.0000
0.0000
0.0000
0.0000
0.0000
0.0000
0.0000
0.0000
0.0000
0.0000
0.0000
0.0000
0.0000
0.0000
0.0000
0.0545
0.1646
0.0548
0.0325
0.0012
0.5682
0.8607
0.9840
0.9462
0.9320
0.9278
0.9486
0.9568
0.9574
0.9041
0.7739
0.4017
0.0658
0.0000
0.0000
0.0000
0.0000
0.0000
0.0000
0.0000
0.0000
0.0000
0.0000
0.0000
0.0000
0.0000
0.0000
0.0000
0.0000
0.0000
0.0000
0.0000
0.0000
0.0000
0.0000
0.1752
0.1500
0.0000
0.0000
0.0000
0.0017
0.0670
0.4705
0.8359
0.9720
0.9648
0.9680
0.9490
0.9376
0.9463
0.9998
0.9148
0.9457
0.6425
0.1261
0.0000
0.0000
0.0000
0.0000
0.0000
0.0000
0.0000
0.0000
0.0000
0.0000
0.0000
0.0000
0.0000
0.0000
0.0000
0.0000
0.0000
0.0000
0.0000
0.0000
0.0000
0.0000
0.0000
0.0000
0.0000
0.0000
0.0003
0.0017
0.1443
0.5985
0.8834
1.0000
0.9545
0.9258
0.9282
0.9778
0.9694
0.9999
0.9309
0.9159
0.8569
0.5004
0.0799
0.0000
0.0000
0.0000
0.0000
0.0000
0.0000
0.0000
0.0000
0.0000
0.0000
0.0000
0.0000
0.0000
0.0000
0.0000
0.0000
0.0000
0.0000
0.0000
0.0000
0.0000
0.0000
0.0000
0.0000
0.0001
0.0285
0.0014
0.0422
0.3884
0.7744
0.9328
0.9472
0.9895
0.9563
0.9908
0.9361
0.9710
0.9999
0.9998
0.9778
0.8232
0.2351
0.0001
0.0000
0.0000
0.0000
0.0000
0.0000
0.0000
0.0000
0.0000
0.0000
0.0000
0.0000
0.0000
0.0000
0.0000
0.0000
0.0000
0.0000
0.0000
0.0000
0.0247
0.0369
0.0655
0.0085
0.0487
0.0520
0.0010
0.0009
0.0857
0.6459
0.9724
0.9401
1.0000
0.9452
0.9516
0.9709
1.0000
0.9819
0.9949
0.9392
0.8687
0.5208
0.0282
0.0003
0.0000
0.0000
0.0000
0.0000
0.0000
0.0000
0.0000
0.0000
0.0000
0.0000
0.0000
0.0000
0.0000
0.0000
0.0000
0.0000
0.0000
0.0001
0.0400
0.0384
0.0765
0.0003
0.0002
0.0008
0.0011
0.0012
0.1154
0.4871
0.8495
0.8371
0.9127
0.9185
0.9605
0.9302
0.9463
0.9146
0.9152
0.9789
0.8762
0.6184
0.0007
0.0004
0.0000
0.0000
0.0000
0.0000
0.0000
0.0000
0.0000
0.0000
0.0000
0.0000
0.0000
0.0000
0.0000
0.0000
0.0000
0.0000
0.1062
0.1093
0.2160
0.2651
0.2429
0.2251
0.0003
0.0000
0.0196
0.0002
0.0019
0.2971
0.5114
0.5313
0.6808
0.6979
0.8467
0.8834
0.8828
0.9214
0.9566
0.9738
0.9295
0.5195
0.0008
0.0000
0.0000
0.0000
0.0000
0.0000
0.0000
0.0000
0.0000
0.0000
0.0000
0.0000
0.0000
0.0000
0.0000
0.0000
0.0862
0.1201
0.2528
0.2041
0.0005
0.0010
0.0005
0.0148
0.0326
0.0000
0.0000
0.0000
0.0017
0.1017
0.2736
0.2039
0.2588
0.4449
0.6807
0.8575
0.8779
0.9341
0.9414
0.9465
0.8843
0.1804
0.0002
0.0001
0.0000
0.0000
0.0000
0.0000
0.0000
0.0000
0.0000
0.0000
0.0000
0.0000
0.0000
0.0000
0.0330
0.0504
0.0000
0.0258
0.0094
0.3112
0.1426
0.0776
0.0158
0.3816
0.3247
0.2413
0.0279
0.0120
0.0018
0.0020
0.0021
0.0018
0.0212
0.3576
0.6895
0.8501
0.8735
0.9183
0.9121
0.9131
0.7867
0.0010
0.0002
0.0000
0.0000
0.0000
0.0000
0.0000
0.0000
0.0000
0.0000
0.0000
0.0000
0.0000
0.0000
0.0394
0.0005
0.0002
0.0014
0.0001
0.0589
0.0002
0.1012
0.0124
0.0014
0.0012
0.0010
0.0239
0.0009
0.0211
0.0014
0.0014
0.0661
0.0339
0.1127
0.4313
0.6845
0.8514
0.8570
0.8942
0.8585
0.8755
0.4910
0.0007
0.0001
0.0000
0.0000
0.0000
0.0000
0.0000
0.0000
0.0000
0.0000
0.0000
0.0000
0.0561
0.0003
0.0118
0.0512
0.2293
0.0420
0.1003
0.0003
0.5999
0.4416
0.7134
0.0002
0.0004
0.1018
0.1246
0.0723
0.0785
0.1182
0.1168
0.0291
0.0396
0.1706
0.4495
0.6553
0.8297
0.8389
0.8514
0.8087
0.8343
0.2571
0.0001
0.0000
0.0000
0.0000
0.0000
0.0000
0.0000
0.0000
0.0121
0.0002
0.0006
0.0002
0.0000
0.0002
0.0346
0.0000
0.0005
0.0007
0.0016
0.0012
0.0008
0.1338
0.2357
0.3340
0.4711
0.4196
0.3352
0.1306
0.1949
0.1662
0.1194
0.0696
0.0013
0.1276
0.4403
0.5961
0.7289
0.7703
0.8419
0.8410
0.0016
0.0089
0.0000
0.0000
0.0000
0.0000
0.0000
0.0000
0.0000
0.0000
0.0001
0.0008
0.0001
0.0571
0.0233
0.0568
0.2646
0.1964
0.1205
0.0666
0.0954
0.0919
0.2281
0.2233
0.3718
0.5384
0.4087
0.4682
0.2563
0.3098
0.2835
0.1408
0.1175
0.0581
0.0939
0.3258
0.4929
0.5841
0.7906
0.8391
0.7873
0.8798
0.0000
0.0000
0.0000
0.0065
0.0000
0.0000
0.0000
0.0000
0.0000
0.0000
0.0005
0.0001
0.0011
0.0985
0.1149
0.1625
0.2808
0.3984
0.3139
0.3083
0.3415
0.1554
0.2178
0.1233
0.4918
0.5462
0.6569
0.5137
0.3139
0.2622
0.2227
0.1419
0.0874
0.3494
0.3131
0.3177
0.5875
0.8157
0.8999
0.9435
0.0000
0.0000
0.0000
0.0000
0.0000
0.0000
0.0000
0.0000
0.0000
0.0331
0.2269
0.0896
0.0002
0.0578
0.2223
0.1774
0.3530
0.3821
0.3398
0.2996
0.3771
0.2739
0.2660
0.1850
0.5156
0.3861
0.4759
0.3821
0.2716
0.3523
0.3963
0.2982
0.1758
0.0632
0.1186
0.2303
0.3798
0.7310
0.9371
0.9616
0.0000
0.0000
0.0000
0.0000
0.0000
0.0003
0.0000
0.0000
0.0491
0.2754
0.3976
0.1164
0.0251
0.0001
0.2743
0.1142
0.3097
0.3756
0.5230
0.3244
0.3105
0.3141
0.2333
0.1395
0.6108
0.5051
0.5240
0.3914
0.3398
0.4259
0.4656
0.3594
0.2242
0.0929
0.1463
0.2470
0.3893
0.7328
0.9373
0.9614
0.0000
0.0000
0.0000
0.0000
0.0000
0.0000
0.0000
0.0000
0.0000
0.3823
0.1510
0.0009
0.0423
0.1874
0.1973
0.1557
0.4636
0.3782
0.5369
0.2779
0.2871
0.2631
0.3595
0.5412
0.7467
0.6451
0.7583
0.5533
0.4229
0.4140
0.3852
0.2996
0.1893
0.4511
0.3846
0.3626
0.6127
0.8183
0.8992
0.9426
0.0000
0.0000
0.0000
0.0000
0.0000
0.0000
0.0000
0.0562
0.0053
0.2497
0.0706
0.0007
0.1754
0.1452
0.2175
0.2652
0.0305
0.0170
0.3050
0.3479
0.3076
0.2562
0.5809
0.8492
0.6146
0.6948
0.4508
0.5463
0.4957
0.3979
0.3384
0.1725
0.2688
0.4537
0.5828
0.6421
0.7972
0.8460
0.7879
0.8802
0.0000
0.0000
0.0000
0.0000
0.0000
0.0002
0.0001
0.2296
0.0001
0.0670
0.0001
0.1669
0.0628
0.1498
0.4328
0.3142
0.2720
0.4487
0.4431
0.3656
0.4895
0.4147
0.6846
0.7773
0.6155
0.3947
0.5707
0.5482
0.4947
0.2951
0.1901
0.3098
0.6056
0.7210
0.7928
0.7989
0.8588
0.8510
0.0016
0.0112
0.0000
0.0000
0.0000
0.0000
0.0001
0.1303
0.0000
0.0227
0.0000
0.1550
0.0835
0.3486
0.3993
0.4514
0.2080
0.3618
0.1505
0.1923
0.2668
0.2915
0.4190
0.4847
0.6135
0.5300
0.5069
0.5295
0.5789
0.4453
0.2992
0.3795
0.6586
0.7908
0.9313
0.9218
0.9245
0.8420
0.8789
0.2563
0.0000
0.0000
0.0000
0.0000
0.0000
0.0000
0.1000
0.2437
0.0657
0.3080
0.0000
0.2167
0.3060
0.4259
0.1984
0.3844
0.5570
0.4908
0.2533
0.5428
0.5658
0.4700
0.5101
0.4649
0.3375
0.5128
0.4190
0.4393
0.3432
0.4050
0.6393
0.8097
1.0000
0.9909
1.0000
0.9837
0.9806
0.5682
0.0004
0.0000
0.0000
0.0000
0.0284
0.0017
0.0549
0.0431
0.0998
0.0000
0.0336
0.0000
0.0002
0.0003
0.0653
0.5441
0.3975
0.3007
0.1662
0.3380
0.4658
0.5123
0.5671
0.6450
0.5291
0.5258
0.4155
0.3593
0.3827
0.4576
0.6201
0.8034
0.9997
1.0000
0.9999
0.9999
1.0000
0.9353
0.0150
0.0000
0.0000
0.0000
0.0000
0.0000
0.0000
0.0000
0.0611
0.0783
0.0502
0.0001
0.0004
0.0002
0.4024
0.1471
0.3415
0.2896
0.3248
0.0566
0.2168
0.2443
0.4280
0.6124
0.6634
0.6081
0.4490
0.3230
0.3317
0.4098
0.5850
0.7857
0.9314
0.9998
0.9999
0.9999
0.9999
0.9999
0.4703
0.0572
0.0000
0.0000
0.0000
0.0000
0.0000
0.0000
0.0458
0.0368
0.2003
0.2099
0.0681
0.0396
0.0000
0.0000
0.4273
0.3017
0.4176
0.3303
0.3369
0.3505
0.5258
0.6800
0.6508
0.6493
0.6091
0.4104
0.2606
0.2571
0.3971
0.6159
0.7027
0.9097
0.9999
0.9999
0.9998
0.9998
0.9991
0.2270
0.1392
0.0163
0.0000
0.0000
0.0000
0.0000
0.0000
0.0000
0.1512
0.0791
0.0000
0.0170
0.2404
0.2943
0.2380
0.3555
0.1284
0.1908
0.1058
0.3004
0.4960
0.6241
0.6663
0.6899
0.5677
0.4812
0.3295
0.2410
0.2467
0.3945
0.6461
0.7007
0.9705
0.9916
1.0000
0.9999
0.9668
0.3858
0.2053
0.1274
0.0627
0.0000
0.0000
0.0000
0.0000
0.0000
0.0000
0.0000
0.5960
0.6637
0.1823
0.0670
0.2308
0.2438
0.2364
0.3630
0.2268
0.1540
0.4236
0.6486
0.6795
0.7125
0.6569
0.5243
0.3769
0.2833
0.2216
0.2937
0.4773
0.7281
0.7682
0.9649
0.9882
1.0000
0.9993
0.3859
0.1167
0.1228
0.0630
0.0477
0.0000
0.0000
0.0000
0.0000
0.0000
0.0000
0.0000
0.0000
0.5417
0.6807
0.5825
0.2945
0.3947
0.4267
0.5657
0.6693
0.7607
0.8907
0.9027
0.9252
0.8064
0.7504
0.5317
0.4275
0.3274
0.3317
0.4245
0.6420
0.7835
0.9423
0.9741
1.0000
0.9642
0.5588
0.0902
0.0144
0.0000
0.0002
0.0000
0.0000
0.0000
0.0000
0.0000
0.0000
0.0000
0.0000
0.0000
0.0000
0.2891
0.4579
0.7903
0.7540
0.7293
0.9049
0.7890
0.8052
0.8459
0.9316
0.9018
0.8313
0.7270
0.6378
0.5131
0.4776
0.5160
0.6451
0.7990
0.9478
0.9860
0.9999
0.9589
0.9890
0.2099
0.0648
0.0000
0.0000
0.0000
0.0000
0.0000
0.0000
0.0000
0.0000
0.0000
0.0000
0.0000
0.0000
0.0000
0.0000
0.5358
0.3283
0.7737
0.9121
0.8972
0.8626
0.8318
0.8741
0.8601
0.8909
0.8316
0.7441
0.6884
0.6297
0.6423
0.7209
0.8575
0.9163
0.9999
0.9927
0.9596
0.9196
0.7258
0.1633
0.0000
0.0000
0.0000
0.0000
0.0000
0.0000
0.0000
0.0000
0.0000
0.0000
0.0000
0.0000
0.0000
0.0000
0.0000
0.0000
0.3206
0.5791
0.9199
0.9989
0.9734
0.9330
0.9060
0.8782
0.8692
0.8224
0.7591
0.7097
0.7266
0.7853
0.9083
0.9874
0.9994
0.9993
0.9845
0.9201
0.8994
0.5263
0.0370
0.0000
0.0000
0.0000
0.0000
0.0000
0.0000
0.0000
0.0000
0.0000
0.0000
0.0000
0.0000
0.0000
0.0000
0.0000
0.0000
0.0000
0.4167
0.6593
0.9993
1.0000
0.9536
0.9161
0.8804
0.8349
0.7587
0.7056
0.6888
0.7305
0.8767
0.9584
0.9996
0.9990
0.9981
0.9976
0.9849
0.7223
0.2107
0.0001
0.0000
0.0000
0.0000
0.0000
0.0000
0.0000
0.0000
0.0000
0.0000
0.0000
0.0000
0.0000
0.0000
0.0000
0.0000
0.0000
0.0000
0.0000
0.9990
0.9986
1.0000
1.0000
0.9289
0.8875
0.8596
0.8129
0.7903
0.8249
0.8885
0.9037
0.9719
0.9790
0.8830
0.8106
0.7515
0.6286
0.4332
0.1193
0.0000
0.0000
0.0000
0.0000
0.0000
0.0000
0.0000
0.0000
0.0000
0.0000
0.0000
0.0000
0.0000
0.0000
0.0000
0.0000
0.0000
0.0000
0.0000
0.0000
1.0000
1.0000
1.0000
1.0000
0.9330
0.8978
0.8803
0.8890
0.8675
0.8642
0.8358
0.7189
0.6826
0.5629
0.6035
0.5506
0.3917
0.0915
0.0000
0.0000
0.0000
0.0000
0.0000
0.0000
0.0000
0.0000
0.0000
0.0000
0.0000
0.0000
0.0000
0.0000
0.0000
0.0000
0.0000
0.0000
0.0000
0.0000
0.0000
0.0000
1.0000
1.0000
1.0000
1.0000
1.0000
0.9817
0.9574
0.8447
0.7396
0.6500
0.6178
0.1702
0.0400
0.0006
0.0007
0.0008
0.0004
0.0002
0.0000
0.0000
0.0000
0.0000
0.0000
0.0000
0.0000
0.0000
0.0000
0.0000
0.0000
0.0000
0.0000
0.0000
0.0000
0.0000
0.0000
0.0000
0.0000
0.0000
0.0000
0.0000
1.0000
1.0000
1.0000
1.0000
1.0000
0.9950
0.9770
0.8874
0.4873
0.5456
0.5600
0.3436
0.0003
0.0004
0.0004
0.0005
0.0004
0.0002
0.0000
0.0000
0.0000
0.0000
0.0000
0.0000
0.0000
0.0000
0.0000
0.0000
0.0000
0.0000
0.0000
0.0000
0.0000
0.0000
0.0000
0.0000
0.0000
0.0000
0.0000
0.0000
# OPTIMIZATION PARAMETERS 
# nelx: 40
# nely: 40
# max buckling: 6.467
# penalization: 1.484
# initial densities: [1. 1. 1. ... 0. 0. 0.]
# FEA MODEL DATA 
# material: {'Ex': 2000.0, 'Ey': 10000.0, 'NUxy': 0.3}
# loads: {'Val': -10, 'direction': 'x', 'dof': array([1639, 1721, 1803], dtype=int64)}
# bc: Left Clamped
# 
