# densities
0.6382
0.5163
0.4267
0.3567
0.2996
0.2516
0.2106
0.1751
0.1442
0.1174
0.0942
0.0742
0.0571
0.0427
0.0308
0.0212
0.0135
0.0076
0.0032
0.0000
0.0000
0.0000
0.0000
0.0000
0.0000
0.0000
0.0000
0.0000
0.0000
0.0000
0.3892
0.4047
0.3753
0.3344
0.2928
0.2539
0.2184
0.1862
0.1574
0.1316
0.1086
0.0884
0.0707
0.0555
0.0424
0.0314
0.0224
0.0151
0.0092
0.0048
0.0014
0.0000
0.0000
0.0000
0.0000
0.0000
0.0000
0.0000
0.0000
0.0000
0.3321
0.3245
0.3225
0.3073
0.2833
0.2557
0.2272
0.1995
0.1733
0.1488
0.1264
0.1060
0.0877
0.0714
0.0571
0.0446
0.0339
0.0250
0.0175
0.0115
0.0067
0.0030
0.0002
0.0000
0.0000
0.0000
0.0000
0.0000
0.0000
0.0000
0.3071
0.3009
0.2938
0.2864
0.2738
0.2562
0.2353
0.2128
0.1899
0.1675
0.1460
0.1258
0.1070
0.0898
0.0743
0.0603
0.0480
0.0373
0.0281
0.0203
0.0139
0.0087
0.0046
0.0014
0.0000
0.0000
0.0000
0.0000
0.0000
0.0000
0.3001
0.2930
0.2864
0.2788
0.2698
0.2580
0.2430
0.2254
0.2063
0.1864
0.1664
0.1469
0.1281
0.1103
0.0937
0.0785
0.0646
0.0522
0.0412
0.0317
0.0235
0.0167
0.0110
0.0065
0.0029
0.0002
0.0000
0.0000
0.0000
0.0000
0.3028
0.2953
0.2883
0.2812
0.2731
0.2636
0.2520
0.2382
0.2225
0.2053
0.1872
0.1687
0.1504
0.1324
0.1152
0.0989
0.0837
0.0698
0.0571
0.0458
0.0359
0.0273
0.0199
0.0138
0.0088
0.0048
0.0016
0.0000
0.0000
0.0000
0.3112
0.3037
0.2965
0.2894
0.2819
0.2734
0.2637
0.2523
0.2391
0.2243
0.2082
0.1912
0.1736
0.1560
0.1385
0.1216
0.1054
0.0901
0.0760
0.0630
0.0513
0.0409
0.0318
0.0240
0.0173
0.0117
0.0071
0.0033
0.0003
0.0000
0.3232
0.3157
0.3086
0.3016
0.2944
0.2867
0.2780
0.2681
0.2567
0.2439
0.2296
0.2142
0.1978
0.1808
0.1635
0.1463
0.1295
0.1132
0.0978
0.0834
0.0700
0.0579
0.0470
0.0373
0.0288
0.0215
0.0152
0.0099
0.0056
0.0022
0.3369
0.3296
0.3228
0.3161
0.3093
0.3022
0.2944
0.2856
0.2757
0.2644
0.2518
0.2378
0.2227
0.2067
0.1900
0.1730
0.1559
0.1390
0.1226
0.1070
0.0922
0.0784
0.0658
0.0543
0.0439
0.0347
0.0267
0.0197
0.0138
0.0092
0.3509
0.3442
0.3379
0.3317
0.3255
0.3190
0.3121
0.3044
0.2957
0.2858
0.2747
0.2623
0.2485
0.2337
0.2179
0.2013
0.1844
0.1673
0.1504
0.1338
0.1178
0.1026
0.0884
0.0751
0.0630
0.0520
0.0421
0.0334
0.0260
0.0201
0.3641
0.3582
0.3526
0.3472
0.3418
0.3363
0.3303
0.3237
0.3163
0.3079
0.2983
0.2874
0.2751
0.2616
0.2470
0.2313
0.2149
0.1980
0.1808
0.1637
0.1469
0.1306
0.1150
0.1002
0.0864
0.0737
0.0622
0.0519
0.0431
0.0359
0.3752
0.3704
0.3659
0.3615
0.3572
0.3528
0.3481
0.3428
0.3369
0.3300
0.3220
0.3128
0.3023
0.2904
0.2772
0.2627
0.2472
0.2309
0.2140
0.1967
0.1794
0.1624
0.1457
0.1297
0.1146
0.1004
0.0874
0.0758
0.0657
0.0577
0.3833
0.3798
0.3766
0.3736
0.3706
0.3677
0.3644
0.3608
0.3565
0.3515
0.3454
0.3381
0.3296
0.3196
0.3081
0.2953
0.2811
0.2658
0.2496
0.2327
0.2154
0.1980
0.1807
0.1639
0.1477
0.1324
0.1183
0.1056
0.0947
0.0861
0.3873
0.3853
0.3837
0.3823
0.3810
0.3797
0.3783
0.3765
0.3743
0.3713
0.3675
0.3625
0.3563
0.3486
0.3394
0.3286
0.3163
0.3025
0.2875
0.2715
0.2547
0.2375
0.2201
0.2029
0.1861
0.1702
0.1554
0.1421
0.1308
0.1221
0.3867
0.3864
0.3864
0.3867
0.3872
0.3879
0.3885
0.3889
0.3890
0.3885
0.3873
0.3850
0.3815
0.3767
0.3702
0.3621
0.3522
0.3406
0.3275
0.3130
0.2973
0.2809
0.2639
0.2469
0.2301
0.2140
0.1991
0.1857
0.1746
0.1664
0.3810
0.3824
0.3841
0.3862
0.3887
0.3913
0.3941
0.3968
0.3995
0.4017
0.4034
0.4043
0.4042
0.4027
0.3996
0.3948
0.3881
0.3795
0.3690
0.3568
0.3431
0.3281
0.3123
0.2961
0.2800
0.2644
0.2499
0.2372
0.2268
0.2198
0.3702
0.3732
0.3766
0.3804
0.3847
0.3893
0.3942
0.3994
0.4046
0.4098
0.4147
0.4191
0.4226
0.4251
0.4261
0.4255
0.4229
0.4182
0.4114
0.4024
0.3916
0.3791
0.3653
0.3509
0.3361
0.3218
0.3086
0.2971
0.2884
0.2834
0.3549
0.3592
0.3640
0.3693
0.3751
0.3814
0.3883
0.3957
0.4035
0.4115
0.4197
0.4277
0.4353
0.4422
0.4481
0.4524
0.4550
0.4553
0.4534
0.4490
0.4423
0.4334
0.4229
0.4112
0.3989
0.3868
0.3757
0.3666
0.3604
0.3585
0.3356
0.3410
0.3468
0.3532
0.3602
0.3679
0.3763
0.3855
0.3955
0.4061
0.4172
0.4288
0.4405
0.4521
0.4632
0.4734
0.4820
0.4888
0.4932
0.4950
0.4941
0.4905
0.4847
0.4772
0.4687
0.4601
0.4524
0.4467
0.4444
0.4467
0.3136
0.3196
0.3260
0.3330
0.3407
0.3492
0.3586
0.3690
0.3805
0.3930
0.4067
0.4213
0.4367
0.4528
0.4692
0.4856
0.5012
0.5156
0.5281
0.5381
0.5451
0.5490
0.5501
0.5487
0.5458
0.5424
0.5398
0.5392
0.5422
0.5504
0.2902
0.2963
0.3029
0.3100
0.3178
0.3265
0.3362
0.3470
0.3592
0.3728
0.3879
0.4046
0.4229
0.4427
0.4639
0.4862
0.5091
0.5320
0.5541
0.5744
0.5922
0.6066
0.6175
0.6252
0.6306
0.6348
0.6394
0.6460
0.6564
0.6728
0.2666
0.2725
0.2787
0.2855
0.2929
0.3011
0.3104
0.3209
0.3328
0.3464
0.3618
0.3793
0.3991
0.4212
0.4459
0.4730
0.5023
0.5335
0.5659
0.5984
0.6297
0.6586
0.6838
0.7049
0.7225
0.7379
0.7531
0.7700
0.7909
0.8182
0.2441
0.2495
0.2551
0.2610
0.2676
0.2749
0.2831
0.2925
0.3033
0.3157
0.3302
0.3470
0.3664
0.3890
0.4149
0.4447
0.4784
0.5162
0.5578
0.6026
0.6495
0.6968
0.7422
0.7836
0.8199
0.8523
0.8831
0.9150
0.9507
0.9931
0.2237
0.2283
0.2330
0.2381
0.2435
0.2495
0.2562
0.2639
0.2729
0.2833
0.2956
0.3103
0.3277
0.3484
0.3731
0.4025
0.4372
0.4780
0.5256
0.5801
0.6414
0.7085
0.7793
0.8503
0.9172
0.9768
0.9977
0.9992
0.9940
0.8929
0.2059
0.2097
0.2136
0.2176
0.2218
0.2264
0.2315
0.2372
0.2439
0.2518
0.2613
0.2727
0.2865
0.3035
0.3244
0.3501
0.3819
0.4209
0.4686
0.5267
0.5966
0.6795
0.7753
0.8823
0.9948
0.9981
0.9027
0.9853
0.8687
0.9528
0.1912
0.1943
0.1973
0.2003
0.2034
0.2067
0.2102
0.2141
0.2185
0.2238
0.2301
0.2378
0.2473
0.2593
0.2746
0.2940
0.3190
0.3511
0.3924
0.4456
0.5138
0.6008
0.7107
0.8472
1.0000
0.9064
0.8517
0.9482
0.7745
1.0000
0.1797
0.1821
0.1844
0.1866
0.1888
0.1910
0.1932
0.1955
0.1981
0.2010
0.2044
0.2087
0.2140
0.2209
0.2299
0.2418
0.2578
0.2793
0.3086
0.3485
0.4031
0.4780
0.5805
0.7211
0.9134
0.9948
0.9749
1.0000
1.0000
1.0000
0.1713
0.1732
0.1749
0.1766
0.1781
0.1795
0.1807
0.1819
0.1831
0.1843
0.1856
0.1872
0.1892
0.1918
0.1954
0.2004
0.2076
0.2179
0.2329
0.2548
0.2872
0.3354
0.4075
0.5161
0.6823
0.9429
1.0000
1.0000
1.0000
1.0000
0.1658
0.1673
0.1688
0.1701
0.1711
0.1720
0.1727
0.1732
0.1734
0.1736
0.1736
0.1735
0.1733
0.1732
0.1732
0.1735
0.1743
0.1760
0.1793
0.1851
0.1952
0.2128
0.2431
0.2952
0.3861
0.5501
0.8668
1.0000
1.0000
1.0000
0.1631
0.1645
0.1657
0.1668
0.1677
0.1684
0.1688
0.1689
0.1688
0.1684
0.1678
0.1669
0.1658
0.1644
0.1628
0.1608
0.1586
0.1561
0.1534
0.1506
0.1480
0.1464
0.1475
0.1546
0.1750
0.2250
0.3492
0.6915
1.0000
1.0000
0.1631
0.1645
0.1657
0.1668
0.1677
0.1684
0.1688
0.1689
0.1688
0.1684
0.1678
0.1669
0.1658
0.1644
0.1628
0.1608
0.1586
0.1561
0.1534
0.1506
0.1480
0.1464
0.1475
0.1546
0.1750
0.2250
0.3492
0.6915
1.0000
1.0000
0.1658
0.1673
0.1688
0.1701
0.1711
0.1720
0.1727
0.1732
0.1734
0.1736
0.1736
0.1735
0.1733
0.1732
0.1732
0.1735
0.1743
0.1760
0.1793
0.1851
0.1952
0.2128
0.2431
0.2952
0.3861
0.5501
0.8668
1.0000
1.0000
1.0000
0.1713
0.1732
0.1749
0.1766
0.1781
0.1795
0.1807
0.1819
0.1831
0.1843
0.1856
0.1872
0.1892
0.1918
0.1954
0.2004
0.2076
0.2179
0.2329
0.2548
0.2872
0.3354
0.4075
0.5161
0.6823
0.9429
1.0000
1.0000
1.0000
1.0000
0.1797
0.1821
0.1844
0.1866
0.1888
0.1910
0.1932
0.1955
0.1981
0.2010
0.2044
0.2087
0.2140
0.2209
0.2299
0.2418
0.2578
0.2793
0.3086
0.3485
0.4031
0.4780
0.5805
0.7211
0.9134
0.9948
0.9749
1.0000
1.0000
1.0000
0.1912
0.1943
0.1973
0.2003
0.2034
0.2067
0.2102
0.2141
0.2185
0.2238
0.2301
0.2378
0.2473
0.2593
0.2746
0.2940
0.3190
0.3511
0.3924
0.4456
0.5138
0.6008
0.7107
0.8472
1.0000
0.9064
0.8517
0.9482
0.7745
1.0000
0.2059
0.2097
0.2136
0.2176
0.2218
0.2264
0.2315
0.2372
0.2439
0.2518
0.2613
0.2727
0.2865
0.3035
0.3244
0.3501
0.3819
0.4209
0.4686
0.5267
0.5966
0.6795
0.7753
0.8823
0.9948
0.9981
0.9027
0.9853
0.8687
0.9528
0.2237
0.2283
0.2330
0.2381
0.2435
0.2495
0.2562
0.2639
0.2729
0.2833
0.2956
0.3103
0.3277
0.3484
0.3731
0.4025
0.4372
0.4780
0.5256
0.5801
0.6414
0.7085
0.7793
0.8503
0.9172
0.9768
0.9977
0.9992
0.9940
0.8929
0.2441
0.2495
0.2551
0.2610
0.2676
0.2749
0.2831
0.2925
0.3033
0.3157
0.3302
0.3470
0.3664
0.3890
0.4149
0.4447
0.4784
0.5162
0.5578
0.6026
0.6495
0.6968
0.7422
0.7836
0.8199
0.8523
0.8831
0.9150
0.9507
0.9931
0.2666
0.2725
0.2787
0.2855
0.2929
0.3011
0.3104
0.3209
0.3328
0.3464
0.3618
0.3793
0.3991
0.4212
0.4459
0.4730
0.5023
0.5335
0.5659
0.5984
0.6297
0.6586
0.6838
0.7049
0.7225
0.7379
0.7531
0.7700
0.7909
0.8182
0.2902
0.2963
0.3029
0.3100
0.3178
0.3265
0.3362
0.3470
0.3592
0.3728
0.3879
0.4046
0.4229
0.4427
0.4639
0.4862
0.5091
0.5320
0.5541
0.5744
0.5922
0.6066
0.6175
0.6252
0.6306
0.6348
0.6394
0.6460
0.6564
0.6728
0.3136
0.3196
0.3260
0.3330
0.3407
0.3492
0.3586
0.3690
0.3805
0.3930
0.4067
0.4213
0.4367
0.4528
0.4692
0.4856
0.5012
0.5156
0.5281
0.5381
0.5451
0.5490
0.5501
0.5487
0.5458
0.5424
0.5398
0.5392
0.5422
0.5504
0.3356
0.3410
0.3468
0.3532
0.3602
0.3679
0.3763
0.3855
0.3955
0.4061
0.4172
0.4288
0.4405
0.4521
0.4632
0.4734
0.4820
0.4888
0.4932
0.4950
0.4941
0.4905
0.4847
0.4772
0.4687
0.4601
0.4524
0.4467
0.4444
0.4467
0.3549
0.3592
0.3640
0.3693
0.3751
0.3814
0.3883
0.3957
0.4035
0.4115
0.4197
0.4277
0.4353
0.4422
0.4481
0.4524
0.4550
0.4553
0.4534
0.4490
0.4423
0.4334
0.4229
0.4112
0.3989
0.3868
0.3757
0.3666
0.3604
0.3585
0.3702
0.3732
0.3766
0.3804
0.3847
0.3893
0.3942
0.3994
0.4046
0.4098
0.4147
0.4191
0.4226
0.4251
0.4261
0.4255
0.4229
0.4182
0.4114
0.4024
0.3916
0.3791
0.3653
0.3509
0.3361
0.3218
0.3086
0.2971
0.2884
0.2834
0.3810
0.3824
0.3841
0.3862
0.3887
0.3913
0.3941
0.3968
0.3995
0.4017
0.4034
0.4043
0.4042
0.4027
0.3996
0.3948
0.3881
0.3795
0.3690
0.3568
0.3431
0.3281
0.3123
0.2961
0.2800
0.2644
0.2499
0.2372
0.2268
0.2198
0.3867
0.3864
0.3864
0.3867
0.3872
0.3879
0.3885
0.3889
0.3890
0.3885
0.3873
0.3850
0.3815
0.3767
0.3702
0.3621
0.3522
0.3406
0.3275
0.3130
0.2973
0.2809
0.2639
0.2469
0.2301
0.2140
0.1991
0.1857
0.1746
0.1664
0.3873
0.3853
0.3837
0.3823
0.3810
0.3797
0.3783
0.3765
0.3743
0.3713
0.3675
0.3625
0.3563
0.3486
0.3394
0.3286
0.3163
0.3025
0.2875
0.2715
0.2547
0.2375
0.2201
0.2029
0.1861
0.1702
0.1554
0.1421
0.1308
0.1221
0.3833
0.3798
0.3766
0.3736
0.3706
0.3677
0.3644
0.3608
0.3565
0.3515
0.3454
0.3381
0.3296
0.3196
0.3081
0.2953
0.2811
0.2658
0.2496
0.2327
0.2154
0.1980
0.1807
0.1639
0.1477
0.1324
0.1183
0.1056
0.0947
0.0861
0.3752
0.3704
0.3659
0.3615
0.3572
0.3528
0.3481
0.3428
0.3369
0.3300
0.3220
0.3128
0.3023
0.2904
0.2772
0.2627
0.2472
0.2309
0.2140
0.1967
0.1794
0.1624
0.1457
0.1297
0.1146
0.1004
0.0874
0.0758
0.0657
0.0577
0.3641
0.3582
0.3526
0.3472
0.3418
0.3363
0.3303
0.3237
0.3163
0.3079
0.2983
0.2874
0.2751
0.2616
0.2470
0.2313
0.2149
0.1980
0.1808
0.1637
0.1469
0.1306
0.1150
0.1002
0.0864
0.0737
0.0622
0.0519
0.0431
0.0359
0.3509
0.3442
0.3379
0.3317
0.3255
0.3190
0.3121
0.3044
0.2957
0.2858
0.2747
0.2623
0.2485
0.2337
0.2179
0.2013
0.1844
0.1673
0.1504
0.1338
0.1178
0.1026
0.0884
0.0751
0.0630
0.0520
0.0421
0.0334
0.0260
0.0201
0.3369
0.3296
0.3228
0.3161
0.3093
0.3022
0.2944
0.2856
0.2757
0.2644
0.2518
0.2378
0.2227
0.2067
0.1900
0.1730
0.1559
0.1390
0.1226
0.1070
0.0922
0.0784
0.0658
0.0543
0.0439
0.0347
0.0267
0.0197
0.0138
0.0092
0.3232
0.3157
0.3086
0.3016
0.2944
0.2867
0.2780
0.2681
0.2567
0.2439
0.2296
0.2142
0.1978
0.1808
0.1635
0.1463
0.1295
0.1132
0.0978
0.0834
0.0700
0.0579
0.0470
0.0373
0.0288
0.0215
0.0152
0.0099
0.0056
0.0022
0.3112
0.3037
0.2965
0.2894
0.2819
0.2734
0.2637
0.2523
0.2391
0.2243
0.2082
0.1912
0.1736
0.1560
0.1385
0.1216
0.1054
0.0901
0.0760
0.0630
0.0513
0.0409
0.0318
0.0240
0.0173
0.0117
0.0071
0.0033
0.0003
0.0000
0.3028
0.2953
0.2883
0.2812
0.2731
0.2636
0.2520
0.2382
0.2225
0.2053
0.1872
0.1687
0.1504
0.1324
0.1152
0.0989
0.0837
0.0698
0.0571
0.0458
0.0359
0.0273
0.0199
0.0138
0.0088
0.0048
0.0016
0.0000
0.0000
0.0000
0.3001
0.2930
0.2864
0.2788
0.2698
0.2580
0.2430
0.2254
0.2063
0.1864
0.1664
0.1469
0.1281
0.1103
0.0937
0.0785
0.0646
0.0522
0.0412
0.0317
0.0235
0.0167
0.0110
0.0065
0.0029
0.0002
0.0000
0.0000
0.0000
0.0000
0.3071
0.3009
0.2938
0.2864
0.2738
0.2562
0.2353
0.2128
0.1899
0.1675
0.1460
0.1258
0.1070
0.0898
0.0743
0.0603
0.0480
0.0373
0.0281
0.0203
0.0139
0.0087
0.0046
0.0014
0.0000
0.0000
0.0000
0.0000
0.0000
0.0000
0.3321
0.3245
0.3225
0.3073
0.2833
0.2557
0.2272
0.1995
0.1733
0.1488
0.1264
0.1060
0.0877
0.0714
0.0571
0.0446
0.0339
0.0250
0.0175
0.0115
0.0067
0.0030
0.0002
0.0000
0.0000
0.0000
0.0000
0.0000
0.0000
0.0000
0.3892
0.4047
0.3753
0.3344
0.2928
0.2539
0.2184
0.1862
0.1574
0.1316
0.1086
0.0884
0.0707
0.0555
0.0424
0.0314
0.0224
0.0151
0.0092
0.0048
0.0014
0.0000
0.0000
0.0000
0.0000
0.0000
0.0000
0.0000
0.0000
0.0000
0.6382
0.5163
0.4267
0.3567
0.2996
0.2516
0.2106
0.1751
0.1442
0.1174
0.0942
0.0742
0.0571
0.0427
0.0308
0.0212
0.0135
0.0076
0.0032
0.0000
0.0000
0.0000
0.0000
0.0000
0.0000
0.0000
0.0000
0.0000
0.0000
0.0000
# OPTIMIZATION PARAMETERS 
# nelx: 30
# nely: 60
# max buckling: 0.0
# penalization: 1.0
# initial densities: 1.0
# FEA MODEL DATA 
# material: {'Ex': 1, 'Ey': 0.2, 'NUxy': 0.3}
# loads: {'Val': 0.005, 'direction': 'x', 'dof': array([1859, 1921, 1983], dtype=int64)}
# bc: Left Clamped
# 
