# it, buckling[l1, l2, l3, l4, l5], volume, compliance
1.0000 -89.2095 -14.8694 -6.2424 -3.9713 -3.1086 0.3000 807.5334
2.0000 -85.7844 -14.7305 -6.5998 -4.2667 -3.4028 0.3000 868.9829
3.0000 -78.0761 -14.5938 -7.3100 -5.2589 -4.1386 0.3000 1007.1610
4.0000 -75.8978 -14.4917 -7.6633 -5.5977 -4.4108 0.3000 1049.5679
5.0000 -58.0073 -16.8970 -14.0402 -11.5690 -9.4030 0.3000 1246.8169
6.0000 -46.1979 -21.6964 -15.8033 -8.2638 -7.2057 0.3000 1084.3667
7.0000 -41.5253 -27.7576 -13.0406 -7.8238 -7.6072 0.3000 1001.8525
8.0000 -37.0456 -21.3053 -10.7851 -8.5577 -8.1919 0.3000 1005.5655
9.0000 -34.9398 -20.4483 -10.8093 -7.9686 -7.9185 0.3000 1010.7431
10.0000 -32.4550 -18.6914 -13.5210 -9.5712 -6.1294 0.3000 1047.8505
11.0000 -30.3482 -19.9272 -15.1931 -8.6262 -7.6428 0.3000 1042.8241
12.0000 -28.5743 -20.1038 -15.2682 -8.0750 -7.7366 0.3000 1057.8093
13.0000 -26.3302 -23.9384 -12.9389 -8.6453 -8.5993 0.3000 1022.3909
14.0000 -25.9401 -21.9624 -13.0441 -9.3325 -7.5024 0.3000 1040.3164
15.0000 -25.5662 -21.6932 -13.0097 -8.8504 -7.5817 0.3000 1046.2589
16.0000 -24.7661 -21.3121 -13.0341 -9.0769 -7.9007 0.3000 1062.2958
17.0000 -24.2987 -21.1192 -12.9925 -9.2273 -8.1250 0.3000 1072.4542
18.0000 -22.5655 -20.4325 -12.8241 -9.6857 -8.3766 0.3000 1115.6673
19.0000 -22.2818 -20.4858 -12.7629 -9.7475 -8.4179 0.3000 1114.1985
20.0000 -22.1224 -20.5008 -12.7327 -9.7688 -8.5184 0.3000 1110.5450
21.0000 -21.9766 -20.5157 -12.7091 -9.7862 -8.5864 0.3000 1102.0609
22.0000 -21.7688 -20.4390 -12.6860 -9.7294 -8.6179 0.3000 1099.5271
23.0000 -21.6007 -20.4003 -12.6586 -9.6446 -8.6512 0.3000 1100.7318
24.0000 -21.3115 -20.3775 -12.6135 -9.7182 -8.5428 0.3000 1106.7313
25.0000 -20.9908 -20.3678 -12.5975 -9.7652 -8.6045 0.3000 1117.5356
26.0000 -20.7920 -20.1988 -12.6005 -9.8191 -8.5736 0.3000 1125.5344
27.0000 -20.4942 -19.7726 -13.1576 -10.1630 -8.5034 0.3000 1153.3566
28.0000 -20.2045 -19.6218 -13.1083 -10.0547 -8.2312 0.3000 1152.0202
29.0000 -19.8880 -19.3663 -13.1729 -10.2622 -8.2041 0.3000 1151.3973
30.0000 -19.7742 -19.2446 -13.2041 -10.2662 -8.2578 0.3000 1150.8256
31.0000 -19.4008 -19.0723 -13.1171 -10.2711 -8.4940 0.3000 1156.7284
32.0000 -19.2646 -18.9582 -13.0881 -10.2871 -8.5036 0.3000 1161.8004
33.0000 -19.0126 -18.7132 -13.1063 -10.3358 -8.7162 0.2998 1182.6137
34.0000 -18.8442 -18.6505 -13.1045 -10.3667 -8.7703 0.2997 1187.6359
35.0000 -18.5871 -18.5279 -13.1141 -10.4640 -8.7932 0.2997 1194.3130
36.0000 -18.5871 -18.5279 -13.1141 -10.4640 -8.7932 0.2997 1194.3131
37.0000 -18.5028 -18.3865 -13.1115 -10.4892 -8.8085 0.2997 1195.7261
38.0000 -18.4668 -18.0654 -13.1328 -10.5737 -8.6316 0.2998 1197.2473
39.0000 -18.3679 -17.9012 -13.1432 -10.6089 -8.6545 0.2998 1200.8167
40.0000 -18.1598 -17.5866 -13.2142 -10.7431 -9.1251 0.2999 1222.7309
41.0000 -18.0282 -17.4205 -13.2825 -10.8071 -9.0891 0.2999 1234.0359
42.0000 -17.8898 -17.2840 -13.3169 -10.9333 -8.7310 0.2999 1244.8690
43.0000 -17.6887 -17.1721 -13.4462 -11.0574 -8.6031 0.3000 1245.8766
44.0000 -17.5785 -17.1313 -13.4739 -11.0454 -8.5451 0.3000 1248.2068
45.0000 -17.3405 -17.0628 -13.5172 -11.0849 -8.7457 0.3000 1247.5735
46.0000 -16.9636 -16.8979 -14.0404 -11.5140 -9.0987 0.3000 1248.5436
47.0000 -16.7629 -16.7378 -13.9970 -11.5444 -8.9090 0.3000 1251.8360
48.0000 -16.7559 -16.5466 -13.9687 -11.5128 -8.8734 0.3000 1258.6525
49.0000 -16.5794 -16.3676 -13.9481 -11.5219 -8.8455 0.3000 1262.6236
50.0000 -16.5204 -16.3246 -13.9395 -11.5084 -8.8526 0.3000 1262.8907
51.0000 -16.4165 -16.2519 -13.8972 -11.4986 -9.0199 0.3000 1271.5260
52.0000 -16.3235 -16.1727 -13.9029 -11.4985 -9.1534 0.3000 1278.2221
53.0000 -16.2562 -16.1456 -13.9030 -11.5069 -9.2212 0.2999 1284.6553
54.0000 -16.2453 -16.1433 -13.9154 -11.5148 -9.2496 0.2998 1286.8277
55.0000 -16.2453 -16.1433 -13.9154 -11.5148 -9.2496 0.2998 1286.8277
56.0000 -16.2453 -16.1433 -13.9154 -11.5148 -9.2496 0.2998 1286.8277
57.0000 -16.2453 -16.1433 -13.9154 -11.5148 -9.2496 0.2998 1286.8277
58.0000 -16.2453 -16.1433 -13.9154 -11.5148 -9.2496 0.2998 1286.8277
59.0000 -16.2453 -16.1433 -13.9154 -11.5148 -9.2496 0.2998 1286.8277
60.0000 -16.1448 -16.0298 -13.9553 -11.5800 -9.1133 0.2999 1289.5601
61.0000 -16.0641 -15.9688 -13.9667 -11.5958 -9.2565 0.2999 1294.9333
62.0000 -16.0113 -15.9251 -13.9623 -11.5998 -9.3458 0.2999 1296.7920
63.0000 -15.9578 -15.8694 -13.9691 -11.6190 -9.5026 0.3000 1300.1286
64.0000 -15.9215 -15.8278 -13.9903 -11.6315 -9.5975 0.3000 1307.9255
65.0000 -15.8622 -15.7672 -13.9707 -11.6683 -9.7286 0.3000 1319.1839
66.0000 -15.8408 -15.7249 -13.9730 -11.6836 -9.5562 0.3000 1328.3305
67.0000 -15.7947 -15.6788 -13.9580 -11.6895 -9.4879 0.3000 1337.3483
68.0000 -15.7947 -15.6788 -13.9580 -11.6895 -9.4879 0.3000 1337.3484
69.0000 -15.7947 -15.6788 -13.9580 -11.6895 -9.4879 0.3000 1337.3484
70.0000 -15.7947 -15.6788 -13.9580 -11.6895 -9.4879 0.3000 1337.3484
71.0000 -15.7947 -15.6788 -13.9580 -11.6895 -9.4880 0.3000 1337.3543
72.0000 -15.7947 -15.6788 -13.9580 -11.6895 -9.4880 0.3000 1337.3543
73.0000 -15.7961 -15.6554 -13.9504 -11.6867 -9.4826 0.3000 1337.8660
74.0000 -15.7622 -15.6350 -13.9517 -11.7247 -9.4619 0.3000 1339.3031
75.0000 -15.7223 -15.6058 -13.9512 -11.7261 -9.5427 0.3000 1341.9043
76.0000 -15.6651 -15.5509 -13.9483 -11.7352 -9.4633 0.3000 1362.5460
77.0000 -15.5910 -15.4321 -13.9590 -11.8334 -9.8132 0.3000 1402.7076
78.0000 -15.5385 -15.3457 -13.9246 -11.8266 -9.7805 0.3000 1399.1817
79.0000 -15.4749 -15.2148 -13.8534 -11.8058 -9.6615 0.3000 1394.5500
80.0000 -15.5180 -14.7433 -13.7793 -11.8135 -9.4498 0.3000 1406.4812
81.0000 -15.4494 -14.7050 -13.7716 -11.8049 -9.4668 0.3000 1404.2074
82.0000 -15.2985 -14.6314 -13.7913 -11.7748 -9.5210 0.3000 1405.7118
83.0000 -15.2481 -14.6061 -13.7935 -11.7539 -9.5018 0.3000 1405.2469
84.0000 -15.0661 -14.6096 -13.8281 -11.7522 -9.7267 0.3000 1418.4173
85.0000 -14.8992 -14.5438 -13.9002 -11.7112 -9.7729 0.3000 1421.4267
86.0000 -14.8551 -14.5197 -13.8943 -11.7125 -9.7478 0.3000 1423.4941
87.0000 -14.8207 -14.5082 -13.8788 -11.7056 -9.7276 0.3000 1424.0855
88.0000 -14.7952 -14.4860 -13.8773 -11.7045 -9.7411 0.3000 1422.0989
89.0000 -14.7752 -14.4732 -13.8754 -11.7024 -9.7514 0.3000 1421.5305
90.0000 -14.7453 -14.4492 -13.8729 -11.7026 -9.7716 0.3000 1427.1698
91.0000 -14.7175 -14.4365 -13.8693 -11.7055 -9.7797 0.3000 1430.2249
92.0000 -14.7030 -14.4248 -13.8680 -11.7051 -9.7866 0.3000 1432.9146
93.0000 -14.6874 -14.4157 -13.8625 -11.7018 -9.7979 0.3000 1434.0090
94.0000 -14.6711 -14.4003 -13.8574 -11.7049 -9.8063 0.3000 1432.3317
95.0000 -14.6570 -14.3956 -13.8558 -11.7011 -9.8137 0.3000 1431.4689
96.0000 -14.6364 -14.3865 -13.8544 -11.6984 -9.8238 0.3000 1432.0703
97.0000 -14.6177 -14.3647 -13.8537 -11.6965 -9.8301 0.3000 1433.8317
98.0000 -14.6088 -14.3572 -13.8515 -11.6996 -9.8341 0.3000 1436.3849
99.0000 -14.5995 -14.3510 -13.8494 -11.6981 -9.8374 0.3000 1438.7297
100.0000 -14.5887 -14.3412 -13.8508 -11.6955 -9.8441 0.3000 1436.8200
101.0000 -14.5838 -14.3403 -13.8515 -11.6955 -9.8488 0.3000 1436.0552
102.0000 -14.5773 -14.3351 -13.8511 -11.6963 -9.8518 0.3000 1436.2972
103.0000 -14.5660 -14.3301 -13.8475 -11.6963 -9.8601 0.3000 1439.4028
104.0000 -14.5591 -14.3279 -13.8474 -11.6966 -9.8652 0.3000 1438.8384
105.0000 -14.5532 -14.3241 -13.8503 -11.6980 -9.8697 0.3000 1437.9012
106.0000 -14.5475 -14.3200 -13.8515 -11.6969 -9.8732 0.3000 1438.5360
107.0000 -14.5435 -14.3185 -13.8509 -11.6969 -9.8748 0.3000 1438.3082
108.0000 -14.5405 -14.3191 -13.8527 -11.6973 -9.8801 0.3000 1437.7905
109.0000 -14.5376 -14.3169 -13.8537 -11.6981 -9.8816 0.3000 1438.0703
110.0000 -14.5338 -14.3149 -13.8547 -11.6980 -9.8842 0.3000 1438.1017
111.0000 -14.5298 -14.3126 -13.8538 -11.6981 -9.8860 0.3000 1438.6304
112.0000 -14.5270 -14.3120 -13.8535 -11.6981 -9.8878 0.3000 1438.8658
113.0000 -14.5250 -14.3113 -13.8543 -11.6984 -9.8894 0.3000 1439.0533
114.0000 -14.5237 -14.3108 -13.8553 -11.6984 -9.8906 0.3000 1438.1844
115.0000 -14.5221 -14.3116 -13.8543 -11.6983 -9.8914 0.3000 1437.7453
116.0000 -14.5201 -14.3111 -13.8566 -11.6985 -9.8931 0.3000 1437.9760
117.0000 -14.5187 -14.3102 -13.8569 -11.6992 -9.8947 0.3000 1439.0701
118.0000 -14.5174 -14.3095 -13.8570 -11.6992 -9.8954 0.3000 1439.0441
119.0000 -14.5159 -14.3087 -13.8576 -11.6993 -9.8964 0.3000 1438.9566
120.0000 -14.5142 -14.3072 -13.8579 -11.6997 -9.8974 0.3000 1439.3162
121.0000 -14.5132 -14.3069 -13.8584 -11.6996 -9.8985 0.3000 1439.1730
122.0000 -14.5127 -14.3068 -13.8586 -11.6997 -9.8991 0.3000 1438.6990
123.0000 -14.5120 -14.3063 -13.8587 -11.6997 -9.8994 0.3000 1438.7055
124.0000 -14.5113 -14.3063 -13.8594 -11.6997 -9.9003 0.3000 1438.5707
125.0000 -14.5103 -14.3056 -13.8601 -11.6996 -9.9012 0.3000 1438.8363
126.0000 -14.5098 -14.3057 -13.8607 -11.7000 -9.9023 0.3000 1438.7558
127.0000 -14.5092 -14.3053 -13.8610 -11.7000 -9.9027 0.3000 1439.0570
128.0000 -14.5086 -14.3049 -13.8610 -11.7000 -9.9031 0.3000 1439.0292
129.0000 -14.5081 -14.3045 -13.8613 -11.7001 -9.9034 0.3000 1438.8502
130.0000 -14.5077 -14.3045 -13.8617 -11.7003 -9.9040 0.3000 1438.6139
131.0000 -14.5074 -14.3043 -13.8619 -11.7004 -9.9043 0.3000 1438.4858
132.0000 -14.5071 -14.3040 -13.8620 -11.7004 -9.9045 0.3000 1438.6239
133.0000 -14.5068 -14.3039 -13.8621 -11.7005 -9.9048 0.3000 1438.6051
134.0000 -14.5065 -14.3038 -13.8624 -11.7006 -9.9051 0.3000 1438.7340
135.0000 -14.5061 -14.3034 -13.8625 -11.7006 -9.9053 0.3000 1439.0097
136.0000 -14.5057 -14.3033 -13.8627 -11.7006 -9.9056 0.3000 1439.3028
137.0000 -14.5054 -14.3031 -13.8627 -11.7006 -9.9058 0.3000 1439.5534
138.0000 -14.5053 -14.3030 -13.8628 -11.7006 -9.9060 0.3000 1439.4208
139.0000 -14.5051 -14.3030 -13.8631 -11.7007 -9.9063 0.3000 1439.3058
140.0000 -14.5051 -14.3031 -13.8634 -11.7008 -9.9065 0.3000 1438.9358
141.0000 -14.5050 -14.3031 -13.8636 -11.7009 -9.9067 0.3000 1438.9104
142.0000 -14.5049 -14.3032 -13.8638 -11.7009 -9.9068 0.3000 1438.7680
143.0000 -14.5048 -14.3031 -13.8638 -11.7009 -9.9069 0.3000 1438.7603
144.0000 -14.5048 -14.3032 -13.8641 -11.7010 -9.9071 0.3000 1438.5357
145.0000 -14.5046 -14.3030 -13.8640 -11.7010 -9.9073 0.3000 1438.7507
146.0000 -14.5043 -14.3028 -13.8639 -11.7010 -9.9074 0.3000 1439.1602
147.0000 -14.5041 -14.3027 -13.8638 -11.7010 -9.9075 0.3000 1439.3456
148.0000 -14.5040 -14.3026 -13.8638 -11.7009 -9.9077 0.3000 1439.4339
149.0000 -14.5039 -14.3026 -13.8639 -11.7009 -9.9077 0.3000 1439.3627
150.0000 -14.5040 -14.3026 -13.8641 -11.7010 -9.9078 0.3000 1439.2115
151.0000 -14.5040 -14.3027 -13.8641 -11.7010 -9.9078 0.3000 1439.0816
152.0000 -14.5040 -14.3027 -13.8642 -11.7010 -9.9079 0.3000 1438.9509
153.0000 -14.5040 -14.3027 -13.8642 -11.7010 -9.9079 0.3000 1438.9683
154.0000 -14.5039 -14.3027 -13.8642 -11.7010 -9.9080 0.3000 1438.9887
155.0000 -14.5038 -14.3026 -13.8642 -11.7010 -9.9080 0.3000 1439.0702
156.0000 -14.5037 -14.3025 -13.8642 -11.7010 -9.9081 0.3000 1439.1854
157.0000 -14.5036 -14.3024 -13.8641 -11.7010 -9.9081 0.3000 1439.3551
158.0000 -14.5036 -14.3024 -13.8641 -11.7010 -9.9081 0.3000 1439.3195
159.0000 -14.5036 -14.3024 -13.8642 -11.7010 -9.9081 0.3000 1439.2599
160.0000 -14.5036 -14.3025 -13.8642 -11.7010 -9.9082 0.3000 1439.2123
161.0000 -14.5036 -14.3024 -13.8642 -11.7010 -9.9082 0.3000 1439.2839
162.0000 -14.5036 -14.3024 -13.8642 -11.7010 -9.9082 0.3000 1439.2386
163.0000 -14.5035 -14.3024 -13.8642 -11.7010 -9.9082 0.3000 1439.3142
164.0000 -14.5035 -14.3023 -13.8641 -11.7010 -9.9082 0.3000 1439.3943
165.0000 -14.5035 -14.3024 -13.8642 -11.7010 -9.9083 0.3000 1439.3666
166.0000 -14.5035 -14.3024 -13.8642 -11.7010 -9.9083 0.3000 1439.3285
167.0000 -14.5035 -14.3024 -13.8642 -11.7010 -9.9083 0.3000 1439.2933
168.0000 -14.5035 -14.3023 -13.8642 -11.7010 -9.9083 0.3000 1439.3381
169.0000 -14.5034 -14.3023 -13.8642 -11.7010 -9.9083 0.3000 1439.3765
170.0000 -14.5034 -14.3023 -13.8642 -11.7010 -9.9083 0.3000 1439.4126
171.0000 -14.5034 -14.3023 -13.8642 -11.7010 -9.9083 0.3000 1439.4043
172.0000 -14.5033 -14.3022 -13.8641 -11.7009 -9.9083 0.3000 1439.5168
173.0000 -14.5033 -14.3022 -13.8641 -11.7009 -9.9083 0.3000 1439.6073
174.0000 -14.5033 -14.3022 -13.8641 -11.7009 -9.9084 0.3000 1439.5951
175.0000 -14.5032 -14.3022 -13.8641 -11.7009 -9.9084 0.3000 1439.6424
176.0000 -14.5032 -14.3022 -13.8641 -11.7009 -9.9084 0.3000 1439.6178
177.0000 -14.5032 -14.3022 -13.8641 -11.7009 -9.9084 0.3000 1439.5912
178.0000 -14.5032 -14.3022 -13.8641 -11.7009 -9.9084 0.3000 1439.5914
179.0000 -14.5031 -14.3021 -13.8640 -11.7009 -9.9084 0.3000 1439.7424
180.0000 -14.5031 -14.3021 -13.8640 -11.7009 -9.9084 0.3000 1439.7446
181.0000 -14.5031 -14.3021 -13.8640 -11.7009 -9.9084 0.3000 1439.7845
182.0000 -14.5031 -14.3021 -13.8640 -11.7009 -9.9084 0.3000 1439.7845
183.0000 -14.5031 -14.3021 -13.8640 -11.7009 -9.9084 0.3000 1439.7737
184.0000 -14.5031 -14.3021 -13.8640 -11.7009 -9.9084 0.3000 1439.7585
185.0000 -14.5031 -14.3021 -13.8640 -11.7009 -9.9084 0.3000 1439.7585
186.0000 -14.5031 -14.3020 -13.8640 -11.7008 -9.9084 0.3000 1439.8317
187.0000 -14.5030 -14.3020 -13.8640 -11.7008 -9.9084 0.3000 1439.8365
188.0000 -14.5030 -14.3020 -13.8640 -11.7008 -9.9084 0.3000 1439.8365
189.0000 -14.5030 -14.3020 -13.8640 -11.7008 -9.9084 0.3000 1439.8365
190.0000 -14.5030 -14.3020 -13.8640 -11.7008 -9.9084 0.3000 1439.8365
191.0000 -14.5030 -14.3020 -13.8640 -11.7008 -9.9084 0.3000 1439.8512
192.0000 -14.5030 -14.3020 -13.8640 -11.7008 -9.9084 0.3000 1439.8512
193.0000 -14.5030 -14.3020 -13.8640 -11.7008 -9.9084 0.3000 1439.8512
194.0000 -14.5030 -14.3020 -13.8640 -11.7008 -9.9084 0.3000 1439.8512
195.0000 -14.5030 -14.3020 -13.8640 -11.7008 -9.9084 0.3000 1439.8512
196.0000 -14.5030 -14.3020 -13.8640 -11.7008 -9.9084 0.3000 1439.8397
197.0000 -14.5029 -14.3019 -13.8640 -11.7008 -9.9084 0.3000 1439.9005
198.0000 -14.5029 -14.3019 -13.8640 -11.7008 -9.9084 0.3000 1439.9005
199.0000 -14.5029 -14.3019 -13.8640 -11.7008 -9.9084 0.3000 1439.9005
# OPTIMIZATION PARAMETERS 
# nelx: 60
# nely: 30
# max buckling: 0.106
# penalization: 3.0
# initial densities: [0. 0. 0. ... 0. 0. 0.]
# FEA MODEL DATA 
# material: {'Ex': 2000.0, 'Ey': 10000.0, 'NUxy': 0.3}
# loads: {'Val': -10, 'direction': 'x', 'dof': array([1828, 1950, 2072], dtype=int64)}
# bc: Left Clamped
# 
