9.999999701187324286e-01
9.999999571134218224e-01
9.999999834736040816e-01
9.999999996351827125e-01
1.000000000000000000e+00
9.999999935408736551e-01
9.999999842795679328e-01
9.999999750845768309e-01
9.999999692657458583e-01
9.999999664348391271e-01
9.999999658542028103e-01
9.999999661370054804e-01
9.999999661666024720e-01
9.999999657271043674e-01
9.999999657168811007e-01
9.999999674370493308e-01
9.999999715760220509e-01
9.999999775630559196e-01
9.999999839476089170e-01
9.999999892548424585e-01
9.999999925581581905e-01
9.999999937298545971e-01
9.999999930157505990e-01
9.999999907627938889e-01
9.999999871984516231e-01
9.999999824639090873e-01
9.999999767393790151e-01
9.999999703988755595e-01
9.999999641127864658e-01
9.999999589104943132e-01
9.999999559716928887e-01
9.999999563594779151e-01
9.999999607199143714e-01
9.999999691551034742e-01
9.999999811569183494e-01
9.999999950419011796e-01
1.000000000000000000e+00
1.000000000000000000e+00
1.000000000000000000e+00
1.000000000000000000e+00
1.000000000000000000e+00
9.999999970365710533e-01
9.999999907124392795e-01
9.999999853303315200e-01
9.999999799104190012e-01
9.999999713891530861e-01
9.999999611901384533e-01
9.999999455622617939e-01
9.999999312873151247e-01
9.999999106233735668e-01
9.999998911576687410e-01
9.999998691426364994e-01
9.999998158428297090e-01
9.999996899807337414e-01
1.000000000000000000e+00
1.000000000000000000e+00
0.000000000000000000e+00
8.061039489514027851e-07
1.389482656337730643e-06
1.335643381299237149e-06
1.104095048893185208e-06
8.689086916210933998e-07
6.950323701222769533e-07
5.635013017124643377e-07
4.883952250788227643e-07
4.130685833360303322e-07
3.448523707747515912e-07
2.834731871409115574e-07
2.223405773370788191e-07
1.747162011625380808e-07
1.542042897661013166e-07
1.353448684473802467e-07
1.188337737310092868e-07
1.122017237843466482e-07
1.090747415019407288e-07
1.069507030317956289e-07
1.060321926141947482e-07
1.051346269693474575e-07
7.056543487229375569e-08
2.508505532666039846e-07
9.999999278744283737e-01
9.999999101230430121e-01
9.999999515507462799e-01
9.999999783620201477e-01
9.999999917762039114e-01
9.999999851587338950e-01
9.999999749916517189e-01
9.999999622750183059e-01
9.999999534746621954e-01
9.999999488333002340e-01
9.999999480892348691e-01
9.999999488666192482e-01
9.999999488953282833e-01
9.999999474732644833e-01
9.999999461224532427e-01
9.999999473023911678e-01
9.999999525334400952e-01
9.999999608947500729e-01
9.999999698441597307e-01
9.999999769276859407e-01
9.999999809849828836e-01
9.999999821898004626e-01
9.999999810742298267e-01
9.999999778393268146e-01
9.999999725812485085e-01
9.999999653011946155e-01
9.999999563737634878e-01
9.999999464382562930e-01
9.999999366381008281e-01
9.999999285485221545e-01
9.999999238308892036e-01
9.999999239246361027e-01
9.999999298571975448e-01
9.999999422409250327e-01
9.999999610408518702e-01
9.999999839393537426e-01
1.000000000000000000e+00
1.000000000000000000e+00
1.000000000000000000e+00
1.000000000000000000e+00
1.000000000000000000e+00
1.000000000000000000e+00
9.999999938539791966e-01
9.999999840624506087e-01
9.999999749820317474e-01
9.999999656613991483e-01
9.999999537361505819e-01
9.999999383467524927e-01
9.999999169123771070e-01
9.999998966227907626e-01
9.999998670521736965e-01
9.999998402893515159e-01
9.999997949150200016e-01
9.999996327435985988e-01
9.999995106169753400e-01
1.000000000000000000e+00
1.000000000000000000e+00
1.119383493348365143e-06
1.074859192439330855e-06
7.541482693570235211e-07
5.455237543620465410e-07
4.373150530429097915e-07
3.343297267552212614e-07
2.409088764820376130e-07
1.616447834921201035e-07
1.270043233301431323e-07
9.358515809835564403e-08
8.013112117062452376e-08
6.980604645511731872e-08
5.996834064575119830e-08
5.520278068828232087e-08
5.293328553466115558e-08
5.097663595149141266e-08
4.935089778580078322e-08
4.805945918483058741e-08
4.707400595958430975e-08
4.638377790630646533e-08
4.591687090216766355e-08
5.582925858282173132e-08
7.054714141971588804e-08
9.999999154424870085e-01
9.999998548710713475e-01
9.999998679712764904e-01
9.999999027032530075e-01
9.999999581748779676e-01
9.999999950424499628e-01
1.000000000000000000e+00
1.000000000000000000e+00
1.000000000000000000e+00
1.000000000000000000e+00
1.000000000000000000e+00
1.000000000000000000e+00
1.000000000000000000e+00
1.000000000000000000e+00
1.000000000000000000e+00
9.999999969701631741e-01
9.999999921957650750e-01
9.999999880377974382e-01
9.999999841877421636e-01
9.999999803216869099e-01
9.999999765224920623e-01
9.999999733034162785e-01
9.999999712755349712e-01
9.999999699211399307e-01
9.999999688548726340e-01
9.999999675049751069e-01
9.999999660805400925e-01
9.999999649499465848e-01
9.999999647266337721e-01
9.999999661180026811e-01
9.999999696093946344e-01
9.999999752847282819e-01
9.999999830337750195e-01
9.999999907639135488e-01
1.000000000000000000e+00
1.000000000000000000e+00
1.000000000000000000e+00
1.000000000000000000e+00
1.000000000000000000e+00
1.000000000000000000e+00
9.999999994964404726e-01
9.999999615236185857e-01
9.999999249653280797e-01
9.999998879286747799e-01
9.999998513971036784e-01
9.999998215196030937e-01
9.999997988631560419e-01
9.999997812838136158e-01
9.999997611834583466e-01
9.999997357354764027e-01
9.999997177747018684e-01
9.999997022612697739e-01
9.999996840934972653e-01
9.999996506779734728e-01
9.999995973411980321e-01
9.999995276132174205e-01
9.999994090955249826e-01
9.999993203042774059e-01
1.000000000000000000e+00
0.000000000000000000e+00
1.280060563513361490e-06
1.278706141984110695e-06
9.543179715302343499e-07
6.891697879823415815e-07
5.172308543349460575e-07
4.237310849110870193e-07
3.350265221586195052e-07
2.568190941402246519e-07
1.746688428398924825e-07
1.387379390309796990e-07
1.091863927194810235e-07
9.282417148710609190e-08
8.532940009678381535e-08
7.836110908477915153e-08
7.212782982070242267e-08
6.950757290742177608e-08
6.858096860516507164e-08
6.776552075130851507e-08
4.589069551553174967e-08
1.047601827333385915e-07
9.999999142398465768e-01
9.999998934620747404e-01
9.999998909876537390e-01
9.999999004596795693e-01
9.999999396004198848e-01
9.999999730817789034e-01
1.000000000000000000e+00
1.000000000000000000e+00
1.000000000000000000e+00
1.000000000000000000e+00
1.000000000000000000e+00
1.000000000000000000e+00
1.000000000000000000e+00
1.000000000000000000e+00
1.000000000000000000e+00
1.000000000000000000e+00
1.000000000000000000e+00
1.000000000000000000e+00
1.000000000000000000e+00
1.000000000000000000e+00
9.999999967445150073e-01
9.999999942492772131e-01
9.999999933390706364e-01
9.999999933301420008e-01
9.999999932833320004e-01
9.999999921238209577e-01
9.999999903862998307e-01
9.999999887150129441e-01
9.999999871126031836e-01
9.999999858861197133e-01
9.999999714736217404e-01
9.999999418877850710e-01
9.999999080881710745e-01
9.999998351607388702e-01
9.999997603730809148e-01
9.999996547443275041e-01
9.999995552774021412e-01
9.999994933828081356e-01
9.999994502587808975e-01
9.999994420493444336e-01
9.999994308123876241e-01
9.999994340869313714e-01
9.999994341318555469e-01
9.999994268418760379e-01
9.999994184452543067e-01
9.999994098440810886e-01
9.999993950119034913e-01
9.999993687279271626e-01
9.999993484577425207e-01
9.999993111226469500e-01
9.999993342575757005e-01
9.999993923390376738e-01
9.999994634128195337e-01
9.999994932160309880e-01
9.999995003148886008e-01
9.999994920315767866e-01
9.999994709699846496e-01
9.999994508866258958e-01
9.999994040632079750e-01
9.999994004643553147e-01
0.000000000000000000e+00
6.478204614203816756e-07
1.323501482819648361e-06
1.243403488343907212e-06
8.849584560218362600e-07
6.443928009381971522e-07
4.982842990590589120e-07
4.063640856502037082e-07
3.180330513025226341e-07
2.346153175285897712e-07
1.553421194483985666e-07
1.253243129407084761e-07
9.614741880501180307e-08
8.858460480989742304e-08
8.106477575564904680e-08
7.393677567290155509e-08
6.977154813381662002e-08
6.851779865882662066e-08
4.629820239372443916e-08
1.051464168297812230e-07
1.000000000000000000e+00
9.999992891792588434e-01
9.999995773120161635e-01
9.999997846810502189e-01
9.999998812318594554e-01
9.999999532843716343e-01
9.999999935715329080e-01
1.000000000000000000e+00
1.000000000000000000e+00
1.000000000000000000e+00
1.000000000000000000e+00
1.000000000000000000e+00
1.000000000000000000e+00
1.000000000000000000e+00
1.000000000000000000e+00
1.000000000000000000e+00
9.999999975842427391e-01
9.999999856622731054e-01
9.999999751287601546e-01
9.999999664902198271e-01
9.999999584459972057e-01
9.999999366863905337e-01
9.999998752669307933e-01
9.999997490408897294e-01
9.999996715287323701e-01
9.999996607191891096e-01
9.999996841541674009e-01
9.999997592592048123e-01
9.999998765123446764e-01
1.000000000000000000e+00
1.000000000000000000e+00
1.000000000000000000e+00
1.000000000000000000e+00
1.000000000000000000e+00
1.000000000000000000e+00
1.000000000000000000e+00
1.000000000000000000e+00
1.000000000000000000e+00
1.000000000000000000e+00
1.000000000000000000e+00
1.000000000000000000e+00
1.000000000000000000e+00
1.000000000000000000e+00
1.000000000000000000e+00
1.000000000000000000e+00
1.000000000000000000e+00
1.000000000000000000e+00
1.000000000000000000e+00
1.000000000000000000e+00
1.000000000000000000e+00
1.000000000000000000e+00
9.999995008007973585e-01
9.999993726321292353e-01
9.999994574450712381e-01
9.999995246176818231e-01
9.999995585804909437e-01
9.999995775688838018e-01
9.999995802775470954e-01
9.999995885375130289e-01
9.999995688880710665e-01
9.999995003898947132e-01
9.965289757878537102e-01
0.000000000000000000e+00
1.221341499966940984e-06
1.411740622308219349e-06
1.153190032469182007e-06
8.181241305396550893e-07
5.664511783206139663e-07
4.588090012284382672e-07
3.445469643379485666e-07
2.444192029380619151e-07
1.543620516251459062e-07
1.201173108767236250e-07
9.516766448527508280e-08
8.675056888448866641e-08
7.840217353566331334e-08
7.355045519160224373e-08
6.959939938296416730e-08
4.696349058741290771e-08
1.055583597238688807e-07
1.000000000000000000e+00
1.000000000000000000e+00
1.000000000000000000e+00
1.000000000000000000e+00
9.999985718305127724e-01
9.999992880293467890e-01
9.999995831308249317e-01
9.999997044773204502e-01
9.999997702039435943e-01
9.999998112113698268e-01
9.999998364414904861e-01
9.999998505531783044e-01
9.999998547206229160e-01
9.999998496600670528e-01
9.999998282392491555e-01
9.999997639868872801e-01
1.000000000000000000e+00
1.000000000000000000e+00
1.000000000000000000e+00
1.000000000000000000e+00
1.000000000000000000e+00
1.000000000000000000e+00
1.000000000000000000e+00
1.000000000000000000e+00
1.000000000000000000e+00
1.000000000000000000e+00
1.000000000000000000e+00
1.000000000000000000e+00
1.000000000000000000e+00
1.000000000000000000e+00
1.000000000000000000e+00
1.000000000000000000e+00
1.000000000000000000e+00
1.000000000000000000e+00
1.000000000000000000e+00
1.000000000000000000e+00
1.000000000000000000e+00
6.288091524508242491e-01
0.000000000000000000e+00
0.000000000000000000e+00
3.590679798724359148e-07
6.251180594687671196e-07
7.582375087329281912e-07
7.887586589146289616e-07
7.132788994587794296e-07
5.178812331795304878e-07
5.797634265194575795e-03
2.146471380495881265e-01
6.532580239098937369e-01
1.000000000000000000e+00
1.000000000000000000e+00
1.000000000000000000e+00
1.000000000000000000e+00
1.000000000000000000e+00
9.999996161421466079e-01
9.999993823956720984e-01
9.999994490556386451e-01
9.999995051570660376e-01
9.999995381918812543e-01
9.999995629605857861e-01
9.999995761079670809e-01
9.999995609113526696e-01
9.999999135867627675e-01
0.000000000000000000e+00
5.074375432758282628e-07
1.394898378952865078e-06
1.397529058208932448e-06
1.073183234305711671e-06
7.544567544176082848e-07
5.340712203888853155e-07
4.086871060770857945e-07
2.919850913329394186e-07
1.798084638954751617e-07
1.315124222508478698e-07
9.757437034247225825e-08
8.753238756319393396e-08
8.151394148655050390e-08
7.109750159591853772e-08
4.799124584996760349e-08
1.066210382133613570e-07
3.787478911850556285e-07
1.402038617265277682e-07
1.000000000000000000e+00
1.000000000000000000e+00
1.000000000000000000e+00
1.000000000000000000e+00
9.999986012360160270e-01
9.999991984088731911e-01
9.999994884880799573e-01
9.999995617347394727e-01
9.999995961701674263e-01
9.999996075720801736e-01
9.999995261223620924e-01
9.999993888949831877e-01
9.999998323233563191e-01
1.000000000000000000e+00
1.000000000000000000e+00
1.000000000000000000e+00
1.000000000000000000e+00
4.280649271275829282e-01
1.345983783127691850e-03
9.954516499923099863e-07
1.026622286206831679e-06
1.004093365449225635e-06
9.321506395575197668e-07
8.205596554758719006e-07
5.968644371850513018e-07
1.953123834921772375e-07
0.000000000000000000e+00
0.000000000000000000e+00
0.000000000000000000e+00
0.000000000000000000e+00
1.537952356875331786e-02
4.554294560800959957e-01
9.729523182409961501e-01
1.000000000000000000e+00
1.000000000000000000e+00
1.000000000000000000e+00
1.288854320943371989e-01
0.000000000000000000e+00
0.000000000000000000e+00
0.000000000000000000e+00
2.650597690175175164e-07
4.785507083431407573e-07
5.405880698699906985e-07
4.580432424135293184e-07
1.832756114244621573e-07
0.000000000000000000e+00
0.000000000000000000e+00
0.000000000000000000e+00
7.066019092377993083e-01
1.000000000000000000e+00
1.000000000000000000e+00
1.000000000000000000e+00
1.000000000000000000e+00
1.000000000000000000e+00
1.000000000000000000e+00
9.999993464013001709e-01
9.999993105532823945e-01
9.999994195811828801e-01
9.999994906561561203e-01
9.999995398796107660e-01
9.999995591138893802e-01
9.999995445620984968e-01
9.992398784328636596e-01
0.000000000000000000e+00
9.006583350669855508e-07
1.463676677497484530e-06
1.350716098970541780e-06
9.289285897387133788e-07
6.284307016314417523e-07
4.704352933677427894e-07
3.338382789967994671e-07
2.104766458405531141e-07
1.360220084839540226e-07
9.782806939643702195e-08
9.088353455110496582e-08
7.719720705817527778e-08
4.945971575863042737e-08
1.083129294077089122e-07
3.057323339268831845e-07
1.112233544495018461e-07
1.939891883464483318e-07
2.211218905014892555e-07
2.093631441308713148e-01
1.000000000000000000e+00
1.000000000000000000e+00
1.000000000000000000e+00
9.999989858391149511e-01
9.999993503449845500e-01
9.999994611301789016e-01
9.999994621339064471e-01
9.999993914562371744e-01
9.999992188821487105e-01
9.999991845682975056e-01
9.999993772890568566e-01
9.999998845154285387e-01
1.000000000000000000e+00
1.000000000000000000e+00
1.000000000000000000e+00
8.002471748656817541e-01
2.944545912930816292e-07
4.419438622560827619e-07
4.029364104610232322e-07
2.343429668170582299e-07
0.000000000000000000e+00
0.000000000000000000e+00
0.000000000000000000e+00
0.000000000000000000e+00
0.000000000000000000e+00
0.000000000000000000e+00
0.000000000000000000e+00
0.000000000000000000e+00
0.000000000000000000e+00
0.000000000000000000e+00
1.000000000000000000e+00
1.000000000000000000e+00
1.000000000000000000e+00
1.000000000000000000e+00
0.000000000000000000e+00
0.000000000000000000e+00
0.000000000000000000e+00
0.000000000000000000e+00
0.000000000000000000e+00
3.412051787592975401e-08
0.000000000000000000e+00
0.000000000000000000e+00
0.000000000000000000e+00
0.000000000000000000e+00
0.000000000000000000e+00
1.000000000000000000e+00
1.000000000000000000e+00
1.000000000000000000e+00
7.579718236502086537e-01
0.000000000000000000e+00
0.000000000000000000e+00
8.821893621652205919e-01
1.000000000000000000e+00
9.999997857377388444e-01
9.999992328693960708e-01
9.999992446177354832e-01
9.999993928579398172e-01
9.999994871220169168e-01
9.999995453349843633e-01
9.999995640648664530e-01
9.999995337666114370e-01
0.000000000000000000e+00
0.000000000000000000e+00
1.170803040219781007e-06
1.483985145707125875e-06
1.162292932679330226e-06
7.660915619068770402e-07
5.210700078858630739e-07
3.627065234554137592e-07
2.130851752725686956e-07
1.305858554548725801e-07
1.016149876959554158e-07
8.504632814201988809e-08
5.148305280638033734e-08
1.107747599511987135e-07
2.435245545291654128e-07
9.066653982258650020e-08
1.502204370879513234e-07
1.775748418187146035e-07
1.898081134341582392e-07
2.066137767348000836e-07
3.067711094367568025e-07
1.000000000000000000e+00
1.000000000000000000e+00
9.999993038018882840e-01
9.999993779707513353e-01
9.999994630280261143e-01
9.999994489857207958e-01
9.999993769818420475e-01
9.999992473503497292e-01
9.999990678915607889e-01
9.999989728121950749e-01
9.999990024623464091e-01
9.999991811770496675e-01
9.999996851852803736e-01
1.000000000000000000e+00
1.000000000000000000e+00
6.108929453910757860e-05
0.000000000000000000e+00
0.000000000000000000e+00
0.000000000000000000e+00
0.000000000000000000e+00
0.000000000000000000e+00
0.000000000000000000e+00
0.000000000000000000e+00
0.000000000000000000e+00
0.000000000000000000e+00
0.000000000000000000e+00
0.000000000000000000e+00
0.000000000000000000e+00
3.078902528586041631e-01
1.000000000000000000e+00
1.000000000000000000e+00
1.000000000000000000e+00
7.782978538865722440e-01
0.000000000000000000e+00
0.000000000000000000e+00
0.000000000000000000e+00
0.000000000000000000e+00
0.000000000000000000e+00
0.000000000000000000e+00
0.000000000000000000e+00
0.000000000000000000e+00
0.000000000000000000e+00
9.002438328507396115e-01
1.000000000000000000e+00
1.000000000000000000e+00
1.000000000000000000e+00
0.000000000000000000e+00
0.000000000000000000e+00
5.981174891793354123e-08
5.266392419950139532e-07
4.157227441494824524e-03
1.000000000000000000e+00
1.000000000000000000e+00
9.999994073156031060e-01
9.999991593740960028e-01
9.999992234977646000e-01
9.999993829738300644e-01
9.999994842259241068e-01
9.999995439496974781e-01
9.999995676728555827e-01
1.000000000000000000e+00
0.000000000000000000e+00
0.000000000000000000e+00
1.409068485184736947e-06
1.371155970885771837e-06
8.850044840704139121e-07
5.584138519073685621e-07
3.631184833316711968e-07
1.889600409687085209e-07
1.413232478983846343e-07
9.442714372799869748e-08
5.419956246739894274e-08
1.142171576590593262e-07
1.884439422210832667e-07
7.734991344734503560e-08
1.244662259549461027e-07
1.415652278642827868e-07
1.511839686093854417e-07
1.653233953244233673e-07
2.195704128040217382e-07
3.522814175016948423e-07
8.771580135582977255e-07
2.228197363332504732e-01
1.000000000000000000e+00
9.999994148620660050e-01
9.999994139307157859e-01
9.999994176576616489e-01
9.999993654119695430e-01
9.999992929407970355e-01
9.999991687829824505e-01
9.999990512691364630e-01
9.999990041046248335e-01
9.999990376996388264e-01
9.999992099833393544e-01
9.999997823586107559e-01
1.000000000000000000e+00
1.000000000000000000e+00
0.000000000000000000e+00
0.000000000000000000e+00
0.000000000000000000e+00
0.000000000000000000e+00
0.000000000000000000e+00
0.000000000000000000e+00
0.000000000000000000e+00
0.000000000000000000e+00
0.000000000000000000e+00
0.000000000000000000e+00
0.000000000000000000e+00
0.000000000000000000e+00
1.000000000000000000e+00
1.000000000000000000e+00
1.000000000000000000e+00
1.000000000000000000e+00
4.650283950881630157e-01
0.000000000000000000e+00
0.000000000000000000e+00
0.000000000000000000e+00
0.000000000000000000e+00
0.000000000000000000e+00
0.000000000000000000e+00
0.000000000000000000e+00
0.000000000000000000e+00
1.000000000000000000e+00
1.000000000000000000e+00
1.000000000000000000e+00
7.225801125969459893e-01
0.000000000000000000e+00
0.000000000000000000e+00
2.220753559604309644e-07
7.585237022871453611e-07
8.681631152299243772e-07
6.688475675004909359e-07
9.496470075499482411e-01
1.000000000000000000e+00
1.000000000000000000e+00
9.999993218328558919e-01
9.999991456241745791e-01
9.999992130716287564e-01
9.999993774302151639e-01
9.999994900020799937e-01
9.999995548972421266e-01
9.999995799004336439e-01
3.128270887339366646e-01
0.000000000000000000e+00
7.664335438210473553e-07
1.473239532665547428e-06
9.875663431820079686e-07
5.593145064522380744e-07
3.406037161849114210e-07
2.157109573026139235e-07
1.060556625039482722e-07
5.781962982568087632e-08
1.214890024742180038e-07
1.687199431112922906e-07
7.063761931604179126e-08
1.121776762197947296e-07
1.215371536333696646e-07
1.254460550966917869e-07
1.386098047941526262e-07
1.543827559517147827e-07
2.487557293292015028e-07
3.912532999097636934e-07
9.078236311348586317e-07
9.919021826789609198e-07
4.233929445845942621e-03
1.000000000000000000e+00
9.999993795391191043e-01
9.999993066028666222e-01
9.999992992000972247e-01
9.999992408847371284e-01
9.999991723929497756e-01
9.999991082480423898e-01
9.999990812313127586e-01
9.999991052737734476e-01
9.999992119415533898e-01
9.999995176228445581e-01
1.000000000000000000e+00
1.000000000000000000e+00
1.000000000000000000e+00
0.000000000000000000e+00
0.000000000000000000e+00
0.000000000000000000e+00
0.000000000000000000e+00
0.000000000000000000e+00
0.000000000000000000e+00
0.000000000000000000e+00
0.000000000000000000e+00
0.000000000000000000e+00
0.000000000000000000e+00
1.000000000000000000e+00
1.000000000000000000e+00
1.000000000000000000e+00
1.000000000000000000e+00
1.000000000000000000e+00
1.513191771525245755e-01
0.000000000000000000e+00
0.000000000000000000e+00
0.000000000000000000e+00
0.000000000000000000e+00
0.000000000000000000e+00
0.000000000000000000e+00
1.000000000000000000e+00
1.000000000000000000e+00
1.000000000000000000e+00
1.000000000000000000e+00
0.000000000000000000e+00
0.000000000000000000e+00
0.000000000000000000e+00
3.975101097326794650e-07
7.751328219598266561e-07
8.631186285451824482e-07
8.612597397236381176e-07
5.686119821026439793e-07
1.463923564537289099e-06
1.000000000000000000e+00
1.000000000000000000e+00
1.000000000000000000e+00
9.999993780137917954e-01
9.999991480669966348e-01
9.999992087984431732e-01
9.999994021729688987e-01
9.999995177816981551e-01
9.999995886868073836e-01
9.969255130946316212e-01
0.000000000000000000e+00
0.000000000000000000e+00
1.489062059998936420e-06
1.011594656240336781e-06
5.399779286700995136e-07
3.719227094109174320e-07
1.489590751370421336e-07
6.279187524629753444e-08
1.392010687340004623e-07
1.529886682384045246e-07
6.499896412046894362e-08
1.018018555560234003e-07
1.105921146366806977e-07
1.149652578576311988e-07
1.204849407823418157e-07
1.392773602792817108e-07
1.827806143488684692e-07
2.895268728127665550e-07
4.484338468917847959e-07
8.783582658582955651e-07
1.207137342074583780e-06
8.579206759480336940e-07
0.000000000000000000e+00
1.000000000000000000e+00
1.000000000000000000e+00
9.999992761167008082e-01
9.999992079323186678e-01
9.999991747366842043e-01
9.999991546331068459e-01
9.999991631778318846e-01
9.999991936022557537e-01
9.999992796136141227e-01
9.999994625013639560e-01
9.999998148697959444e-01
1.000000000000000000e+00
1.000000000000000000e+00
1.000000000000000000e+00
5.095844111718175751e-02
0.000000000000000000e+00
0.000000000000000000e+00
0.000000000000000000e+00
0.000000000000000000e+00
0.000000000000000000e+00
0.000000000000000000e+00
6.867549622137381071e-01
1.000000000000000000e+00
3.157389215116570003e-01
2.929290702782927913e-01
1.000000000000000000e+00
1.000000000000000000e+00
1.000000000000000000e+00
0.000000000000000000e+00
0.000000000000000000e+00
0.000000000000000000e+00
0.000000000000000000e+00
0.000000000000000000e+00
3.338332821865406808e-01
1.000000000000000000e+00
1.000000000000000000e+00
1.000000000000000000e+00
0.000000000000000000e+00
0.000000000000000000e+00
0.000000000000000000e+00
7.880500051451394767e-08
5.984111782537909312e-07
7.841733873874415169e-07
8.447951935883450359e-07
8.247645528030006575e-07
6.667086741992130700e-07
0.000000000000000000e+00
0.000000000000000000e+00
1.000000000000000000e+00
1.000000000000000000e+00
1.000000000000000000e+00
1.000000000000000000e+00
9.999994899226847256e-01
9.999991245191692801e-01
9.999992563820231384e-01
9.999994632314426202e-01
9.999995888927692977e-01
9.999996553909303865e-01
6.325345920085312379e-01
0.000000000000000000e+00
1.453239743980409696e-06
1.001199656985648263e-06
5.863140520271801707e-07
2.415900116095421356e-07
7.673313658304231121e-08
1.626900240080290690e-07
1.393892740867684070e-07
6.036107781818630888e-08
9.302903193866441434e-08
1.012240379426677801e-07
1.056498610497778980e-07
1.093563358700886953e-07
1.252243801629763245e-07
1.478695290820147579e-07
2.364138939359860156e-07
3.535132572183072338e-07
5.456765966539727908e-07
9.219326521311713989e-07
1.243738900526832601e-06
1.215964920561746636e-06
5.828281164404824179e-07
6.605933635301687590e-07
1.000000000000000000e+00
1.000000000000000000e+00
9.999994220392945943e-01
9.999992929069103642e-01
9.999992549289101751e-01
9.999992512015498658e-01
9.999992661460308518e-01
9.999993144649885757e-01
9.999993776771977094e-01
9.999995472778117067e-01
9.999998017306234166e-01
1.000000000000000000e+00
1.000000000000000000e+00
1.000000000000000000e+00
1.000000000000000000e+00
1.435583233251819246e-01
0.000000000000000000e+00
0.000000000000000000e+00
0.000000000000000000e+00
9.361388984677971870e-01
1.000000000000000000e+00
0.000000000000000000e+00
0.000000000000000000e+00
4.712053590269019709e-01
1.000000000000000000e+00
1.000000000000000000e+00
1.000000000000000000e+00
0.000000000000000000e+00
0.000000000000000000e+00
0.000000000000000000e+00
0.000000000000000000e+00
1.000000000000000000e+00
1.000000000000000000e+00
1.000000000000000000e+00
9.990704608970518708e-01
0.000000000000000000e+00
0.000000000000000000e+00
0.000000000000000000e+00
4.934756463220873263e-07
7.511328786891755868e-07
8.523360009837064942e-07
8.852801567330526273e-07
8.451554068042463388e-07
7.148837176867641923e-07
1.304682111151880884e-07
0.000000000000000000e+00
0.000000000000000000e+00
5.451341389129940249e-04
1.000000000000000000e+00
1.000000000000000000e+00
1.000000000000000000e+00
1.000000000000000000e+00
9.999993268503899468e-01
9.999991357678059689e-01
9.999993947706337094e-01
9.999995798075430598e-01
9.999996709525922345e-01
9.831170656441509115e-01
0.000000000000000000e+00
1.454969130259788690e-06
1.156060235011602971e-06
4.212948020232354220e-07
1.001374879759984102e-07
1.971950167725596583e-07
1.275369416921315160e-07
5.662635312392822286e-08
8.565613779866693269e-08
9.333280699697837611e-08
9.758993426073404033e-08
1.017383940644651174e-07
1.095624077273657796e-07
1.333847661501765306e-07
1.881823517202149493e-07
2.855601693832725106e-07
4.070406449946913081e-07
6.255488913137576138e-07
9.600640537439368288e-07
1.255374171218552169e-06
1.294903560903758616e-06
9.781118389475232009e-07
0.000000000000000000e+00
1.629918992353884561e-03
1.000000000000000000e+00
1.000000000000000000e+00
9.999995680848930979e-01
9.999994039313706562e-01
9.999993543573520993e-01
9.999993353352759629e-01
9.999993320978849409e-01
9.999993462036038672e-01
9.999994256903399492e-01
9.999995532831543743e-01
9.999997737163958123e-01
1.000000000000000000e+00
1.000000000000000000e+00
1.000000000000000000e+00
1.000000000000000000e+00
9.979407991979432069e-01
5.850297014863971024e-01
1.000000000000000000e+00
8.794431124189915350e-01
0.000000000000000000e+00
0.000000000000000000e+00
0.000000000000000000e+00
9.968044131463440483e-01
1.000000000000000000e+00
1.000000000000000000e+00
1.000000000000000000e+00
0.000000000000000000e+00
0.000000000000000000e+00
5.332648694136997713e-01
1.000000000000000000e+00
1.000000000000000000e+00
1.000000000000000000e+00
0.000000000000000000e+00
0.000000000000000000e+00
0.000000000000000000e+00
2.586367089925149998e-07
6.932288263167384918e-07
8.275189502078675404e-07
8.752970787142921884e-07
8.861227608048179397e-07
8.858229578496627794e-07
7.933591909326314283e-07
4.609918767516012157e-07
0.000000000000000000e+00
0.000000000000000000e+00
0.000000000000000000e+00
0.000000000000000000e+00
1.000000000000000000e+00
1.000000000000000000e+00
1.000000000000000000e+00
1.000000000000000000e+00
1.000000000000000000e+00
9.999990915905658806e-01
9.999992895678539995e-01
9.999995650383043388e-01
9.999996772822156155e-01
9.999997304071722715e-01
3.216799397143710326e-01
1.322233491855891284e-06
7.796127020104184377e-07
1.612226443994706570e-07
3.120037777593438920e-07
1.176595405627018226e-07
5.362212808915146486e-08
7.948897464558884826e-08
8.675454644195831896e-08
9.087503803487403090e-08
9.542194247328061925e-08
9.909529376091376321e-08
1.169818393843779993e-07
1.405870753880849739e-07
2.247992388043192627e-07
3.224133715800795413e-07
4.349755266541506456e-07
6.576479411745598434e-07
9.549460912251999807e-07
1.228384588176947471e-06
1.292253397477111777e-06
1.031118976592216825e-06
1.941895719282075550e-07
0.000000000000000000e+00
0.000000000000000000e+00
1.000000000000000000e+00
1.000000000000000000e+00
9.999997222360227367e-01
9.999995374067310872e-01
9.999994409583464750e-01
9.999993916951634976e-01
9.999993855308524360e-01
9.999994253028666735e-01
9.999995104795940115e-01
9.999996673370633582e-01
9.999999066976664741e-01
1.000000000000000000e+00
1.000000000000000000e+00
1.000000000000000000e+00
1.000000000000000000e+00
1.000000000000000000e+00
1.000000000000000000e+00
0.000000000000000000e+00
0.000000000000000000e+00
0.000000000000000000e+00
0.000000000000000000e+00
1.000000000000000000e+00
1.000000000000000000e+00
1.000000000000000000e+00
3.377267323121808107e-01
1.390201095964691685e-03
1.000000000000000000e+00
1.000000000000000000e+00
1.000000000000000000e+00
7.381788934107761380e-01
0.000000000000000000e+00
0.000000000000000000e+00
0.000000000000000000e+00
5.382304487757525902e-07
7.643042371422206953e-07
8.512269635626782439e-07
8.640028218029887926e-07
8.772920939719043028e-07
8.845309292607007816e-07
8.805207365394187668e-07
7.284927377423054853e-07
6.299911702848311878e-08
0.000000000000000000e+00
0.000000000000000000e+00
0.000000000000000000e+00
0.000000000000000000e+00
3.859415104542563424e-01
1.000000000000000000e+00
1.000000000000000000e+00
1.000000000000000000e+00
1.000000000000000000e+00
9.999991036966731084e-01
9.999991719758033470e-01
9.999995081438211031e-01
9.999996836754223573e-01
9.999997920825132169e-01
9.999998225107172845e-01
3.655635331838032881e-02
3.389916015726757770e-07
4.877738279288922679e-07
1.135056306467083370e-07
5.123901573844407243e-08
7.441072666924541917e-08
8.133851281800810724e-08
8.539288831848869589e-08
9.037582695001041422e-08
9.466290613824171467e-08
1.007755476223533152e-07
1.239390651748613822e-07
1.618414592271231205e-07
2.497354888577008004e-07
3.475189480221676726e-07
4.522762154812827494e-07
6.777123991546905223e-07
9.565030669861805287e-07
1.196896267767986180e-06
1.234365134176646748e-06
9.620618902713589694e-07
1.686175616888651124e-07
0.000000000000000000e+00
0.000000000000000000e+00
0.000000000000000000e+00
1.000000000000000000e+00
1.000000000000000000e+00
9.999999256479348286e-01
9.999996835137174855e-01
9.999995684802575058e-01
9.999995139217952023e-01
9.999995219395879653e-01
9.999995952940070598e-01
9.999997325664082837e-01
9.999999359415004951e-01
1.000000000000000000e+00
1.000000000000000000e+00
1.000000000000000000e+00
1.000000000000000000e+00
1.000000000000000000e+00
8.274108520039130665e-01
0.000000000000000000e+00
0.000000000000000000e+00
0.000000000000000000e+00
0.000000000000000000e+00
1.000000000000000000e+00
1.000000000000000000e+00
1.000000000000000000e+00
1.000000000000000000e+00
1.000000000000000000e+00
1.000000000000000000e+00
1.000000000000000000e+00
0.000000000000000000e+00
0.000000000000000000e+00
0.000000000000000000e+00
3.670976127960319997e-07
7.065722122357800221e-07
8.254300361123129410e-07
8.388717491291731980e-07
8.472228295462301906e-07
8.546265719160420706e-07
8.704181912180626870e-07
8.756551615960436549e-07
8.475434700559894788e-07
5.872546607311347368e-07
0.000000000000000000e+00
0.000000000000000000e+00
0.000000000000000000e+00
0.000000000000000000e+00
0.000000000000000000e+00
0.000000000000000000e+00
8.767658453957600795e-01
1.000000000000000000e+00
1.000000000000000000e+00
1.000000000000000000e+00
9.999992694774301194e-01
9.999990135604032160e-01
9.999994688774300755e-01
9.999997517314751505e-01
9.999998409409214251e-01
9.999996215615843953e-01
5.072824204531235504e-01
1.219884446940357843e-06
1.112115262002928431e-07
4.940782692828452869e-08
7.242077712387147017e-08
7.700747327435827744e-08
8.104279441640957637e-08
8.646255399179072359e-08
9.133311989229584309e-08
9.548605526534982595e-08
1.103957955010187332e-07
1.329209172472334784e-07
1.940821661649579695e-07
2.784567789337113428e-07
3.793709158757798944e-07
4.940084457121983104e-07
7.232379348966710694e-07
1.005592786184729033e-06
1.193425896357570090e-06
1.167178787828650473e-06
8.442056390837551702e-07
0.000000000000000000e+00
0.000000000000000000e+00
0.000000000000000000e+00
0.000000000000000000e+00
1.029073505861761301e-02
1.000000000000000000e+00
1.000000000000000000e+00
1.000000000000000000e+00
9.999999366967884384e-01
9.999998223020621912e-01
9.999997963860394190e-01
9.999998424033893496e-01
9.999999631421238044e-01
1.000000000000000000e+00
1.000000000000000000e+00
1.000000000000000000e+00
1.000000000000000000e+00
1.000000000000000000e+00
1.000000000000000000e+00
9.226267743599849691e-01
0.000000000000000000e+00
0.000000000000000000e+00
0.000000000000000000e+00
8.426902900745981695e-01
1.000000000000000000e+00
1.000000000000000000e+00
1.000000000000000000e+00
1.000000000000000000e+00
1.000000000000000000e+00
4.081948721998604479e-01
0.000000000000000000e+00
0.000000000000000000e+00
6.265166964118983383e-08
5.855648054620285969e-07
7.755046271099749248e-07
8.360740824152599463e-07
8.297090038685400859e-07
8.173474451098257025e-07
8.052280426639729370e-07
8.207700069361393100e-07
8.594377413241078230e-07
8.653283110127022065e-07
7.836190777949484268e-07
3.957512491083803649e-07
0.000000000000000000e+00
0.000000000000000000e+00
0.000000000000000000e+00
0.000000000000000000e+00
0.000000000000000000e+00
0.000000000000000000e+00
4.311672108703555328e-01
1.000000000000000000e+00
1.000000000000000000e+00
1.000000000000000000e+00
1.000000000000000000e+00
9.999989456562222712e-01
9.999996275807754298e-01
9.999997482300495566e-01
9.999997879767522635e-01
1.000000000000000000e+00
1.000000000000000000e+00
1.095011288379143432e-07
4.808021746760988287e-08
7.103886517310579908e-08
7.374137732988852487e-08
7.777230043633980421e-08
8.357047546737061427e-08
8.892588162780230833e-08
9.366835937453852128e-08
1.013868076840853492e-07
1.241720903912130894e-07
1.550536655584600278e-07
2.387911133422633528e-07
3.264742995141209030e-07
4.276982598550297150e-07
5.933176969586160138e-07
8.239897428538682111e-07
1.109635448418628015e-06
1.225601975205848310e-06
1.110185574643620899e-06
6.436023686459610698e-07
0.000000000000000000e+00
0.000000000000000000e+00
0.000000000000000000e+00
0.000000000000000000e+00
0.000000000000000000e+00
5.832285576088055423e-01
1.000000000000000000e+00
1.000000000000000000e+00
1.000000000000000000e+00
1.000000000000000000e+00
1.000000000000000000e+00
1.000000000000000000e+00
1.000000000000000000e+00
1.000000000000000000e+00
1.000000000000000000e+00
1.000000000000000000e+00
1.000000000000000000e+00
1.000000000000000000e+00
1.000000000000000000e+00
1.000000000000000000e+00
7.643578563043414986e-01
9.000360794172983236e-02
6.658656660159273377e-01
1.000000000000000000e+00
1.000000000000000000e+00
1.000000000000000000e+00
1.000000000000000000e+00
1.000000000000000000e+00
0.000000000000000000e+00
0.000000000000000000e+00
0.000000000000000000e+00
4.228889723366870469e-07
7.305256567995418571e-07
8.375683343764601341e-07
8.375376891119279415e-07
8.253443714391577620e-07
7.854641501211572764e-07
7.660345834071140375e-07
7.742246424153046590e-07
8.105074793676958742e-07
8.502950100369749351e-07
8.590670295209402957e-07
6.936315213829682750e-07
1.383639869817701336e-08
0.000000000000000000e+00
0.000000000000000000e+00
0.000000000000000000e+00
0.000000000000000000e+00
0.000000000000000000e+00
0.000000000000000000e+00
0.000000000000000000e+00
6.908900057280420448e-01
1.000000000000000000e+00
1.000000000000000000e+00
1.000000000000000000e+00
9.999990839479547811e-01
9.999995265536796296e-01
9.999996973181878301e-01
9.999999538287106526e-01
9.999999039484229746e-01
1.083664391970458933e-07
4.721795800138621528e-08
7.013838076354770360e-08
7.209475726381666007e-08
7.557582247334176143e-08
8.165038934401741699e-08
8.734702679863815284e-08
9.251922389656802737e-08
9.704065888457703948e-08
1.197706705053038987e-07
1.422358669966265568e-07
2.151947594946704324e-07
2.964838268344185891e-07
3.955282956859646076e-07
5.031464356906918285e-07
7.275999589779030153e-07
1.000242343435756673e-06
1.197083865769557134e-06
1.196313804411643591e-06
9.243424924808468043e-07
2.537062618819783529e-07
0.000000000000000000e+00
0.000000000000000000e+00
0.000000000000000000e+00
0.000000000000000000e+00
0.000000000000000000e+00
0.000000000000000000e+00
1.000000000000000000e+00
1.000000000000000000e+00
1.000000000000000000e+00
1.000000000000000000e+00
1.000000000000000000e+00
1.000000000000000000e+00
1.000000000000000000e+00
1.000000000000000000e+00
1.000000000000000000e+00
1.000000000000000000e+00
1.000000000000000000e+00
1.000000000000000000e+00
1.000000000000000000e+00
1.000000000000000000e+00
1.000000000000000000e+00
1.000000000000000000e+00
1.000000000000000000e+00
1.000000000000000000e+00
1.000000000000000000e+00
1.000000000000000000e+00
3.561045462413533480e-01
0.000000000000000000e+00
0.000000000000000000e+00
0.000000000000000000e+00
5.593504906778321537e-07
7.818484813683831772e-07
8.629108413880613379e-07
8.408961048735386410e-07
8.131896777338106198e-07
7.649095689665925539e-07
7.400831774446850750e-07
7.422458394437691501e-07
7.725437749042268219e-07
8.288344065567216021e-07
8.483437888715102024e-07
7.828991703575124993e-07
4.532333217197165557e-07
0.000000000000000000e+00
0.000000000000000000e+00
0.000000000000000000e+00
0.000000000000000000e+00
0.000000000000000000e+00
0.000000000000000000e+00
0.000000000000000000e+00
5.005875052774714896e-07
1.008778259567467972e-01
1.000000000000000000e+00
1.000000000000000000e+00
1.000000000000000000e+00
9.999987977059032751e-01
9.999994093170945231e-01
9.999999853081146250e-01
9.999999824337707510e-01
1.078007315498387096e-07
4.679372774628372937e-08
6.969465663796282169e-08
7.158209563169562486e-08
7.447024229558503328e-08
8.069062774370110964e-08
8.656080328608293286e-08
9.195603121875422567e-08
9.677618358793886439e-08
1.181347169941241170e-07
1.407549586232028749e-07
2.045369951934917418e-07
2.854579881037106317e-07
3.799455507410341475e-07
4.761411264223305040e-07
6.861677705282993923e-07
9.409896796189865954e-07
1.183130513218783728e-06
1.247312679672917748e-06
1.048337354895409711e-06
4.813482304766413119e-07
0.000000000000000000e+00
0.000000000000000000e+00
0.000000000000000000e+00
0.000000000000000000e+00
0.000000000000000000e+00
0.000000000000000000e+00
0.000000000000000000e+00
1.000000000000000000e+00
1.000000000000000000e+00
1.000000000000000000e+00
1.000000000000000000e+00
1.000000000000000000e+00
1.000000000000000000e+00
1.000000000000000000e+00
1.000000000000000000e+00
3.233184024136720458e-02
0.000000000000000000e+00
1.000000000000000000e+00
1.000000000000000000e+00
1.000000000000000000e+00
1.000000000000000000e+00
1.000000000000000000e+00
1.000000000000000000e+00
1.000000000000000000e+00
1.000000000000000000e+00
1.000000000000000000e+00
0.000000000000000000e+00
0.000000000000000000e+00
0.000000000000000000e+00
1.361750320358971210e-07
6.280236740546738274e-07
8.098828665494163444e-07
8.670999359486909874e-07
8.434451421378160775e-07
8.056291511324130995e-07
7.550625941319716764e-07
7.274856196290900476e-07
7.263806922542526016e-07
7.531341493631974944e-07
8.062781124492510530e-07
8.416271500111963308e-07
8.217806721872539904e-07
5.618739129004635649e-07
0.000000000000000000e+00
0.000000000000000000e+00
0.000000000000000000e+00
0.000000000000000000e+00
0.000000000000000000e+00
0.000000000000000000e+00
0.000000000000000000e+00
7.120240673322244027e-07
9.666073782981912415e-07
1.701372967875508235e-01
1.000000000000000000e+00
1.000000000000000000e+00
9.999999291728971507e-01
9.999988690313118544e-01
9.999999847555715027e-01
9.999999976098149501e-01
1.078007604811954501e-07
4.679371743077594414e-08
6.969463343932596824e-08
7.158200448900665232e-08
7.447022882639150642e-08
8.069063262254854949e-08
8.656081661716203343e-08
9.195601182704525259e-08
9.677617389313059589e-08
1.181347009155724337e-07
1.407549484610222608e-07
2.045369915356897293e-07
2.854579547750311294e-07
3.799455642975572874e-07
4.761410425152474901e-07
6.861676604384100569e-07
9.409896749882979186e-07
1.183130551990083598e-06
1.247312755086618335e-06
1.048337269735781491e-06
4.813482626713323744e-07
0.000000000000000000e+00
0.000000000000000000e+00
0.000000000000000000e+00
0.000000000000000000e+00
0.000000000000000000e+00
0.000000000000000000e+00
0.000000000000000000e+00
1.000000000000000000e+00
1.000000000000000000e+00
1.000000000000000000e+00
1.000000000000000000e+00
1.000000000000000000e+00
1.000000000000000000e+00
1.000000000000000000e+00
1.000000000000000000e+00
3.233184075769873767e-02
0.000000000000000000e+00
1.000000000000000000e+00
1.000000000000000000e+00
1.000000000000000000e+00
1.000000000000000000e+00
1.000000000000000000e+00
1.000000000000000000e+00
1.000000000000000000e+00
1.000000000000000000e+00
1.000000000000000000e+00
0.000000000000000000e+00
0.000000000000000000e+00
0.000000000000000000e+00
1.361750089732848121e-07
6.280236942081014246e-07
8.098829131964744029e-07
8.671000996574139983e-07
8.434450710530137400e-07
8.056289947268272180e-07
7.550624850386269796e-07
7.274855660246843077e-07
7.263806122850032073e-07
7.531340386344302763e-07
8.062783703782652281e-07
8.416271772734526523e-07
8.217805643861818274e-07
5.618739314110017277e-07
0.000000000000000000e+00
0.000000000000000000e+00
0.000000000000000000e+00
0.000000000000000000e+00
0.000000000000000000e+00
0.000000000000000000e+00
0.000000000000000000e+00
7.120240191492300660e-07
9.666074221867241946e-07
1.701372968296625543e-01
1.000000000000000000e+00
1.000000000000000000e+00
9.999999291728567385e-01
9.999988690313138529e-01
9.999999847555669508e-01
9.999999976098173926e-01
1.083664378378709519e-07
4.721796334223422369e-08
7.013838595481823002e-08
7.209475247986696674e-08
7.557583001992558318e-08
8.165039496329479016e-08
8.734702950336613114e-08
9.251922078322285851e-08
9.704064382129854171e-08
1.197706536936345984e-07
1.422358596907423936e-07
2.151947793306334691e-07
2.964838279684137522e-07
3.955282965019718497e-07
5.031465383567654504e-07
7.275999934812887841e-07
1.000242290313394631e-06
1.197083957513245721e-06
1.196313932376905117e-06
9.243423557181223646e-07
2.537062903158381004e-07
0.000000000000000000e+00
0.000000000000000000e+00
0.000000000000000000e+00
0.000000000000000000e+00
0.000000000000000000e+00
0.000000000000000000e+00
1.000000000000000000e+00
1.000000000000000000e+00
1.000000000000000000e+00
1.000000000000000000e+00
1.000000000000000000e+00
1.000000000000000000e+00
1.000000000000000000e+00
1.000000000000000000e+00
1.000000000000000000e+00
1.000000000000000000e+00
1.000000000000000000e+00
1.000000000000000000e+00
1.000000000000000000e+00
1.000000000000000000e+00
1.000000000000000000e+00
1.000000000000000000e+00
1.000000000000000000e+00
1.000000000000000000e+00
1.000000000000000000e+00
1.000000000000000000e+00
3.561045461438180904e-01
0.000000000000000000e+00
0.000000000000000000e+00
0.000000000000000000e+00
5.593503996436710907e-07
7.818486332356342898e-07
8.629107766196404393e-07
8.408960937879276047e-07
8.131895928013962350e-07
7.649096454467031743e-07
7.400831278854466404e-07
7.422458956974287218e-07
7.725436821306980013e-07
8.288344191055927485e-07
8.483439667556554815e-07
7.828991898815509945e-07
4.532333644269615845e-07
0.000000000000000000e+00
0.000000000000000000e+00
0.000000000000000000e+00
0.000000000000000000e+00
0.000000000000000000e+00
0.000000000000000000e+00
0.000000000000000000e+00
5.005874774532228895e-07
1.008778260033915269e-01
1.000000000000000000e+00
1.000000000000000000e+00
1.000000000000000000e+00
9.999987977058666377e-01
9.999994093172320797e-01
9.999999853081119605e-01
9.999999824337733045e-01
1.095011068817781557e-07
4.808021833442656839e-08
7.103885981428132955e-08
7.374132502642722883e-08
7.777230692260885461e-08
8.357047213560676355e-08
8.892587343766600108e-08
9.366835591100951059e-08
1.013868048451505855e-07
1.241721193402729244e-07
1.550536582732491595e-07
2.387911446599442838e-07
3.264743054809973837e-07
4.276981640320687290e-07
5.933176908992393001e-07
8.239896102026787550e-07
1.109635446993524092e-06
1.225601965048090928e-06
1.110185537553597786e-06
6.436023331214646952e-07
0.000000000000000000e+00
0.000000000000000000e+00
0.000000000000000000e+00
0.000000000000000000e+00
0.000000000000000000e+00
5.832285575612728978e-01
1.000000000000000000e+00
1.000000000000000000e+00
1.000000000000000000e+00
1.000000000000000000e+00
1.000000000000000000e+00
1.000000000000000000e+00
1.000000000000000000e+00
1.000000000000000000e+00
1.000000000000000000e+00
1.000000000000000000e+00
1.000000000000000000e+00
1.000000000000000000e+00
1.000000000000000000e+00
1.000000000000000000e+00
7.643578547405087686e-01
9.000360704749998941e-02
6.658656664993016783e-01
1.000000000000000000e+00
1.000000000000000000e+00
1.000000000000000000e+00
1.000000000000000000e+00
1.000000000000000000e+00
0.000000000000000000e+00
0.000000000000000000e+00
0.000000000000000000e+00
4.228889694720348542e-07
7.305256660014696740e-07
8.375682261133630503e-07
8.375377342032213158e-07
8.253442788239895860e-07
7.854642814975758053e-07
7.660345414292161511e-07
7.742246776254595894e-07
8.105075747021774595e-07
8.502950481214650213e-07
8.590670541536677475e-07
6.936315687132373913e-07
1.383637464263095739e-08
0.000000000000000000e+00
0.000000000000000000e+00
0.000000000000000000e+00
0.000000000000000000e+00
0.000000000000000000e+00
0.000000000000000000e+00
0.000000000000000000e+00
6.908900056746092311e-01
1.000000000000000000e+00
1.000000000000000000e+00
1.000000000000000000e+00
9.999990839480781268e-01
9.999995265536715250e-01
9.999996973181920490e-01
9.999999538287072109e-01
9.999999039484044339e-01
1.112115541075868695e-07
4.940783465451047941e-08
7.242077348417403249e-08
7.700747710675449301e-08
8.104276882920591994e-08
8.646256931514156898e-08
9.133308919267792623e-08
9.548601597744453566e-08
1.103957865884013722e-07
1.329208937407864401e-07
1.940821362667482452e-07
2.784567603059153915e-07
3.793709342699123310e-07
4.940085609779160336e-07
7.232378031519312749e-07
1.005592756791850589e-06
1.193426078246634845e-06
1.167178868294433122e-06
8.442055436867845763e-07
0.000000000000000000e+00
0.000000000000000000e+00
0.000000000000000000e+00
0.000000000000000000e+00
1.029073514296198477e-02
1.000000000000000000e+00
1.000000000000000000e+00
1.000000000000000000e+00
9.999999366967626813e-01
9.999998223020917232e-01
9.999997963860187689e-01
9.999998424034007849e-01
9.999999631421261359e-01
1.000000000000000000e+00
1.000000000000000000e+00
1.000000000000000000e+00
1.000000000000000000e+00
1.000000000000000000e+00
1.000000000000000000e+00
9.226267725946427634e-01
0.000000000000000000e+00
0.000000000000000000e+00
0.000000000000000000e+00
8.426902893602319367e-01
1.000000000000000000e+00
1.000000000000000000e+00
1.000000000000000000e+00
1.000000000000000000e+00
1.000000000000000000e+00
4.081948719200221842e-01
0.000000000000000000e+00
0.000000000000000000e+00
6.265165808823448339e-08
5.855648254665817892e-07
7.755046078273436783e-07
8.360740252110680481e-07
8.297090141229951723e-07
8.173475375166965125e-07
8.052281020511347588e-07
8.207699634273335565e-07
8.594376668775285972e-07
8.653283017074654868e-07
7.836189903234213866e-07
3.957512172191935459e-07
0.000000000000000000e+00
0.000000000000000000e+00
0.000000000000000000e+00
0.000000000000000000e+00
0.000000000000000000e+00
0.000000000000000000e+00
4.311672109057623214e-01
1.000000000000000000e+00
1.000000000000000000e+00
1.000000000000000000e+00
1.000000000000000000e+00
9.999989456562833334e-01
9.999996275807777613e-01
9.999997482300542195e-01
9.999997879768065534e-01
1.000000000000000000e+00
1.000000000000000000e+00
1.135056255649905108e-07
5.123900319683903926e-08
7.441073034554615482e-08
8.133850980477255805e-08
8.539290063647589278e-08
9.037583342731719430e-08
9.466296846871236010e-08
1.007755406191575007e-07
1.239391015600962794e-07
1.618414692750661745e-07
2.497355104820435680e-07
3.475189715884253749e-07
4.522762999819593058e-07
6.777124600390059483e-07
9.565032005378001007e-07
1.196896149162094826e-06
1.234365062094315731e-06
9.620619525552098876e-07
1.686176054088297740e-07
0.000000000000000000e+00
0.000000000000000000e+00
0.000000000000000000e+00
1.000000000000000000e+00
1.000000000000000000e+00
9.999999256479441545e-01
9.999996835137064943e-01
9.999995684803073548e-01
9.999995139218067486e-01
9.999995219395828583e-01
9.999995952940350374e-01
9.999997325663834147e-01
9.999999359415063793e-01
1.000000000000000000e+00
1.000000000000000000e+00
1.000000000000000000e+00
1.000000000000000000e+00
1.000000000000000000e+00
8.274108506966646459e-01
0.000000000000000000e+00
0.000000000000000000e+00
0.000000000000000000e+00
0.000000000000000000e+00
1.000000000000000000e+00
1.000000000000000000e+00
1.000000000000000000e+00
1.000000000000000000e+00
1.000000000000000000e+00
1.000000000000000000e+00
1.000000000000000000e+00
0.000000000000000000e+00
0.000000000000000000e+00
0.000000000000000000e+00
3.670975793603290904e-07
7.065721258401857835e-07
8.254302090795486400e-07
8.388719594792650647e-07
8.472227785918811639e-07
8.546266386691504207e-07
8.704181173910302522e-07
8.756549557125189376e-07
8.475434977061434797e-07
5.872546134236414895e-07
0.000000000000000000e+00
0.000000000000000000e+00
0.000000000000000000e+00
0.000000000000000000e+00
0.000000000000000000e+00
0.000000000000000000e+00
8.767658459379583658e-01
1.000000000000000000e+00
1.000000000000000000e+00
1.000000000000000000e+00
9.999992694773602864e-01
9.999990135604364117e-01
9.999994688774472840e-01
9.999997517314754836e-01
9.999998409409175393e-01
9.999996215615483131e-01
5.072824202680757955e-01
1.219884576407866605e-06
1.176595410626005907e-07
5.362212992411464623e-08
7.948895934742680396e-08
8.675454927489446147e-08
9.087502491016847283e-08
9.542193991365527435e-08
9.909529466559172298e-08
1.169818666306683982e-07
1.405870737173189176e-07
2.247992339018941843e-07
3.224134128622409231e-07
4.349755796767124604e-07
6.576480153068199655e-07
9.549459784333381181e-07
1.228384601511230447e-06
1.292253464633888184e-06
1.031119076347020208e-06
1.941895763145147328e-07
0.000000000000000000e+00
0.000000000000000000e+00
1.000000000000000000e+00
1.000000000000000000e+00
9.999997222360078597e-01
9.999995374067254250e-01
9.999994409583177202e-01
9.999993916952037987e-01
9.999993855308748625e-01
9.999994253028100522e-01
9.999995104795857959e-01
9.999996673370520339e-01
9.999999066976449358e-01
1.000000000000000000e+00
1.000000000000000000e+00
1.000000000000000000e+00
1.000000000000000000e+00
1.000000000000000000e+00
1.000000000000000000e+00
0.000000000000000000e+00
0.000000000000000000e+00
0.000000000000000000e+00
0.000000000000000000e+00
1.000000000000000000e+00
1.000000000000000000e+00
1.000000000000000000e+00
3.377267338185107048e-01
1.390201118506289397e-03
1.000000000000000000e+00
1.000000000000000000e+00
1.000000000000000000e+00
7.381788929443993119e-01
0.000000000000000000e+00
0.000000000000000000e+00
0.000000000000000000e+00
5.382304073928217633e-07
7.643041352368086004e-07
8.512270228873805974e-07
8.640028757991482234e-07
8.772919564347114873e-07
8.845309659554980043e-07
8.805202729969182131e-07
7.284926529649131647e-07
6.299910705033461348e-08
0.000000000000000000e+00
0.000000000000000000e+00
0.000000000000000000e+00
0.000000000000000000e+00
3.859415101856571995e-01
1.000000000000000000e+00
1.000000000000000000e+00
1.000000000000000000e+00
1.000000000000000000e+00
9.999991036966083824e-01
9.999991719757455044e-01
9.999995081438127764e-01
9.999996836754279084e-01
9.999997920825027808e-01
9.999998225107595839e-01
3.655635327598868306e-02
3.389915834517171833e-07
4.877738549876842874e-07
1.275369191099598682e-07
5.662636860070186143e-08
8.565614480026039911e-08
9.333281891533730784e-08
9.758995318362053414e-08
1.017384009356975927e-07
1.095624403674708776e-07
1.333847500011036502e-07
1.881823071683095089e-07
2.855601301172157734e-07
4.070406614925955967e-07
6.255489551191428148e-07
9.600640655991126613e-07
1.255374220861177715e-06
1.294903554129372063e-06
9.781116614556023514e-07
0.000000000000000000e+00
1.629918990310326747e-03
1.000000000000000000e+00
1.000000000000000000e+00
9.999995680848856594e-01
9.999994039313239158e-01
9.999993543573795218e-01
9.999993353351691594e-01
9.999993320979141398e-01
9.999993462036043113e-01
9.999994256902974277e-01
9.999995532831957856e-01
9.999997737163964784e-01
1.000000000000000000e+00
1.000000000000000000e+00
1.000000000000000000e+00
1.000000000000000000e+00
9.979407983430916840e-01
5.850297008054726744e-01
1.000000000000000000e+00
8.794431126460270365e-01
0.000000000000000000e+00
0.000000000000000000e+00
0.000000000000000000e+00
9.968044132008900826e-01
1.000000000000000000e+00
1.000000000000000000e+00
1.000000000000000000e+00
0.000000000000000000e+00
0.000000000000000000e+00
5.332648698256339248e-01
1.000000000000000000e+00
1.000000000000000000e+00
1.000000000000000000e+00
0.000000000000000000e+00
0.000000000000000000e+00
0.000000000000000000e+00
2.586366897406918239e-07
6.932288245736121313e-07
8.275188949418610908e-07
8.752969443607579378e-07
8.861227658199350607e-07
8.858228516741774970e-07
7.933591145613641181e-07
4.609919345658319600e-07
0.000000000000000000e+00
0.000000000000000000e+00
0.000000000000000000e+00
0.000000000000000000e+00
1.000000000000000000e+00
1.000000000000000000e+00
1.000000000000000000e+00
1.000000000000000000e+00
1.000000000000000000e+00
9.999990915906231681e-01
9.999992895677969340e-01
9.999995650382901280e-01
9.999996772821910795e-01
9.999997304071516213e-01
3.216799397201874355e-01
1.322233593926119579e-06
7.796127424000753379e-07
1.612226576966199999e-07
3.120037658684982845e-07
1.393892488387845185e-07
6.036108438175109942e-08
9.302903599934203108e-08
1.012240356762956971e-07
1.056498625026240954e-07
1.093563572714128098e-07
1.252243968494557964e-07
1.478695010776968000e-07
2.364138395060410807e-07
3.535132938358582810e-07
5.456765222133558300e-07
9.219324841040068664e-07
1.243738827665145088e-06
1.215964891115089223e-06
5.828281324089030759e-07
6.605933866377696612e-07
1.000000000000000000e+00
1.000000000000000000e+00
9.999994220392125488e-01
9.999992929068854952e-01
9.999992549289500321e-01
9.999992512014714841e-01
9.999992661459500276e-01
9.999993144649467203e-01
9.999993776771598508e-01
9.999995472778352434e-01
9.999998017306274134e-01
1.000000000000000000e+00
1.000000000000000000e+00
1.000000000000000000e+00
1.000000000000000000e+00
1.435583220696002582e-01
0.000000000000000000e+00
0.000000000000000000e+00
0.000000000000000000e+00
9.361388986872526408e-01
1.000000000000000000e+00
0.000000000000000000e+00
0.000000000000000000e+00
4.712053582891762016e-01
1.000000000000000000e+00
1.000000000000000000e+00
1.000000000000000000e+00
0.000000000000000000e+00
0.000000000000000000e+00
0.000000000000000000e+00
0.000000000000000000e+00
1.000000000000000000e+00
1.000000000000000000e+00
1.000000000000000000e+00
9.990704608918694607e-01
0.000000000000000000e+00
0.000000000000000000e+00
0.000000000000000000e+00
4.934756518111221342e-07
7.511329371352852865e-07
8.523359166167695050e-07
8.852801602898478403e-07
8.451554637769977074e-07
7.148838403775765427e-07
1.304682304525512423e-07
0.000000000000000000e+00
0.000000000000000000e+00
5.451341314283951467e-04
1.000000000000000000e+00
1.000000000000000000e+00
1.000000000000000000e+00
1.000000000000000000e+00
9.999993268503611921e-01
9.999991357679750559e-01
9.999993947706128372e-01
9.999995798074993170e-01
9.999996709526393079e-01
9.831170656233615412e-01
0.000000000000000000e+00
1.454968969012537812e-06
1.156060277575857297e-06
4.212949417136066358e-07
1.001374910644869605e-07
1.971950177185976016e-07
1.529886818010731002e-07
6.499896304325635466e-08
1.018018643963012358e-07
1.105921115672704131e-07
1.149652483318903360e-07
1.204849530686415630e-07
1.392773744880286110e-07
1.827806177162343985e-07
2.895268908553359551e-07
4.484338764038084297e-07
8.783580582924271481e-07
1.207137435189411610e-06
8.579206288917791009e-07
0.000000000000000000e+00
1.000000000000000000e+00
1.000000000000000000e+00
9.999992761168459143e-01
9.999992079323467564e-01
9.999991747368144335e-01
9.999991546330919689e-01
9.999991631779808765e-01
9.999991936022305516e-01
9.999992796136293327e-01
9.999994625013156613e-01
9.999998148697842870e-01
1.000000000000000000e+00
1.000000000000000000e+00
1.000000000000000000e+00
5.095844004764888552e-02
0.000000000000000000e+00
0.000000000000000000e+00
0.000000000000000000e+00
0.000000000000000000e+00
0.000000000000000000e+00
0.000000000000000000e+00
6.867549627009488233e-01
1.000000000000000000e+00
3.157389213305886178e-01
2.929290698235363921e-01
1.000000000000000000e+00
1.000000000000000000e+00
1.000000000000000000e+00
0.000000000000000000e+00
0.000000000000000000e+00
0.000000000000000000e+00
0.000000000000000000e+00
0.000000000000000000e+00
3.338332826291732225e-01
1.000000000000000000e+00
1.000000000000000000e+00
1.000000000000000000e+00
0.000000000000000000e+00
0.000000000000000000e+00
0.000000000000000000e+00
7.880499375055213353e-08
5.984112265647688758e-07
7.841734784880823842e-07
8.447951322508629597e-07
8.247645974695945708e-07
6.667086081988172662e-07
0.000000000000000000e+00
0.000000000000000000e+00
1.000000000000000000e+00
1.000000000000000000e+00
1.000000000000000000e+00
1.000000000000000000e+00
9.999994899225752576e-01
9.999991245190682498e-01
9.999992563821418212e-01
9.999994632315253318e-01
9.999995888927954990e-01
9.999996553909489272e-01
6.325345920698371982e-01
0.000000000000000000e+00
1.453239597978322924e-06
1.001199576734509268e-06
5.863141288505346934e-07
2.415900388025750072e-07
7.673314656804729675e-08
1.626900343478189132e-07
1.687199338108932938e-07
7.063761819941716955e-08
1.121776875001329891e-07
1.215371394547709964e-07
1.254460513656082160e-07
1.386098157482829468e-07
1.543827531150940072e-07
2.487557554523607170e-07
3.912533447434773660e-07
9.078235351894123934e-07
9.919022186582712119e-07
4.233929436761388332e-03
1.000000000000000000e+00
9.999993795392363438e-01
9.999993066029587707e-01
9.999992992000621417e-01
9.999992408848341618e-01
9.999991723928997045e-01
9.999991082481605176e-01
9.999990812313362953e-01
9.999991052737020603e-01
9.999992119415699321e-01
9.999995176228116955e-01
1.000000000000000000e+00
1.000000000000000000e+00
1.000000000000000000e+00
0.000000000000000000e+00
0.000000000000000000e+00
0.000000000000000000e+00
0.000000000000000000e+00
0.000000000000000000e+00
0.000000000000000000e+00
0.000000000000000000e+00
0.000000000000000000e+00
0.000000000000000000e+00
0.000000000000000000e+00
1.000000000000000000e+00
1.000000000000000000e+00
1.000000000000000000e+00
1.000000000000000000e+00
1.000000000000000000e+00
1.513191784563136244e-01
0.000000000000000000e+00
0.000000000000000000e+00
0.000000000000000000e+00
0.000000000000000000e+00
0.000000000000000000e+00
0.000000000000000000e+00
1.000000000000000000e+00
1.000000000000000000e+00
1.000000000000000000e+00
1.000000000000000000e+00
0.000000000000000000e+00
0.000000000000000000e+00
0.000000000000000000e+00
3.975101274990272388e-07
7.751328038704090284e-07
8.631187010129011738e-07
8.612597250301590639e-07
5.686119834806653640e-07
1.463923515955924473e-06
1.000000000000000000e+00
1.000000000000000000e+00
1.000000000000000000e+00
9.999993780137190758e-01
9.999991480669908617e-01
9.999992087985080103e-01
9.999994021729777804e-01
9.999995177816738412e-01
9.999995886867707462e-01
9.969255130646771379e-01
0.000000000000000000e+00
0.000000000000000000e+00
1.489061988842153858e-06
1.011594554976332444e-06
5.399779365426110256e-07
3.719226750600802854e-07
1.489590626399915099e-07
6.279188023034015330e-08
1.392011020077531337e-07
1.884438963778549488e-07
7.734989945870343194e-08
1.244662271262494143e-07
1.415652469904411869e-07
1.511839683804678791e-07
1.653233751041017136e-07
2.195704171523404677e-07
3.522813635663913405e-07
8.771579932402567924e-07
2.228197361443491897e-01
1.000000000000000000e+00
9.999994148621439427e-01
9.999994139306666030e-01
9.999994176576229021e-01
9.999993654119486708e-01
9.999992929408403342e-01
9.999991687830976916e-01
9.999990512692834566e-01
9.999990041046624700e-01
9.999990376994639663e-01
9.999992099835482984e-01
9.999997823585857759e-01
1.000000000000000000e+00
1.000000000000000000e+00
0.000000000000000000e+00
0.000000000000000000e+00
0.000000000000000000e+00
0.000000000000000000e+00
0.000000000000000000e+00
0.000000000000000000e+00
0.000000000000000000e+00
0.000000000000000000e+00
0.000000000000000000e+00
0.000000000000000000e+00
0.000000000000000000e+00
0.000000000000000000e+00
1.000000000000000000e+00
1.000000000000000000e+00
1.000000000000000000e+00
1.000000000000000000e+00
4.650283962617851041e-01
0.000000000000000000e+00
0.000000000000000000e+00
0.000000000000000000e+00
0.000000000000000000e+00
0.000000000000000000e+00
0.000000000000000000e+00
0.000000000000000000e+00
0.000000000000000000e+00
1.000000000000000000e+00
1.000000000000000000e+00
1.000000000000000000e+00
7.225801120702796121e-01
0.000000000000000000e+00
0.000000000000000000e+00
2.220753449813810404e-07
7.585238567925683618e-07
8.681630506554818585e-07
6.688476035494468180e-07
9.496470076336051003e-01
1.000000000000000000e+00
1.000000000000000000e+00
9.999993218328525613e-01
9.999991456241010823e-01
9.999992130716844896e-01
9.999993774302171623e-01
9.999994900021802469e-01
9.999995548971439829e-01
9.999995799004326447e-01
3.128270885860869321e-01
0.000000000000000000e+00
7.664334967440918064e-07
1.473239602886926096e-06
9.875663838037929774e-07
5.593145546840775189e-07
3.406036954865612178e-07
2.157109583644045571e-07
1.060556579699801436e-07
5.781964134341506156e-08
1.214889920792512159e-07
2.435245089382354138e-07
9.066652453584261885e-08
1.502204413536525239e-07
1.775748468550811077e-07
1.898080982361415488e-07
2.066137813330731537e-07
3.067710522437441510e-07
1.000000000000000000e+00
1.000000000000000000e+00
9.999993038019584501e-01
9.999993779708902242e-01
9.999994630279540608e-01
9.999994489856890434e-01
9.999993769818695810e-01
9.999992473502730128e-01
9.999990678915298137e-01
9.999989728122121724e-01
9.999990024624855200e-01
9.999991811770332362e-01
9.999996851853053537e-01
1.000000000000000000e+00
1.000000000000000000e+00
6.108926983705250703e-05
0.000000000000000000e+00
0.000000000000000000e+00
0.000000000000000000e+00
0.000000000000000000e+00
0.000000000000000000e+00
0.000000000000000000e+00
0.000000000000000000e+00
0.000000000000000000e+00
0.000000000000000000e+00
0.000000000000000000e+00
0.000000000000000000e+00
0.000000000000000000e+00
3.078902529029940993e-01
1.000000000000000000e+00
1.000000000000000000e+00
1.000000000000000000e+00
7.782978549929312484e-01
0.000000000000000000e+00
0.000000000000000000e+00
0.000000000000000000e+00
0.000000000000000000e+00
0.000000000000000000e+00
0.000000000000000000e+00
0.000000000000000000e+00
0.000000000000000000e+00
0.000000000000000000e+00
9.002438333525413228e-01
1.000000000000000000e+00
1.000000000000000000e+00
1.000000000000000000e+00
0.000000000000000000e+00
0.000000000000000000e+00
5.981176232754062959e-08
5.266393291661746400e-07
4.157227441424377404e-03
1.000000000000000000e+00
1.000000000000000000e+00
9.999994073156014407e-01
9.999991593742239004e-01
9.999992234977325145e-01
9.999993829738110795e-01
9.999994842259314343e-01
9.999995439497827432e-01
9.999995676728267169e-01
1.000000000000000000e+00
0.000000000000000000e+00
0.000000000000000000e+00
1.409068285415642062e-06
1.371156100495070526e-06
8.850044470684288620e-07
5.584138956837523413e-07
3.631185238292708524e-07
1.889600254959352270e-07
1.413232102644576837e-07
9.442714808474909733e-08
5.419956707684568098e-08
1.142171238221026558e-07
3.057323382214869226e-07
1.112233272803684724e-07
1.939891944318038107e-07
2.211219633160690583e-07
2.093631439758812385e-01
1.000000000000000000e+00
1.000000000000000000e+00
1.000000000000000000e+00
9.999989858389896069e-01
9.999993503449491339e-01
9.999994611301102898e-01
9.999994621338340606e-01
9.999993914561663422e-01
9.999992188822710570e-01
9.999991845683049441e-01
9.999993772889933519e-01
9.999998845153996729e-01
1.000000000000000000e+00
1.000000000000000000e+00
1.000000000000000000e+00
8.002471743151572392e-01
2.944545508190294366e-07
4.419438975306963702e-07
4.029363563314663824e-07
2.343429974920879582e-07
0.000000000000000000e+00
0.000000000000000000e+00
0.000000000000000000e+00
0.000000000000000000e+00
0.000000000000000000e+00
0.000000000000000000e+00
0.000000000000000000e+00
0.000000000000000000e+00
0.000000000000000000e+00
0.000000000000000000e+00
1.000000000000000000e+00
1.000000000000000000e+00
1.000000000000000000e+00
1.000000000000000000e+00
0.000000000000000000e+00
0.000000000000000000e+00
0.000000000000000000e+00
0.000000000000000000e+00
0.000000000000000000e+00
3.412051716263111980e-08
0.000000000000000000e+00
0.000000000000000000e+00
0.000000000000000000e+00
0.000000000000000000e+00
0.000000000000000000e+00
1.000000000000000000e+00
1.000000000000000000e+00
1.000000000000000000e+00
7.579718232677251644e-01
0.000000000000000000e+00
0.000000000000000000e+00
8.821893624113823495e-01
1.000000000000000000e+00
9.999997857377298516e-01
9.999992328691437171e-01
9.999992446178997962e-01
9.999993928579324898e-01
9.999994871220713177e-01
9.999995453350041252e-01
9.999995640648575712e-01
9.999995337666159889e-01
0.000000000000000000e+00
0.000000000000000000e+00
1.170803215347174656e-06
1.483984920407776521e-06
1.162292928846639548e-06
7.660915199759377075e-07
5.210699684864010298e-07
3.627064583841238424e-07
2.130851867164690041e-07
1.305858596835654023e-07
1.016150000169583014e-07
8.504632566752376313e-08
5.148306208992517847e-08
1.107747319690421418e-07
3.787479275528585877e-07
1.402038754198039009e-07
1.000000000000000000e+00
1.000000000000000000e+00
1.000000000000000000e+00
1.000000000000000000e+00
9.999986012361216092e-01
9.999991984087961416e-01
9.999994884880166746e-01
9.999995617346888466e-01
9.999995961702010661e-01
9.999996075720286592e-01
9.999995261224166043e-01
9.999993888949368914e-01
9.999998323233192377e-01
1.000000000000000000e+00
1.000000000000000000e+00
1.000000000000000000e+00
1.000000000000000000e+00
4.280649272229087310e-01
1.345983788286236014e-03
9.954516914602216171e-07
1.026622201291328519e-06
1.004093425041735877e-06
9.321505562096675983e-07
8.205595844882105837e-07
5.968645685892062421e-07
1.953124212985292059e-07
0.000000000000000000e+00
0.000000000000000000e+00
0.000000000000000000e+00
0.000000000000000000e+00
1.537952403430438084e-02
4.554294562687754011e-01
9.729523181061578985e-01
1.000000000000000000e+00
1.000000000000000000e+00
1.000000000000000000e+00
1.288854328854289744e-01
0.000000000000000000e+00
0.000000000000000000e+00
0.000000000000000000e+00
2.650597550950479266e-07
4.785507085030132498e-07
5.405880216446958541e-07
4.580432855239391603e-07
1.832756002345026706e-07
0.000000000000000000e+00
0.000000000000000000e+00
0.000000000000000000e+00
7.066019093982142119e-01
1.000000000000000000e+00
1.000000000000000000e+00
1.000000000000000000e+00
1.000000000000000000e+00
1.000000000000000000e+00
1.000000000000000000e+00
9.999993464012939537e-01
9.999993105533042659e-01
9.999994195811727771e-01
9.999994906560455421e-01
9.999995398796136525e-01
9.999995591138554074e-01
9.999995445621182588e-01
9.992398784311113946e-01
0.000000000000000000e+00
9.006582924059959324e-07
1.463676559788464483e-06
1.350716133442605224e-06
9.289284982227600813e-07
6.284307479042510085e-07
4.704353419391739420e-07
3.338382905103804115e-07
2.104766800374524782e-07
1.360220190890463120e-07
9.782806927397130437e-08
9.088352400308778139e-08
7.719722103417171186e-08
4.945971989916568171e-08
1.083129127962490044e-07
1.000000000000000000e+00
1.000000000000000000e+00
1.000000000000000000e+00
1.000000000000000000e+00
9.999985718306835247e-01
9.999992880293055997e-01
9.999995831307200156e-01
9.999997044773374366e-01
9.999997702039356007e-01
9.999998112113560600e-01
9.999998364414949270e-01
9.999998505531976223e-01
9.999998547206344623e-01
9.999998496600658315e-01
9.999998282392751348e-01
9.999997639868947186e-01
1.000000000000000000e+00
1.000000000000000000e+00
1.000000000000000000e+00
1.000000000000000000e+00
1.000000000000000000e+00
1.000000000000000000e+00
1.000000000000000000e+00
1.000000000000000000e+00
1.000000000000000000e+00
1.000000000000000000e+00
1.000000000000000000e+00
1.000000000000000000e+00
1.000000000000000000e+00
1.000000000000000000e+00
1.000000000000000000e+00
1.000000000000000000e+00
1.000000000000000000e+00
1.000000000000000000e+00
1.000000000000000000e+00
1.000000000000000000e+00
1.000000000000000000e+00
6.288091525608281440e-01
0.000000000000000000e+00
0.000000000000000000e+00
3.590680327566614733e-07
6.251180909680541910e-07
7.582375083314142454e-07
7.887585005501185592e-07
7.132788999234247527e-07
5.178812309689343730e-07
5.797634248096582635e-03
2.146471379766664023e-01
6.532580238030955000e-01
1.000000000000000000e+00
1.000000000000000000e+00
1.000000000000000000e+00
1.000000000000000000e+00
1.000000000000000000e+00
9.999996161421466079e-01
9.999993823956566663e-01
9.999994490556756155e-01
9.999995051570463866e-01
9.999995381919842830e-01
9.999995629606371894e-01
9.999995761079031320e-01
9.999995609113616624e-01
9.999999135867975175e-01
0.000000000000000000e+00
5.074375267938612697e-07
1.394898436960891984e-06
1.397528910648413050e-06
1.073183430814039088e-06
7.544569280877606279e-07
5.340712772588618356e-07
4.086870833950363097e-07
2.919851186053574355e-07
1.798084439419788391e-07
1.315124127896598908e-07
9.757436661368580099e-08
8.753240298571858642e-08
8.151393640064083084e-08
7.109750066684093364e-08
4.799124493538746461e-08
1.066218478958725371e-07
1.000000000000000000e+00
9.999992891792875982e-01
9.999995773120036180e-01
9.999997846810618762e-01
9.999998812318687813e-01
9.999999532843704131e-01
9.999999935715407906e-01
1.000000000000000000e+00
1.000000000000000000e+00
1.000000000000000000e+00
1.000000000000000000e+00
1.000000000000000000e+00
1.000000000000000000e+00
1.000000000000000000e+00
1.000000000000000000e+00
1.000000000000000000e+00
9.999999975842395195e-01
9.999999856622622252e-01
9.999999751287484973e-01
9.999999664902122776e-01
9.999999584459879909e-01
9.999999366863885353e-01
9.999998752669477797e-01
9.999997490408935041e-01
9.999996715286733062e-01
9.999996607191725673e-01
9.999996841541304304e-01
9.999997592592242412e-01
9.999998765123616629e-01
1.000000000000000000e+00
1.000000000000000000e+00
1.000000000000000000e+00
1.000000000000000000e+00
1.000000000000000000e+00
1.000000000000000000e+00
1.000000000000000000e+00
1.000000000000000000e+00
1.000000000000000000e+00
1.000000000000000000e+00
1.000000000000000000e+00
1.000000000000000000e+00
1.000000000000000000e+00
1.000000000000000000e+00
1.000000000000000000e+00
1.000000000000000000e+00
1.000000000000000000e+00
1.000000000000000000e+00
1.000000000000000000e+00
1.000000000000000000e+00
1.000000000000000000e+00
1.000000000000000000e+00
9.999995008007486197e-01
9.999993726321184662e-01
9.999994574449914131e-01
9.999995246176744956e-01
9.999995585804389853e-01
9.999995775688832467e-01
9.999995802775489828e-01
9.999995885374770577e-01
9.999995688881330169e-01
9.999995003898485280e-01
9.965289756312722957e-01
0.000000000000000000e+00
1.221341436665143869e-06
1.411740647217013155e-06
1.153189891117088428e-06
8.181243360811642079e-07
5.664512089881270713e-07
4.588089773686507732e-07
3.445468486878572975e-07
2.444191938244706350e-07
1.543620608157891795e-07
1.201173150046751395e-07
9.516765676029249043e-08
8.675057052916908579e-08
7.840217657145265000e-08
7.355047036476172001e-08
6.959940504770144140e-08
4.696346960362973391e-08
1.055583694850734150e-07
9.999999142398502405e-01
9.999998934620660807e-01
9.999998909876715025e-01
9.999999004596834551e-01
9.999999396004142227e-01
9.999999730817652477e-01
1.000000000000000000e+00
1.000000000000000000e+00
1.000000000000000000e+00
1.000000000000000000e+00
1.000000000000000000e+00
1.000000000000000000e+00
1.000000000000000000e+00
1.000000000000000000e+00
1.000000000000000000e+00
1.000000000000000000e+00
1.000000000000000000e+00
1.000000000000000000e+00
1.000000000000000000e+00
1.000000000000000000e+00
9.999999967445204474e-01
9.999999942492776572e-01
9.999999933390729678e-01
9.999999933301413346e-01
9.999999932833303351e-01
9.999999921238215128e-01
9.999999903862981654e-01
9.999999887150128330e-01
9.999999871126343809e-01
9.999999858861222668e-01
9.999999714736209633e-01
9.999999418877839608e-01
9.999999080881485369e-01
9.999998351607444214e-01
9.999997603730504947e-01
9.999996547443688044e-01
9.999995552773688345e-01
9.999994933827761612e-01
9.999994502587790102e-01
9.999994420494628944e-01
9.999994308124078302e-01
9.999994340869908793e-01
9.999994341317957058e-01
9.999994268418436194e-01
9.999994184452005719e-01
9.999994098440966317e-01
9.999993950118820640e-01
9.999993687279387089e-01
9.999993484577579528e-01
9.999993111227011289e-01
9.999993342576113386e-01
9.999993923390130268e-01
9.999994634127388204e-01
9.999994932160463090e-01
9.999995003149000361e-01
9.999994920316369607e-01
9.999994709700589235e-01
9.999994508865649445e-01
9.999994040631777770e-01
9.999994004642688283e-01
0.000000000000000000e+00
6.478204319700751387e-07
1.323501478030656426e-06
1.243403417582718471e-06
8.849584981819621677e-07
6.443927134823339746e-07
4.982842302118998278e-07
4.063640013991895306e-07
3.180330986627873575e-07
2.346153201242669691e-07
1.553421264647361899e-07
1.253243276843656558e-07
9.614741568840120309e-08
8.858459492904818797e-08
8.106480412070019190e-08
7.393677665672816603e-08
6.977149486094919749e-08
6.851778938179380852e-08
4.629819464209712179e-08
1.051464514398703791e-07
9.999999154424832337e-01
9.999998548710455903e-01
9.999998679712605032e-01
9.999999027032587806e-01
9.999999581748845179e-01
9.999999950424545148e-01
1.000000000000000000e+00
1.000000000000000000e+00
1.000000000000000000e+00
1.000000000000000000e+00
1.000000000000000000e+00
1.000000000000000000e+00
1.000000000000000000e+00
1.000000000000000000e+00
1.000000000000000000e+00
9.999999969701633962e-01
9.999999921957638538e-01
9.999999880377942185e-01
9.999999841877368345e-01
9.999999803216780281e-01
9.999999765224982795e-01
9.999999733034165006e-01
9.999999712755186509e-01
9.999999699211522541e-01
9.999999688548586452e-01
9.999999675050019743e-01
9.999999660805498625e-01
9.999999649499332621e-01
9.999999647266344383e-01
9.999999661180064559e-01
9.999999696093710977e-01
9.999999752847250623e-01
9.999999830337716888e-01
9.999999907639137708e-01
1.000000000000000000e+00
1.000000000000000000e+00
1.000000000000000000e+00
1.000000000000000000e+00
1.000000000000000000e+00
1.000000000000000000e+00
9.999999994964449135e-01
9.999999615236144779e-01
9.999999249653156452e-01
9.999998879286424724e-01
9.999998513971215530e-01
9.999998215196348461e-01
9.999997988631195156e-01
9.999997812837836397e-01
9.999997611834503530e-01
9.999997357354404315e-01
9.999997177747016464e-01
9.999997022612369113e-01
9.999996840935484466e-01
9.999996506780005623e-01
9.999995973412020289e-01
9.999995276131499189e-01
9.999994090955039994e-01
9.999993203042857326e-01
1.000000000000000000e+00
0.000000000000000000e+00
1.280060490320029449e-06
1.278706231287324990e-06
9.543180679417453268e-07
6.891698345124780707e-07
5.172307856794262718e-07
4.237310555961702287e-07
3.350265332703742134e-07
2.568191666520683413e-07
1.746688233017107870e-07
1.387379345445992843e-07
1.091863715965743623e-07
9.282417238913486348e-08
8.532972763076608585e-08
7.836112869548605789e-08
7.212781508900497768e-08
6.950756408669535351e-08
6.858096974716440494e-08
6.776552323363661107e-08
4.589069398577650249e-08
1.047601959172867059e-07
9.999999278744312603e-01
9.999999101230631071e-01
9.999999515507449477e-01
9.999999783620022731e-01
9.999999917761914769e-01
9.999999851587334510e-01
9.999999749916512748e-01
9.999999622750236350e-01
9.999999534746684127e-01
9.999999488332971254e-01
9.999999480892323156e-01
9.999999488666307945e-01
9.999999488953160709e-01
9.999999474732712557e-01
9.999999461224532427e-01
9.999999473024003827e-01
9.999999525334412054e-01
9.999999608947388596e-01
9.999999698441447427e-01
9.999999769276795014e-01
9.999999809849783317e-01
9.999999821897936902e-01
9.999999810742313811e-01
9.999999778393270367e-01
9.999999725812565021e-01
9.999999653011798495e-01
9.999999563737711483e-01
9.999999464382662850e-01
9.999999366381050470e-01
9.999999285485178246e-01
9.999999238308836524e-01
9.999999239246515348e-01
9.999999298572003203e-01
9.999999422409281413e-01
9.999999610408523143e-01
9.999999839393711731e-01
1.000000000000000000e+00
1.000000000000000000e+00
1.000000000000000000e+00
1.000000000000000000e+00
1.000000000000000000e+00
1.000000000000000000e+00
9.999999938539748667e-01
9.999999840624452796e-01
9.999999749820316364e-01
9.999999656613962618e-01
9.999999537361526913e-01
9.999999383467472747e-01
9.999999169123801046e-01
9.999998966227829911e-01
9.999998670521709210e-01
9.999998402893301996e-01
9.999997949149778131e-01
9.999996327436306842e-01
9.999995106169180525e-01
1.000000000000000000e+00
1.000000000000000000e+00
1.119383517942639311e-06
1.074859142766410540e-06
7.541483923156996650e-07
5.455237840548734337e-07
4.373151385014018874e-07
3.343297718598134765e-07
2.409089422372121375e-07
1.616447655488903833e-07
1.270043632259179908e-07
9.358514524471545215e-08
8.013112170183489712e-08
6.980605080756240892e-08
5.996834428874687640e-08
5.520276377532846030e-08
5.293329478512408602e-08
5.097665125903052858e-08
4.935088769874304473e-08
4.805946491740892726e-08
4.707401052964882021e-08
4.638377516103954312e-08
4.591688209533035100e-08
5.582925695219623552e-08
7.054717353961007673e-08
9.999999701295675392e-01
9.999999571134506882e-01
9.999999834735316950e-01
9.999999996352098020e-01
1.000000000000000000e+00
9.999999935408785401e-01
9.999999842795499472e-01
9.999999750845549595e-01
9.999999692657817185e-01
9.999999664348783179e-01
9.999999658541712799e-01
9.999999661370102544e-01
9.999999661666244544e-01
9.999999657272227171e-01
9.999999657168996414e-01
9.999999674370442238e-01
9.999999715760359287e-01
9.999999775634840216e-01
9.999999839475967045e-01
9.999999892548443459e-01
9.999999925581424254e-01
9.999999937298433839e-01
9.999999930157316141e-01
9.999999907628516205e-01
9.999999871984545097e-01
9.999999824639287382e-01
9.999999767395083561e-01
9.999999703988565747e-01
9.999999641127835792e-01
9.999999589104658915e-01
9.999999559723052878e-01
9.999999563594673679e-01
9.999999607199092644e-01
9.999999691551342273e-01
9.999999811569139085e-01
9.999999950419071748e-01
1.000000000000000000e+00
1.000000000000000000e+00
1.000000000000000000e+00
1.000000000000000000e+00
1.000000000000000000e+00
9.999999970365991420e-01
9.999999907124406118e-01
9.999999853303618291e-01
9.999999799103997944e-01
9.999999713891677411e-01
9.999999611901402297e-01
9.999999455622413658e-01
9.999999312873140145e-01
9.999999106233899981e-01
9.999998911576596372e-01
9.999998691426527087e-01
9.999998158428352601e-01
9.999996899807438444e-01
1.000000000000000000e+00
1.000000000000000000e+00
0.000000000000000000e+00
8.061040888515101563e-07
1.389482707201458791e-06
1.335643213554160846e-06
1.104094800408967760e-06
8.689084981209735309e-07
6.950327718923274953e-07
5.635012231200104597e-07
4.883954934485186778e-07
4.130686518875645416e-07
3.448522363404016625e-07
2.834733656817124055e-07
2.223395459292375560e-07
1.747160580896551415e-07
1.542043200251604173e-07
1.353449737805431174e-07
1.188334602183538611e-07
1.122020542700028545e-07
1.090748101703071323e-07
1.069520211249514554e-07
1.060321756694612570e-07
1.051344352829210580e-07
7.056555426761315916e-08
2.508505625386634825e-07
