9.999900826264810361e-01
9.999545419693591786e-01
9.999794548877986022e-01
1.000000000000000000e+00
9.999694774695204735e-01
9.999621276177279583e-01
1.000000000000000000e+00
1.000000000000000000e+00
9.999588317492599243e-01
9.999602165364177564e-01
9.999602270559015960e-01
9.999602636049546023e-01
9.999603182230912823e-01
9.999603840585079562e-01
9.999668808562036659e-01
9.988194658066249509e-01
9.773380535613663822e-01
7.775390504244232837e-01
4.918361159432659835e-01
2.771739876597071328e-01
0.000000000000000000e+00
0.000000000000000000e+00
1.020144252723999140e-01
6.288092198759821505e-01
9.809103104435187293e-01
9.999704500197688084e-01
9.999726301425567732e-01
9.999747997953974954e-01
9.999769479375821835e-01
9.999790682719925661e-01
9.999811500581115009e-01
9.999831775197118855e-01
9.999851297503786762e-01
9.999869815738774426e-01
9.999887082382447057e-01
9.999902878798324624e-01
9.999915815961194498e-01
9.999924193744305079e-01
9.999930892746941025e-01
9.999935758802689367e-01
9.999938678457650498e-01
9.999939550925828202e-01
9.999938296980660501e-01
9.999934842358254583e-01
9.999929138924186223e-01
9.999921165902198039e-01
9.999910938086020717e-01
9.999898506963906808e-01
9.999883968539288182e-01
9.999867393298699225e-01
9.999854369362428663e-01
9.999846883980967327e-01
9.999811213508891239e-01
9.999781231202456988e-01
1.000000000000000000e+00
1.000000000000000000e+00
9.999687303229471969e-01
1.000000000000000000e+00
1.000000000000000000e+00
1.000000000000000000e+00
1.000000000000000000e+00
1.000000000000000000e+00
1.000000000000000000e+00
1.000000000000000000e+00
1.000000000000000000e+00
1.000000000000000000e+00
1.000000000000000000e+00
1.000000000000000000e+00
1.000000000000000000e+00
1.000000000000000000e+00
1.000000000000000000e+00
1.000000000000000000e+00
1.000000000000000000e+00
1.000000000000000000e+00
1.000000000000000000e+00
1.000000000000000000e+00
1.000000000000000000e+00
1.000000000000000000e+00
1.000000000000000000e+00
1.000000000000000000e+00
1.000000000000000000e+00
1.000000000000000000e+00
1.000000000000000000e+00
6.783283220252748213e-01
3.213684225407713035e-01
2.291057688205380416e-01
1.856074254191178996e-01
1.029578722474876612e-01
1.106546481654337687e-02
0.000000000000000000e+00
0.000000000000000000e+00
4.009453816538572848e-05
4.027046929788530782e-05
4.044119307704176230e-05
4.060068188199124426e-05
4.074637022206392201e-05
4.087560410543676702e-05
4.098685416037746866e-05
4.107983528999526341e-05
4.115441892001473861e-05
4.121134660088901031e-05
4.124920977455097864e-05
4.126735613048390454e-05
4.126577155787443336e-05
4.124629441860484336e-05
4.121136228946766102e-05
4.116327098206561564e-05
4.110367561522937330e-05
4.103370101667223343e-05
4.095528245597339530e-05
4.087489362437474297e-05
4.078372845329324310e-05
0.000000000000000000e+00
0.000000000000000000e+00
0.000000000000000000e+00
0.000000000000000000e+00
0.000000000000000000e+00
0.000000000000000000e+00
3.286409969240952633e-01
4.549475268515851267e-01
9.999800655427096840e-01
9.999467004309284812e-01
9.999677911631542626e-01
9.999528740956572515e-01
9.999521725785118775e-01
9.999530008321468877e-01
9.999518729790282112e-01
9.999523554602423037e-01
9.999527877503956441e-01
9.999528474468091233e-01
9.999528980447326409e-01
9.999529595685868744e-01
9.999530253713189154e-01
9.999530915435016487e-01
9.999531555576118835e-01
9.999532158886154098e-01
9.999532708863978492e-01
9.999533270659877182e-01
9.999533984593821367e-01
9.999534909961209639e-01
9.999536084661344582e-01
9.999537272193553816e-01
9.999546361111887327e-01
9.999561294941253786e-01
9.999576264448932772e-01
9.999591239613245808e-01
9.999606157703541109e-01
9.999620938674219639e-01
9.999635485957516501e-01
9.999649790312385988e-01
9.999663820346825771e-01
9.999677493800448458e-01
9.999690675744548063e-01
9.999703125400760673e-01
9.999714626436357889e-01
9.999724898515469640e-01
9.999733733590230322e-01
9.999740874347522457e-01
9.999746162873632827e-01
9.999749411490357343e-01
9.999750636662294578e-01
9.999749836499136624e-01
9.999747155424441036e-01
9.999742686307440120e-01
9.999736573903216241e-01
9.999729002495677532e-01
9.999720234374182004e-01
9.999710598523172678e-01
9.999700433679266087e-01
9.999689972399073978e-01
9.999679240437925332e-01
9.999667275211829853e-01
9.999628143701596583e-01
9.999585698369847231e-01
9.999729789945440706e-01
9.999701075889605439e-01
9.999553704267636345e-01
1.000000000000000000e+00
1.000000000000000000e+00
1.000000000000000000e+00
1.000000000000000000e+00
1.000000000000000000e+00
1.000000000000000000e+00
1.000000000000000000e+00
1.000000000000000000e+00
1.000000000000000000e+00
1.000000000000000000e+00
1.000000000000000000e+00
1.000000000000000000e+00
1.000000000000000000e+00
1.000000000000000000e+00
1.000000000000000000e+00
1.000000000000000000e+00
1.000000000000000000e+00
1.000000000000000000e+00
1.000000000000000000e+00
1.000000000000000000e+00
1.000000000000000000e+00
1.000000000000000000e+00
1.000000000000000000e+00
1.000000000000000000e+00
1.000000000000000000e+00
1.000000000000000000e+00
1.000000000000000000e+00
1.000000000000000000e+00
1.000000000000000000e+00
1.000000000000000000e+00
1.000000000000000000e+00
1.000000000000000000e+00
1.000000000000000000e+00
1.000000000000000000e+00
1.000000000000000000e+00
1.000000000000000000e+00
1.000000000000000000e+00
1.000000000000000000e+00
1.000000000000000000e+00
1.000000000000000000e+00
1.000000000000000000e+00
1.000000000000000000e+00
1.000000000000000000e+00
9.255431128381237382e-01
8.568415643493220157e-01
6.237486003907621868e-01
1.881561333374406897e-01
1.979119755496441959e-05
1.938879832209150945e-05
1.898458422574126071e-05
1.861262400609935987e-05
1.830690580097116296e-05
1.816660246842080587e-05
1.796098960722683347e-05
0.000000000000000000e+00
3.403270849571616852e-01
1.000000000000000000e+00
6.046700326730504171e-01
0.000000000000000000e+00
0.000000000000000000e+00
4.697715765045461537e-05
0.000000000000000000e+00
7.877772504522814214e-05
8.899810856353062016e-01
3.347768688665583303e-01
6.308179942103789850e-01
6.231337534339618234e-01
7.348623377627232500e-01
6.058038031618147023e-01
5.537233070813711855e-01
7.336688712778461907e-01
7.688510447638213785e-01
7.100886295893079625e-01
7.516496148766372842e-01
8.726642913338023000e-01
9.586718185725731090e-01
1.000000000000000000e+00
1.000000000000000000e+00
1.000000000000000000e+00
1.000000000000000000e+00
9.999898224408521052e-01
9.999895383213366351e-01
9.999892337640370332e-01
9.999889175497026494e-01
9.999885942634454405e-01
9.999882659267476104e-01
9.999879408789870139e-01
9.999876181545466203e-01
9.999873136468583334e-01
9.999870168852640351e-01
9.999867379777358511e-01
9.999864656053412126e-01
9.999862053000955209e-01
9.999859591585659180e-01
9.999857307963980757e-01
9.999855238031500893e-01
9.999853341316692346e-01
9.999851535331233388e-01
9.999849778061751238e-01
9.999844904735545326e-01
9.999839186533527879e-01
9.999833891757117232e-01
9.999828916651489763e-01
9.999824395339474981e-01
9.999820372064787133e-01
9.999817049916819300e-01
9.999814471557193496e-01
9.999812736398446811e-01
9.999811993622588213e-01
9.999812489705223184e-01
9.999814519376668542e-01
9.999818246964993218e-01
9.999823511927544706e-01
9.999827284243676395e-01
9.999828166363692317e-01
9.999817102168836458e-01
9.999793478702370120e-01
1.000000000000000000e+00
9.999983583706809620e-01
9.999637343142335766e-01
1.000000000000000000e+00
1.000000000000000000e+00
1.000000000000000000e+00
0.000000000000000000e+00
1.508044788430401850e-01
2.719717254639028269e-05
0.000000000000000000e+00
0.000000000000000000e+00
0.000000000000000000e+00
0.000000000000000000e+00
0.000000000000000000e+00
0.000000000000000000e+00
0.000000000000000000e+00
0.000000000000000000e+00
0.000000000000000000e+00
0.000000000000000000e+00
0.000000000000000000e+00
0.000000000000000000e+00
0.000000000000000000e+00
0.000000000000000000e+00
0.000000000000000000e+00
0.000000000000000000e+00
0.000000000000000000e+00
0.000000000000000000e+00
0.000000000000000000e+00
0.000000000000000000e+00
0.000000000000000000e+00
1.838129812681182917e-02
3.959636450010768915e-01
7.488969440549042567e-01
7.116324576927540724e-01
8.268442259208330647e-01
1.000000000000000000e+00
1.000000000000000000e+00
1.000000000000000000e+00
1.000000000000000000e+00
1.000000000000000000e+00
1.000000000000000000e+00
1.000000000000000000e+00
1.000000000000000000e+00
1.000000000000000000e+00
1.000000000000000000e+00
1.000000000000000000e+00
1.000000000000000000e+00
1.000000000000000000e+00
1.000000000000000000e+00
1.000000000000000000e+00
1.000000000000000000e+00
1.000000000000000000e+00
1.000000000000000000e+00
1.000000000000000000e+00
1.000000000000000000e+00
1.000000000000000000e+00
1.000000000000000000e+00
3.509056786570928232e-01
0.000000000000000000e+00
0.000000000000000000e+00
0.000000000000000000e+00
0.000000000000000000e+00
0.000000000000000000e+00
0.000000000000000000e+00
9.739368258636679765e-02
5.650308114867926834e-01
3.812744174278545389e-05
1.000000000000000000e+00
4.207486234601591545e-05
0.000000000000000000e+00
1.337380124500164910e-05
1.458209265520901453e-05
0.000000000000000000e+00
3.790348995186722706e-07
2.228342749538441348e-06
1.686100965800640738e-07
0.000000000000000000e+00
0.000000000000000000e+00
0.000000000000000000e+00
0.000000000000000000e+00
0.000000000000000000e+00
0.000000000000000000e+00
0.000000000000000000e+00
0.000000000000000000e+00
0.000000000000000000e+00
0.000000000000000000e+00
0.000000000000000000e+00
0.000000000000000000e+00
0.000000000000000000e+00
0.000000000000000000e+00
0.000000000000000000e+00
0.000000000000000000e+00
0.000000000000000000e+00
0.000000000000000000e+00
0.000000000000000000e+00
0.000000000000000000e+00
0.000000000000000000e+00
0.000000000000000000e+00
0.000000000000000000e+00
0.000000000000000000e+00
0.000000000000000000e+00
2.374811844301101538e-02
6.947723143134614254e-01
8.003909920345901874e-01
7.434698373070799393e-01
1.000000000000000000e+00
1.000000000000000000e+00
1.000000000000000000e+00
1.000000000000000000e+00
1.000000000000000000e+00
1.000000000000000000e+00
1.000000000000000000e+00
1.000000000000000000e+00
1.000000000000000000e+00
1.000000000000000000e+00
1.000000000000000000e+00
1.000000000000000000e+00
1.000000000000000000e+00
9.999981270865282434e-01
9.999945697694820890e-01
1.000000000000000000e+00
1.000000000000000000e+00
1.000000000000000000e+00
1.000000000000000000e+00
1.000000000000000000e+00
1.000000000000000000e+00
4.921987835666184291e-05
8.654467758556815271e-01
4.872455750621028099e-05
0.000000000000000000e+00
3.276280285491282320e-05
3.373396068186203397e-05
1.570746044637175582e-05
1.637684034044707316e-05
1.656605293163540359e-05
1.516637346575023821e-05
1.418937934937411030e-05
1.383229934192629971e-05
1.330686303289649646e-05
1.262119237782546002e-05
1.179536469025251089e-05
1.085156452714881963e-05
9.810663323942229267e-06
8.691585803373657777e-06
7.509999299722010236e-06
6.279056648991819699e-06
4.126815147785911072e-06
1.758797993472333972e-06
0.000000000000000000e+00
0.000000000000000000e+00
0.000000000000000000e+00
0.000000000000000000e+00
0.000000000000000000e+00
0.000000000000000000e+00
0.000000000000000000e+00
0.000000000000000000e+00
0.000000000000000000e+00
0.000000000000000000e+00
0.000000000000000000e+00
0.000000000000000000e+00
0.000000000000000000e+00
0.000000000000000000e+00
0.000000000000000000e+00
0.000000000000000000e+00
0.000000000000000000e+00
0.000000000000000000e+00
0.000000000000000000e+00
0.000000000000000000e+00
0.000000000000000000e+00
0.000000000000000000e+00
1.004038698314514561e-01
6.090387943775118496e-01
7.696526874597754420e-01
9.073382616667552414e-01
1.000000000000000000e+00
1.000000000000000000e+00
1.000000000000000000e+00
1.000000000000000000e+00
1.000000000000000000e+00
7.707051253395448276e-01
4.457402274162869937e-01
1.144191284460511215e-01
0.000000000000000000e+00
0.000000000000000000e+00
1.018854263801492743e-02
9.818944256405327115e-03
6.186204838037540131e-05
1.254273281981326815e-01
4.944194051042208229e-05
0.000000000000000000e+00
4.498428332406820122e-05
4.590892468724126172e-05
2.808030969075635182e-05
2.854870533086530302e-05
2.844200394202370239e-05
2.676325072904008705e-05
2.512939334737739809e-05
2.352757636573798379e-05
2.193841467217920904e-05
2.034217600365916285e-05
1.872323192528376729e-05
1.741680678449755381e-05
1.604071749794277208e-05
1.460779545489029172e-05
1.313619442117997724e-05
1.163957705333718179e-05
1.013107652553645365e-05
8.623068654728136286e-06
7.130938974878524697e-06
5.668753751563079858e-06
4.247525829344296852e-06
2.871488281368420055e-06
1.538530443917758894e-06
2.435725682762028341e-07
0.000000000000000000e+00
0.000000000000000000e+00
0.000000000000000000e+00
0.000000000000000000e+00
0.000000000000000000e+00
0.000000000000000000e+00
0.000000000000000000e+00
0.000000000000000000e+00
0.000000000000000000e+00
0.000000000000000000e+00
0.000000000000000000e+00
0.000000000000000000e+00
0.000000000000000000e+00
0.000000000000000000e+00
0.000000000000000000e+00
0.000000000000000000e+00
0.000000000000000000e+00
0.000000000000000000e+00
0.000000000000000000e+00
0.000000000000000000e+00
0.000000000000000000e+00
0.000000000000000000e+00
9.678885817287932736e-02
1.000000000000000000e+00
1.000000000000000000e+00
1.000000000000000000e+00
1.000000000000000000e+00
1.000000000000000000e+00
1.000000000000000000e+00
1.000000000000000000e+00
1.000000000000000000e+00
1.000000000000000000e+00
5.571706898659774064e-05
8.036705257902937438e-01
4.982841959904904674e-05
0.000000000000000000e+00
4.810909047136725797e-05
4.825976047723212395e-05
3.432266458606043338e-05
3.471723227065424126e-05
3.447858965367287806e-05
3.267177941815673073e-05
3.088691226108386913e-05
2.912975351271877871e-05
2.739302886392182206e-05
2.566093234607709741e-05
2.391817773975669667e-05
2.215154802272052809e-05
2.035266331670492569e-05
1.851610535744480782e-05
1.664093962567484412e-05
1.472570271955399143e-05
1.277325699898161148e-05
1.106836670393076872e-05
9.468788044720783658e-06
7.914059329178638742e-06
6.413744285254530565e-06
4.971073231086043008e-06
3.583881703536955273e-06
2.247433034734305193e-06
9.566914814606849126e-07
0.000000000000000000e+00
0.000000000000000000e+00
0.000000000000000000e+00
0.000000000000000000e+00
0.000000000000000000e+00
0.000000000000000000e+00
0.000000000000000000e+00
0.000000000000000000e+00
0.000000000000000000e+00
0.000000000000000000e+00
0.000000000000000000e+00
0.000000000000000000e+00
0.000000000000000000e+00
0.000000000000000000e+00
0.000000000000000000e+00
0.000000000000000000e+00
0.000000000000000000e+00
0.000000000000000000e+00
0.000000000000000000e+00
0.000000000000000000e+00
0.000000000000000000e+00
0.000000000000000000e+00
0.000000000000000000e+00
4.568277957368788167e-01
6.000829048090706302e-02
1.683469517039802854e-01
5.780605900805458885e-01
4.542055065423457605e-01
6.173461974570890742e-01
1.000000000000000000e+00
8.213371526545313328e-01
5.570241577628832677e-05
9.404260095344622039e-01
4.982050842700392885e-05
0.000000000000000000e+00
4.810797130587558601e-05
4.825957337545260618e-05
3.432613847402860632e-05
3.472094072367219806e-05
3.448239807709181084e-05
3.267550739339504854e-05
3.089055222333872967e-05
2.913322669486389363e-05
2.739629112453494044e-05
2.566396596772706952e-05
2.392098638186604948e-05
2.215418866500161896e-05
2.035518965995114285e-05
1.851852823831329797e-05
1.664323589517294257e-05
1.472785378833406527e-05
1.277524714046714417e-05
1.106603726746670943e-05
9.466447414428745159e-06
7.911766491174354845e-06
6.411481396213408473e-06
4.968892675682434735e-06
3.581771865777427234e-06
2.245412391281135614e-06
9.547744492638320335e-07
0.000000000000000000e+00
0.000000000000000000e+00
0.000000000000000000e+00
0.000000000000000000e+00
0.000000000000000000e+00
0.000000000000000000e+00
0.000000000000000000e+00
0.000000000000000000e+00
0.000000000000000000e+00
0.000000000000000000e+00
0.000000000000000000e+00
0.000000000000000000e+00
0.000000000000000000e+00
0.000000000000000000e+00
0.000000000000000000e+00
0.000000000000000000e+00
0.000000000000000000e+00
0.000000000000000000e+00
0.000000000000000000e+00
0.000000000000000000e+00
0.000000000000000000e+00
0.000000000000000000e+00
0.000000000000000000e+00
2.622609322813648780e-01
5.108934215598105733e-02
3.313431975858348033e-01
8.046191361704555511e-01
4.981923937602509844e-01
2.551474069648292931e-01
8.359514566179638076e-03
0.000000000000000000e+00
5.562223750442991802e-05
2.228374734150718184e-01
4.949614003260275019e-05
0.000000000000000000e+00
4.499962372126999283e-05
4.592868522279416660e-05
2.809028696367659006e-05
2.855936116566526830e-05
2.845294653586614357e-05
2.677394194820743807e-05
2.513978988372690852e-05
2.353750483497040236e-05
2.194776337683756087e-05
2.035093107900460958e-05
1.873137125132105421e-05
1.740962628294894836e-05
1.603317669964110181e-05
1.459987672929859980e-05
1.312801082424781792e-05
1.163132357459375749e-05
1.012286796207663078e-05
8.615020524404200749e-06
7.123062732531295013e-06
5.661214369608810894e-06
4.240293489682370031e-06
2.864636801218403684e-06
1.532036558234516696e-06
2.374301459405585128e-07
0.000000000000000000e+00
0.000000000000000000e+00
0.000000000000000000e+00
0.000000000000000000e+00
0.000000000000000000e+00
0.000000000000000000e+00
0.000000000000000000e+00
0.000000000000000000e+00
0.000000000000000000e+00
0.000000000000000000e+00
0.000000000000000000e+00
0.000000000000000000e+00
0.000000000000000000e+00
0.000000000000000000e+00
0.000000000000000000e+00
0.000000000000000000e+00
0.000000000000000000e+00
0.000000000000000000e+00
0.000000000000000000e+00
0.000000000000000000e+00
0.000000000000000000e+00
0.000000000000000000e+00
0.000000000000000000e+00
7.914672998308430740e-01
1.000000000000000000e+00
1.000000000000000000e+00
1.000000000000000000e+00
1.000000000000000000e+00
1.000000000000000000e+00
1.000000000000000000e+00
1.000000000000000000e+00
1.000000000000000000e+00
5.123482084958727421e-05
6.297684512563721526e-01
4.876022923804625717e-05
0.000000000000000000e+00
3.277564480787162451e-05
3.375543551210321230e-05
1.572319637085435284e-05
1.639355462352846331e-05
1.658328370203018113e-05
1.518319100303743910e-05
1.417619030019154197e-05
1.381964525211827633e-05
1.329439859456233662e-05
1.260872246517361353e-05
1.178273301156153061e-05
1.083873681642199840e-05
9.797614343305019159e-06
8.678265896039778727e-06
7.496554268133930369e-06
6.265587832628151694e-06
4.211936460932662874e-06
1.839455844222259798e-06
0.000000000000000000e+00
0.000000000000000000e+00
0.000000000000000000e+00
0.000000000000000000e+00
0.000000000000000000e+00
0.000000000000000000e+00
0.000000000000000000e+00
0.000000000000000000e+00
0.000000000000000000e+00
0.000000000000000000e+00
0.000000000000000000e+00
0.000000000000000000e+00
0.000000000000000000e+00
0.000000000000000000e+00
0.000000000000000000e+00
0.000000000000000000e+00
0.000000000000000000e+00
0.000000000000000000e+00
0.000000000000000000e+00
0.000000000000000000e+00
0.000000000000000000e+00
0.000000000000000000e+00
0.000000000000000000e+00
0.000000000000000000e+00
1.688399615864376591e-01
4.558557671945789314e-01
8.935177736834908346e-01
9.999996637649950504e-01
1.000000000000000000e+00
1.000000000000000000e+00
9.997796717480748052e-01
5.598399286380195683e-01
2.831741282445670582e-01
1.073589261236850556e-01
0.000000000000000000e+00
0.000000000000000000e+00
0.000000000000000000e+00
0.000000000000000000e+00
3.820884792769424249e-05
1.000000000000000000e+00
4.212607289952811890e-05
0.000000000000000000e+00
1.338041702644605556e-05
1.459876244541511722e-05
0.000000000000000000e+00
3.415293412023061498e-07
2.194705577103045515e-06
3.295568023994072034e-07
0.000000000000000000e+00
0.000000000000000000e+00
0.000000000000000000e+00
0.000000000000000000e+00
0.000000000000000000e+00
0.000000000000000000e+00
0.000000000000000000e+00
0.000000000000000000e+00
0.000000000000000000e+00
0.000000000000000000e+00
0.000000000000000000e+00
0.000000000000000000e+00
0.000000000000000000e+00
0.000000000000000000e+00
0.000000000000000000e+00
0.000000000000000000e+00
0.000000000000000000e+00
0.000000000000000000e+00
0.000000000000000000e+00
0.000000000000000000e+00
0.000000000000000000e+00
0.000000000000000000e+00
0.000000000000000000e+00
0.000000000000000000e+00
0.000000000000000000e+00
0.000000000000000000e+00
8.709926516074967262e-03
3.029787922587509064e-01
3.249441798927900638e-01
6.058530558914514419e-01
9.887024828485168060e-01
1.000000000000000000e+00
1.000000000000000000e+00
1.000000000000000000e+00
1.000000000000000000e+00
1.000000000000000000e+00
1.000000000000000000e+00
1.000000000000000000e+00
1.000000000000000000e+00
1.000000000000000000e+00
1.000000000000000000e+00
1.000000000000000000e+00
9.999981314647409247e-01
9.999945747678076202e-01
1.000000000000000000e+00
1.000000000000000000e+00
1.000000000000000000e+00
1.000000000000000000e+00
1.000000000000000000e+00
1.000000000000000000e+00
0.000000000000000000e+00
5.239071037321808566e-01
2.724202434564014592e-05
0.000000000000000000e+00
0.000000000000000000e+00
0.000000000000000000e+00
0.000000000000000000e+00
0.000000000000000000e+00
0.000000000000000000e+00
0.000000000000000000e+00
0.000000000000000000e+00
0.000000000000000000e+00
0.000000000000000000e+00
0.000000000000000000e+00
0.000000000000000000e+00
0.000000000000000000e+00
0.000000000000000000e+00
0.000000000000000000e+00
0.000000000000000000e+00
0.000000000000000000e+00
0.000000000000000000e+00
0.000000000000000000e+00
0.000000000000000000e+00
0.000000000000000000e+00
0.000000000000000000e+00
0.000000000000000000e+00
2.514258265811457060e-01
4.748260112697405555e-01
4.714623159784203654e-01
7.599073337538599926e-01
9.999998613871927677e-01
1.000000000000000000e+00
1.000000000000000000e+00
1.000000000000000000e+00
1.000000000000000000e+00
1.000000000000000000e+00
1.000000000000000000e+00
1.000000000000000000e+00
1.000000000000000000e+00
1.000000000000000000e+00
1.000000000000000000e+00
1.000000000000000000e+00
1.000000000000000000e+00
1.000000000000000000e+00
1.000000000000000000e+00
1.000000000000000000e+00
1.000000000000000000e+00
1.000000000000000000e+00
1.000000000000000000e+00
1.000000000000000000e+00
1.000000000000000000e+00
1.383367389043956563e-01
0.000000000000000000e+00
0.000000000000000000e+00
0.000000000000000000e+00
0.000000000000000000e+00
0.000000000000000000e+00
0.000000000000000000e+00
0.000000000000000000e+00
0.000000000000000000e+00
3.671264265497058421e-01
4.223972438204041946e-02
0.000000000000000000e+00
0.000000000000000000e+00
0.000000000000000000e+00
0.000000000000000000e+00
0.000000000000000000e+00
0.000000000000000000e+00
0.000000000000000000e+00
0.000000000000000000e+00
0.000000000000000000e+00
0.000000000000000000e+00
0.000000000000000000e+00
1.659734377051253207e-01
4.047024780535482535e-01
5.236622885459683019e-01
5.126671379535764350e-01
6.034281228494993154e-01
8.838392605601974594e-01
9.996867275004036602e-01
9.999889087777255048e-01
9.999885842679477888e-01
9.999882538985956915e-01
9.999879299795358945e-01
9.999876085434087347e-01
9.999873088866578774e-01
9.999870140773857718e-01
9.999867359122308619e-01
9.999864622000512737e-01
9.999861998264625296e-01
9.999859512951210228e-01
9.999857217093552908e-01
9.999855138168142199e-01
9.999853242570967415e-01
9.999851455700247138e-01
9.999849713939918949e-01
9.999844709363771011e-01
9.999839021383600812e-01
9.999833742384595103e-01
9.999828765456457713e-01
9.999824219403098402e-01
9.999820183362087000e-01
9.999816859110941536e-01
9.999814308533140350e-01
9.999812626831172668e-01
9.999811930901681967e-01
9.999812453495420250e-01
9.999814484114631918e-01
9.999818203142949447e-01
9.999823466774043768e-01
9.999827235329658004e-01
9.999828126575717180e-01
9.999817075308335967e-01
9.999793460333091799e-01
1.000000000000000000e+00
9.999983602231545810e-01
9.999637319402149283e-01
1.000000000000000000e+00
1.000000000000000000e+00
1.000000000000000000e+00
1.000000000000000000e+00
1.000000000000000000e+00
1.000000000000000000e+00
1.000000000000000000e+00
1.000000000000000000e+00
1.000000000000000000e+00
1.000000000000000000e+00
1.000000000000000000e+00
1.000000000000000000e+00
1.000000000000000000e+00
1.000000000000000000e+00
1.000000000000000000e+00
1.000000000000000000e+00
1.000000000000000000e+00
1.000000000000000000e+00
1.000000000000000000e+00
1.000000000000000000e+00
1.000000000000000000e+00
1.000000000000000000e+00
1.000000000000000000e+00
1.000000000000000000e+00
1.000000000000000000e+00
1.000000000000000000e+00
1.000000000000000000e+00
1.000000000000000000e+00
1.000000000000000000e+00
1.000000000000000000e+00
1.000000000000000000e+00
1.000000000000000000e+00
1.000000000000000000e+00
1.000000000000000000e+00
1.000000000000000000e+00
1.000000000000000000e+00
1.000000000000000000e+00
1.000000000000000000e+00
1.000000000000000000e+00
1.000000000000000000e+00
1.000000000000000000e+00
1.000000000000000000e+00
1.000000000000000000e+00
1.000000000000000000e+00
9.927613421773445745e-01
7.967605120771945604e-01
3.863214034870061653e-01
1.371258015503260506e-02
1.939145982717044149e-05
1.898739796980432749e-05
1.861547495485340464e-05
1.830983495834993767e-05
1.816521780915861779e-05
1.796262766632489215e-05
0.000000000000000000e+00
3.828622082782081049e-01
9.032102794871498253e-01
0.000000000000000000e+00
0.000000000000000000e+00
0.000000000000000000e+00
4.697262195794916963e-05
0.000000000000000000e+00
7.997780436639866639e-05
9.999800802394065435e-01
9.999467120767139283e-01
9.999677944902369831e-01
9.999528780428733610e-01
9.999521739095389439e-01
9.999530026177468889e-01
9.999518723092972738e-01
9.999523552800451132e-01
9.999527873107241227e-01
9.999528483210222696e-01
9.999528993064847882e-01
9.999529614051071436e-01
9.999530272704368894e-01
9.999530934722901110e-01
9.999531572888046282e-01
9.999532170724424462e-01
9.999532697976367679e-01
9.999533221192102861e-01
9.999533882320698064e-01
9.999534771176787906e-01
9.999535923529836445e-01
9.999537108108955685e-01
9.999546261768180733e-01
9.999561193418943228e-01
9.999576167992153541e-01
9.999591154562825768e-01
9.999606084165895137e-01
9.999620870416673357e-01
9.999635411218653624e-01
9.999649704906351522e-01
9.999663729151828662e-01
9.999677423665120912e-01
9.999690652840933502e-01
9.999703155308042879e-01
9.999714689333948359e-01
9.999724970541143954e-01
9.999733797537990743e-01
9.999740930883347367e-01
9.999746212304403414e-01
9.999749455290005695e-01
9.999750671826456161e-01
9.999749862265736589e-01
9.999747177248355934e-01
9.999742705852376901e-01
9.999736598780106789e-01
9.999729026237188512e-01
9.999720258526331174e-01
9.999710620516891746e-01
9.999700455612439143e-01
9.999689995718826774e-01
9.999679262521713463e-01
9.999667301938915953e-01
9.999628182099952189e-01
9.999585736041284312e-01
9.999729796123243419e-01
9.999701044047782927e-01
9.999553698042616956e-01
1.000000000000000000e+00
1.000000000000000000e+00
1.000000000000000000e+00
1.000000000000000000e+00
1.000000000000000000e+00
1.000000000000000000e+00
1.000000000000000000e+00
1.000000000000000000e+00
1.000000000000000000e+00
1.000000000000000000e+00
1.000000000000000000e+00
1.000000000000000000e+00
1.000000000000000000e+00
1.000000000000000000e+00
1.000000000000000000e+00
1.000000000000000000e+00
1.000000000000000000e+00
1.000000000000000000e+00
1.000000000000000000e+00
1.000000000000000000e+00
1.000000000000000000e+00
1.000000000000000000e+00
1.000000000000000000e+00
1.000000000000000000e+00
1.000000000000000000e+00
1.000000000000000000e+00
8.195004915843729920e-01
5.621793558809129454e-01
5.071298093642525595e-01
5.141956657531516761e-01
4.518391173086940271e-01
3.226225849656697009e-01
2.638290200126222618e-01
2.971367504270601145e-01
3.119871033229771884e-01
1.873619031204380170e-01
2.501030356591628367e-02
4.061024175822251011e-05
4.075484354033583143e-05
4.088230308440354816e-05
4.099227720168085640e-05
4.108423285793732040e-05
4.115799488050204968e-05
4.121435966628824327e-05
4.125196048034773723e-05
4.127007476696879643e-05
4.126835707879391365e-05
4.124864658974304653e-05
4.121359633253967035e-05
4.116562542419056219e-05
4.110645911345876704e-05
4.103690457937496524e-05
4.095879181456940019e-05
4.087877833857989128e-05
4.078799432578190232e-05
1.783775891397264409e-04
5.555485951297135100e-02
0.000000000000000000e+00
3.832782748226144093e-02
0.000000000000000000e+00
0.000000000000000000e+00
3.141721232378976159e-01
4.285294028093889485e-01
9.999900862523015688e-01
9.999545537263941908e-01
9.999794478354442351e-01
1.000000000000000000e+00
9.999765306282307753e-01
9.999634982881887568e-01
1.000000000000000000e+00
1.000000000000000000e+00
9.999587980683874999e-01
9.999602196565111623e-01
9.999602297891656555e-01
9.999602658860677895e-01
9.999603199007058851e-01
9.999603851709859548e-01
9.999681145777776781e-01
1.000000000000000000e+00
1.000000000000000000e+00
9.328162813077177651e-01
6.957843675436830022e-01
5.401385355298539137e-01
3.183036329642819906e-01
2.022165576215769200e-01
3.770491535476603318e-01
7.726296986560960978e-01
9.606346697514263067e-01
9.999699525272051082e-01
9.999726320433177662e-01
9.999748015831281256e-01
9.999769491809917810e-01
9.999790690776337865e-01
9.999811506763758295e-01
9.999831797913975029e-01
9.999851358285772873e-01
9.999869907116682999e-01
9.999887191603619163e-01
9.999902981860554485e-01
9.999915727914632235e-01
9.999924105611402991e-01
9.999930805110355259e-01
9.999935672727122693e-01
9.999938593942013787e-01
9.999939469719902885e-01
9.999938222688167233e-01
9.999934776940865300e-01
9.999929083763888782e-01
9.999921119230009703e-01
9.999910898820733030e-01
9.999898474514529179e-01
9.999883943351286497e-01
9.999867375927802282e-01
9.999854434106187906e-01
9.999846940638000836e-01
9.999811253497056240e-01
9.999781246632094556e-01
1.000000000000000000e+00
1.000000000000000000e+00
9.999687295267019049e-01
1.000000000000000000e+00
1.000000000000000000e+00
1.000000000000000000e+00
