# densities
0.9949
0.9891
0.9916
0.9928
0.9939
0.9948
0.9937
0.9999
0.9998
0.9998
0.9939
0.9773
0.9997
0.9998
0.9999
0.9999
0.9999
0.9999
1.0000
1.0000
0.9873
0.9979
0.7870
0.7673
0.0462
0.0483
0.0012
0.0000
0.0000
0.0000
0.0000
0.0000
0.0000
0.0000
0.0000
0.0000
0.0000
0.0000
0.0000
0.0000
0.0000
0.0000
0.0000
0.0000
0.0000
0.0000
0.0000
0.0000
0.0000
0.0000
0.0000
0.0000
0.0000
0.0000
0.0000
0.0000
0.0000
0.0000
0.0000
0.0000
0.9869
0.9803
0.9848
0.9874
0.9898
0.9915
0.9924
0.9939
0.9886
0.9969
0.9941
0.9712
0.9957
0.9993
0.9974
0.9967
0.9964
0.9963
0.9954
0.9948
0.9572
0.9843
0.9145
0.8191
0.0895
0.0523
0.0844
0.0000
0.0000
0.0000
0.0000
0.0000
0.0000
0.0000
0.0000
0.0000
0.0000
0.0000
0.0000
0.0000
0.0000
0.0000
0.0000
0.0000
0.0000
0.0000
0.0000
0.0000
0.0000
0.0000
0.0000
0.0000
0.0000
0.0000
0.0000
0.0000
0.0000
0.0000
0.0000
0.0000
0.0002
0.0002
0.0022
0.0068
0.0067
0.0290
0.8037
0.9845
0.9932
0.9938
0.8531
0.8152
0.0532
0.1921
0.2331
0.2331
0.2331
0.2331
0.2331
0.2331
0.2331
0.9999
0.9948
0.9094
0.9088
1.0000
0.9997
0.9884
0.2331
0.1480
0.0473
0.0002
0.0000
0.0000
0.0000
0.0000
0.0000
0.0000
0.0000
0.0000
0.0000
0.0000
0.0000
0.0000
0.0000
0.0000
0.0000
0.0000
0.0000
0.0000
0.0000
0.0000
0.0000
0.0000
0.0000
0.0000
0.0000
0.0000
0.0000
0.0000
0.7638
0.6787
0.7633
0.7643
0.7656
0.7665
0.7648
0.7666
0.0002
0.0002
0.7354
0.7980
0.8262
0.9854
0.2330
0.2331
0.2331
0.2331
0.9567
0.9894
0.2355
0.2628
0.9945
0.9085
0.9080
0.9250
0.9918
0.9919
0.9922
0.9920
0.9996
0.9950
0.1885
0.0537
0.0415
0.0017
0.0002
0.0000
0.0000
0.0000
0.0000
0.0000
0.0001
0.0000
0.0000
0.0000
0.0000
0.0000
0.0000
0.0000
0.0000
0.0000
0.0000
0.0000
0.0000
0.0000
0.0000
0.0000
0.0000
0.0000
0.7669
0.7669
0.7669
0.7669
0.7670
0.0001
0.0000
0.0000
0.0000
0.0000
0.0000
0.0135
0.7665
0.7631
0.9595
0.1958
0.1982
0.1799
0.1211
0.2103
0.2351
0.0361
0.0593
0.7749
0.8996
0.9725
0.9738
0.9084
0.9086
0.9133
0.9140
0.9360
1.0000
0.9998
0.9996
0.9993
0.9297
0.8203
0.4596
0.0461
0.0000
0.0000
0.0000
0.0000
0.0000
0.0000
0.0000
0.0000
0.0000
0.0000
0.0000
0.0000
0.0000
0.0000
0.0000
0.0000
0.0000
0.0000
0.0000
0.0000
0.0000
0.0000
0.0000
0.0000
0.0000
0.0000
0.0000
0.0000
0.0000
0.0000
0.0000
0.0000
0.0000
0.7670
0.8005
0.9976
0.9929
0.2305
0.0642
0.0013
0.7869
0.0353
0.1630
0.0001
0.0001
0.0022
0.0060
0.8077
0.8201
0.8201
0.8642
0.9102
0.9973
0.9997
1.0000
0.9992
0.9308
0.9447
0.9944
1.0000
0.9999
0.9995
0.2331
0.0015
0.0000
0.0000
0.0000
0.0000
0.0000
0.0000
0.0000
0.0000
0.0000
0.0000
0.0000
0.0000
0.0000
0.0000
0.0000
0.0000
0.0006
0.0009
0.0006
0.0005
0.0003
0.0002
0.0001
0.0000
0.0000
0.0000
0.0000
0.0000
0.0000
0.0000
0.0000
0.2502
0.9643
0.2358
0.1453
0.0431
0.2593
0.0279
0.0681
0.0000
0.0000
0.0000
0.0009
0.0000
0.0001
0.0002
0.7512
0.8169
0.9148
0.9745
0.9481
0.9476
0.9103
0.9094
0.9559
0.9928
0.9920
0.9920
0.9927
0.9969
0.9829
0.9426
0.0000
0.0000
0.0000
0.0000
0.0000
0.0000
0.0000
0.0000
0.0000
0.0000
0.0000
0.0000
0.0000
0.0000
0.0000
0.0000
0.0000
0.0000
0.0000
0.0000
0.0000
0.0000
0.0000
0.0000
0.0000
0.0000
0.0000
0.0000
0.0000
0.1424
0.1799
0.1947
0.0232
0.0111
0.1223
0.0013
0.0850
0.0000
0.0000
0.0000
0.0006
0.0002
0.0003
0.0010
0.7669
0.7394
0.0003
0.0135
0.7748
0.8167
0.8127
0.8128
0.8181
0.9122
0.9910
0.9917
0.9918
0.9930
0.9930
0.9739
0.9998
0.9994
0.0961
0.0000
0.0000
0.0001
0.0001
0.0001
0.0001
0.0000
0.0000
0.0000
0.0000
0.0000
0.0000
0.0000
0.0000
0.0000
0.0000
0.0000
0.0000
0.0000
0.0000
0.0000
0.0000
0.0000
0.0000
0.0000
0.0000
0.0004
0.0004
0.1837
0.8380
0.8980
0.9816
0.2115
0.2023
0.0005
0.0000
0.0000
0.2446
0.1805
0.2174
0.8979
0.7670
0.0037
0.0061
0.0049
0.0025
0.0002
0.7509
0.7486
0.7544
0.0110
0.0652
0.9902
0.9918
0.9927
0.9924
0.9938
0.9939
0.9955
0.9936
0.9998
0.9040
0.0151
0.0000
0.0000
0.0000
0.0000
0.0000
0.0000
0.0000
0.0000
0.0000
0.0000
0.0000
0.0000
0.0000
0.0000
0.0000
0.0000
0.0000
0.0000
0.0000
0.0000
0.0000
0.0000
0.0000
0.0000
0.0001
0.0000
0.0000
0.8156
0.9774
0.2045
0.0476
0.0000
0.0000
0.0001
0.7356
0.7708
0.8054
0.7776
0.0001
0.0021
0.0041
0.0040
0.0023
0.0000
0.0225
0.7669
0.7522
0.7284
0.0002
0.0001
0.1198
0.2331
0.2329
0.9941
0.9940
0.9948
0.9947
0.9951
0.9949
0.9971
0.9561
0.8054
0.0001
0.0000
0.0000
0.0000
0.0000
0.0000
0.0000
0.0000
0.0000
0.0000
0.0000
0.0000
0.0000
0.0000
0.0000
0.0000
0.0000
0.0000
0.0000
0.0000
0.0000
0.0000
0.0000
0.0000
0.0000
0.0000
0.9831
0.9508
0.0851
0.0000
0.7671
0.7387
0.9475
0.7687
0.0001
0.0006
0.0001
0.0000
0.0000
0.0001
0.0000
0.0000
0.0000
0.7525
0.8817
0.9212
0.9994
0.0486
0.2330
0.2329
0.2331
0.2331
0.2329
0.9957
0.9945
0.9941
0.9935
0.9932
0.9927
0.9933
0.9945
0.8201
0.0292
0.0002
0.0003
0.0001
0.0000
0.0000
0.0000
0.0000
0.0000
0.0000
0.0000
0.0000
0.0000
0.0000
0.0000
0.0000
0.0000
0.0000
0.0000
0.0000
0.0000
0.0010
0.0115
0.0054
0.9560
0.9279
0.9335
0.7670
0.8718
0.7867
0.8596
0.0000
0.0000
0.0000
0.0001
0.0000
0.0000
0.0000
0.0000
0.0001
0.0000
0.0000
0.8498
0.9525
0.9998
0.2546
0.2330
0.2280
0.2323
0.9869
0.1370
0.0435
0.0532
0.2330
0.9936
0.9925
0.9919
0.9919
0.9927
0.9952
0.9973
0.9037
0.0004
0.0004
0.0000
0.0000
0.0000
0.0000
0.0000
0.0000
0.0000
0.0000
0.0000
0.0000
0.0000
0.0000
0.0000
0.0000
0.0000
0.0000
0.0000
0.0010
0.0003
0.0222
0.2137
0.2294
0.8878
0.7669
0.8210
0.7671
0.0000
0.0000
0.0000
0.0000
0.0000
0.0000
0.0000
0.0000
0.0000
0.0000
0.0000
0.0000
0.0000
0.8293
0.9996
0.9963
0.2329
0.2152
0.9652
0.7669
0.0000
0.0000
0.0000
0.0020
0.0042
0.0965
0.9928
0.9999
0.9915
0.9942
0.9956
0.9979
0.9548
0.8401
0.0000
0.0000
0.0000
0.0000
0.0000
0.0000
0.0000
0.0000
0.0000
0.0000
0.0000
0.0000
0.0000
0.0000
0.0000
0.0000
0.0000
0.0030
0.0001
0.0136
0.1162
0.0723
0.9468
0.7669
0.7671
0.0019
0.0007
0.0000
0.0000
0.0000
0.0000
0.0000
0.0000
0.0000
0.0000
0.0000
0.0000
0.0000
0.0000
0.0004
0.8523
0.9490
0.9701
0.1953
0.1836
0.0346
0.0000
0.0000
0.0000
0.0000
0.0000
0.0000
0.0040
0.9146
0.2329
0.2329
0.9950
0.9967
0.9951
0.9937
0.0000
0.0000
0.0000
0.0000
0.0000
0.0000
0.0000
0.0000
0.0000
0.0000
0.0000
0.0000
0.0000
0.0000
0.0000
0.0000
0.0000
0.0024
0.0001
0.1270
0.2198
0.2181
0.9525
0.7669
0.7672
0.0027
0.0007
0.0000
0.0000
0.0000
0.0000
0.0000
0.0000
0.0000
0.0000
0.0000
0.0000
0.0000
0.0000
0.0007
0.0050
0.0027
0.9450
0.0009
0.0003
0.0000
0.0000
0.0000
0.0000
0.0000
0.0000
0.0000
0.0038
0.7691
0.1408
0.2306
0.2331
0.9774
0.9920
0.9955
0.0000
0.0000
0.0000
0.0000
0.0000
0.0000
0.0000
0.0000
0.0000
0.0000
0.0000
0.0000
0.0000
0.0000
0.0000
0.0000
0.0000
0.0030
0.0098
0.1974
0.2151
0.2007
0.9468
0.7669
0.0009
0.0019
0.0005
0.0000
0.0000
0.0000
0.0000
0.0000
0.0000
0.0000
0.0000
0.0000
0.0000
0.0000
0.0000
0.0007
0.0051
0.7671
0.8580
0.0049
0.0002
0.0000
0.0000
0.0001
0.0000
0.0000
0.0000
0.0000
0.0000
0.7670
0.1193
0.1603
0.2331
0.9775
0.9924
0.9957
0.0000
0.0000
0.0000
0.0000
0.0000
0.0000
0.0000
0.0000
0.0000
0.0000
0.0000
0.0000
0.0000
0.0000
0.0000
0.0000
0.0000
0.0020
0.0099
0.2119
0.2103
0.9882
0.1797
0.0022
0.0382
0.0203
0.0000
0.0000
0.0001
0.0000
0.0000
0.0000
0.0000
0.0000
0.0000
0.0000
0.0000
0.0000
0.0000
0.0007
0.8145
0.9249
0.9209
0.0005
0.7488
0.7671
0.0000
0.0000
0.0000
0.0000
0.0000
0.0000
0.0051
0.8780
0.2329
0.2453
0.9950
0.9967
0.9956
0.9686
0.0000
0.0000
0.0000
0.0000
0.0000
0.0000
0.0000
0.0000
0.0000
0.0000
0.0000
0.0000
0.0000
0.0000
0.0000
0.0000
0.0000
0.0009
0.0023
0.2328
0.9960
0.9924
0.2414
0.1381
0.7626
0.7669
0.0434
0.0000
0.0001
0.0002
0.0000
0.0000
0.0000
0.0000
0.0000
0.0000
0.0000
0.0000
0.0852
0.8190
0.9524
0.8605
0.0851
0.0002
0.7669
0.7669
0.0000
0.0000
0.0000
0.0000
0.0001
0.0784
0.9928
0.9999
0.9912
0.9934
0.9957
0.9977
0.9148
0.8131
0.0000
0.0000
0.0000
0.0000
0.0000
0.0000
0.0000
0.0000
0.0000
0.0000
0.0000
0.0000
0.0000
0.0000
0.0000
0.0000
0.0000
0.0000
0.0000
0.9964
0.9931
0.2288
0.2090
0.1044
0.0004
0.2328
0.2680
0.2329
0.0000
0.0002
0.0001
0.0000
0.0000
0.0000
0.0001
0.0000
0.0000
0.0852
0.9233
0.9684
0.9669
0.0291
0.0002
0.0001
0.2508
0.7670
0.0003
0.0002
0.1069
0.2330
0.9939
0.9925
0.9921
0.9917
0.9927
0.9946
0.9974
0.9130
0.0006
0.0003
0.0000
0.0000
0.0000
0.0000
0.0000
0.0000
0.0000
0.0000
0.0000
0.0000
0.0000
0.0000
0.0000
0.0000
0.0000
0.0000
0.0000
0.1801
0.9323
0.9873
0.2315
0.1890
0.1955
0.0078
0.0069
0.2307
0.0666
0.9984
0.1798
0.0001
0.0009
0.0000
0.0000
0.0000
0.0000
0.0000
0.8487
0.9641
0.9949
0.9634
0.0004
0.0001
0.0005
0.0001
0.0027
0.0097
0.1476
0.9959
0.9949
0.9940
0.9934
0.9931
0.9933
0.9690
0.9148
0.8202
0.0493
0.0001
0.0004
0.0001
0.0000
0.0000
0.0000
0.0000
0.0000
0.0000
0.0000
0.0000
0.0000
0.0000
0.0000
0.0000
0.0000
0.0000
0.0001
0.0892
0.1125
0.1873
0.9627
0.1384
0.2076
0.0851
0.0451
0.0002
0.0000
0.1873
0.1842
0.2326
0.8873
0.9577
0.9247
0.0879
0.0031
0.0020
0.0000
0.0000
0.7982
0.8873
0.8377
0.0007
0.0022
0.0020
0.0436
0.0532
0.2329
0.9947
0.9941
0.9943
0.9943
0.9944
0.9946
0.9983
0.8217
0.8128
0.0154
0.0000
0.0000
0.0000
0.0000
0.0000
0.0000
0.0000
0.0000
0.0000
0.0000
0.0000
0.0000
0.0000
0.0000
0.0000
0.0000
0.0000
0.0000
0.0001
0.0005
0.1808
0.9559
0.9830
0.1396
0.0952
0.0445
0.0853
0.0315
0.0000
0.0000
0.0004
0.7776
0.0002
0.1798
0.9911
0.9693
0.8523
0.0029
0.0012
0.0001
0.7040
0.8219
0.8455
0.0118
0.0401
0.7645
0.9332
0.9850
0.9941
0.9933
0.9938
0.9936
0.9950
0.9864
0.9998
0.8195
0.0025
0.0000
0.0000
0.0000
0.0000
0.0000
0.0000
0.0000
0.0000
0.0000
0.0000
0.0000
0.0000
0.0000
0.0000
0.0000
0.0000
0.0000
0.0000
0.0000
0.0000
0.0000
0.0006
0.0682
0.9469
0.9592
0.2909
0.1542
0.2111
0.1007
0.0001
0.0001
0.0000
0.0000
0.0011
0.8521
0.0000
0.0851
0.8703
0.9103
0.8411
0.7670
0.7623
0.8073
0.8053
0.8036
0.8127
0.9914
0.9913
0.9915
0.9931
0.9932
0.9942
0.9934
0.9731
0.9998
0.9560
0.7654
0.0000
0.0000
0.0000
0.0001
0.0002
0.0001
0.0000
0.0000
0.0000
0.0000
0.0000
0.0012
0.0018
0.0012
0.0010
0.0008
0.0005
0.0003
0.0001
0.0000
0.0000
0.0000
0.0000
0.0000
0.0859
0.8522
0.9468
0.2535
0.2115
0.1236
0.0813
0.0803
0.0001
0.0162
0.0000
0.0000
0.0001
0.0854
0.0001
0.0001
0.7382
0.7669
0.8034
0.8144
0.8187
0.8322
0.8999
0.9948
0.9940
0.9928
0.9922
0.9921
0.9934
0.9940
0.9999
0.9871
0.8411
0.0000
0.0000
0.0000
0.0000
0.0000
0.0000
0.0000
0.0000
0.0000
0.0000
0.0000
0.0000
0.0000
0.0000
0.0171
0.0171
0.0001
0.0001
0.0000
0.0000
0.0000
0.0000
0.0000
0.0000
0.0000
0.0000
0.0851
0.9255
0.9468
0.9652
0.2223
0.2224
0.2329
0.1194
0.1376
0.0446
0.0002
0.0001
0.0004
0.0009
0.7672
0.8570
0.8884
0.9959
1.0000
1.0000
0.9983
0.9987
0.9983
0.9972
0.9959
0.9970
1.0000
0.9999
0.9999
0.9992
0.2330
0.1015
0.0000
0.0000
0.0000
0.0000
0.0000
0.0000
0.0000
0.0000
0.0000
0.0000
0.0000
0.0000
0.0000
0.0000
0.0000
0.0000
0.7669
0.7669
0.7669
0.7669
0.7669
0.7670
0.0001
0.0000
0.0000
0.0000
0.0000
0.0306
0.9468
0.9450
0.9722
0.2287
0.2226
0.1840
0.2202
0.1372
0.2329
0.2329
0.2329
0.9794
0.9075
0.9933
0.9979
0.9995
1.0000
1.0000
1.0000
0.9896
0.9998
0.9995
0.9994
0.9992
0.9992
0.9738
0.2330
0.2330
0.1380
0.0000
0.0000
0.0000
0.0000
0.0000
0.0000
0.0000
0.0000
0.0000
0.0000
0.0000
0.0000
0.0000
0.0000
0.0000
0.0000
0.0000
0.0000
0.0000
0.7637
0.7616
0.8890
0.8514
0.7624
0.7630
0.7641
0.7643
0.7099
0.0018
0.8047
0.8148
0.9904
0.2402
0.2331
0.2331
0.2273
0.9753
0.9948
0.2329
0.2329
0.9947
0.9941
0.9932
0.9927
0.9926
0.9942
0.9984
0.9999
0.9997
0.9756
0.9983
0.2335
0.2344
0.0383
0.0002
0.0000
0.0000
0.0000
0.0000
0.0000
0.0000
0.0000
0.0000
0.0000
0.0000
0.0000
0.0000
0.0000
0.0000
0.0000
0.0000
0.0000
0.0000
0.0000
0.0000
0.0000
0.0000
0.0000
0.0000
0.0004
0.0003
0.0027
0.0173
0.0386
0.0508
0.7861
0.7887
0.8055
0.8056
0.8144
0.8151
0.2330
0.2331
0.2331
0.2331
0.2331
0.2331
0.2331
0.2329
0.9635
0.9942
0.9942
0.9960
0.9999
0.9961
0.9991
0.2331
0.2331
0.2331
0.1906
0.0693
0.0000
0.0000
0.0000
0.0000
0.0000
0.0000
0.0000
0.0000
0.0000
0.0000
0.0000
0.0000
0.0000
0.0000
0.0000
0.0000
0.0000
0.0000
0.0000
0.0000
0.0000
0.0000
0.0000
0.0000
0.0000
0.0000
0.0000
0.0000
0.9900
0.9845
0.9870
0.9882
0.9900
0.9920
0.9939
0.9730
0.9540
0.8202
0.9626
0.9464
0.9793
0.9979
0.9971
0.9967
0.9967
0.9962
0.9641
0.9312
0.9940
0.2330
0.2387
0.2331
0.2324
0.0015
0.0000
0.0000
0.0000
0.0000
0.0000
0.0000
0.0000
0.0000
0.0000
0.0000
0.0000
0.0000
0.0000
0.0000
0.0000
0.0000
0.0000
0.0000
0.0000
0.0000
0.0000
0.0000
0.0000
0.0000
0.0000
0.0000
0.0000
0.0000
0.0000
0.0000
0.0000
0.0000
0.0000
0.0000
0.9963
0.9919
0.9934
0.9941
0.9948
0.9956
0.9909
0.9998
0.9997
0.8209
0.9998
0.9996
0.9996
0.9999
0.9999
0.9999
0.9999
0.9999
0.9998
0.9997
0.9996
0.9915
0.3861
0.2308
0.1911
0.0008
0.0000
0.0000
0.0000
0.0000
0.0000
0.0000
0.0000
0.0000
0.0000
0.0000
0.0000
0.0000
0.0000
0.0000
0.0000
0.0000
0.0000
0.0000
0.0000
0.0000
0.0000
0.0000
0.0000
0.0000
0.0000
0.0000
0.0000
0.0000
0.0000
0.0000
0.0000
0.0000
0.0000
0.0000
# OPTIMIZATION PARAMETERS 
# nelx: 60
# nely: 30
# max buckling: 0.08
# penalization: 3.0
# initial densities: [1. 1. 1. ... 0. 0. 0.]
# FEA MODEL DATA 
# material: {'Ex': 2000.0, 'Ey': 10000.0, 'NUxy': 0.3}
# loads: {'Val': -10, 'direction': 'x', 'dof': array([1828, 1950, 2072], dtype=int64)}
# bc: Left Clamped
# 
