# densities
1.0000
1.0000
1.0000
1.0000
0.6682
0.0000
0.0000
0.0000
0.0000
0.0000
1.0000
1.0000
1.0000
1.0000
1.0000
0.4451
0.0000
0.0000
0.0000
0.0000
0.0000
0.0000
0.2907
1.0000
1.0000
1.0000
1.0000
1.0000
0.0000
0.0000
0.0000
0.0000
0.0000
0.0000
1.0000
1.0000
1.0000
1.0000
1.0000
0.8097
0.0000
0.0000
0.0000
0.0000
0.0000
0.0000
0.5345
1.0000
1.0000
1.0000
0.0000
0.0000
0.0000
0.0000
0.0000
0.0000
0.5345
1.0000
1.0000
1.0000
0.0000
0.0000
0.0000
0.0000
1.0000
1.0000
1.0000
1.0000
1.0000
0.8097
0.0000
0.0000
0.2907
1.0000
1.0000
1.0000
1.0000
1.0000
0.0000
0.0000
1.0000
1.0000
1.0000
1.0000
1.0000
0.4451
0.0000
0.0000
0.0000
0.0000
1.0000
1.0000
1.0000
1.0000
0.6682
0.0000
0.0000
0.0000
0.0000
0.0000
# OPTIMIZATION PARAMETERS 
# nelx: 10
# nely: 10
# max buckling: 1.0
# penalization: 3.0
# initial densities: 0.5
# FEA MODEL DATA 
# material: {'Ex': 20000.0, 'Ey': 100000.0, 'NUxy': 0.3}
# loads: {'Val': -10, 'direction': 'y', 'dof': array([131], dtype=int64)}
# bc: Left Clamped
# 
