# densities
1.0000
1.0000
1.0000
1.0000
1.0000
1.0000
1.0000
1.0000
1.0000
1.0000
1.0000
1.0000
1.0000
1.0000
1.0000
1.0000
1.0000
1.0000
1.0000
1.0000
1.0000
1.0000
1.0000
1.0000
0.8361
0.5074
0.0000
0.0000
0.0000
0.0000
0.0000
0.0000
0.0000
0.0000
0.0000
0.0000
0.0000
0.0000
0.0000
0.0000
1.0000
1.0000
1.0000
1.0000
1.0000
1.0000
1.0000
1.0000
1.0000
1.0000
1.0000
1.0000
1.0000
1.0000
1.0000
1.0000
1.0000
1.0000
1.0000
1.0000
1.0000
1.0000
1.0000
1.0000
1.0000
1.0000
1.0000
0.7822
0.0689
0.0000
0.0000
0.0000
0.0000
0.0000
0.0000
0.0000
0.0000
0.0000
0.0000
0.0000
0.8716
1.0000
1.0000
1.0000
1.0000
1.0000
1.0000
1.0000
1.0000
1.0000
1.0000
1.0000
1.0000
0.9059
0.6614
0.3018
0.0000
0.0000
0.0000
0.0000
0.0000
0.1048
0.2636
0.4793
0.7051
0.9466
1.0000
1.0000
1.0000
0.6208
0.0000
0.0000
0.0000
0.0000
0.0000
0.0000
0.0000
0.0000
0.0000
0.0000
0.0000
0.0000
0.7793
1.0000
0.9926
0.7064
0.3656
0.1170
0.0000
0.0000
0.0000
0.1891
0.5331
0.7571
0.8426
0.8330
0.7123
0.3954
0.0387
0.0000
0.0000
0.0000
0.0705
0.2329
0.1548
0.1079
0.4084
0.9192
1.0000
1.0000
0.9674
0.0850
0.0000
0.0000
0.0000
0.0000
0.0000
0.0000
0.0000
0.0000
0.0000
0.0000
0.0000
0.0000
0.8982
0.9422
0.8025
0.5959
0.4122
0.1774
0.0568
0.0000
0.0623
0.1737
0.4315
0.6485
0.7186
0.7006
0.5961
0.2987
0.0474
0.0000
0.0833
0.1329
0.1958
0.3164
0.0000
0.2496
0.4368
1.0000
1.0000
1.0000
0.3978
0.0000
0.0000
0.0000
0.0000
0.0000
0.0000
0.0000
0.0000
0.0000
0.0000
0.0000
0.0000
0.6125
0.8215
0.7180
0.5569
0.4229
0.3412
0.2467
0.1338
0.0942
0.1239
0.2933
0.4910
0.6024
0.6226
0.5673
0.4262
0.2350
0.1170
0.1996
0.2402
0.0000
0.3763
0.0000
0.1710
0.0000
0.8872
1.0000
1.0000
0.8130
0.0000
0.0000
0.0000
0.0000
0.0000
0.0000
0.0000
0.0000
0.0000
0.0000
0.0000
0.0000
0.5247
0.7302
0.6234
0.4879
0.4169
0.4080
0.3361
0.1795
0.1198
0.1292
0.2428
0.3809
0.4830
0.5261
0.5148
0.4527
0.3763
0.2873
0.0703
0.3197
0.0000
0.2891
0.0000
0.0000
0.0000
0.5649
1.0000
0.9988
1.0000
0.0000
0.0000
0.0000
0.0000
0.0000
0.0000
0.0000
0.0000
0.0000
0.0000
0.0000
0.0000
0.5538
0.6244
0.5149
0.4899
0.4877
0.4275
0.3177
0.1813
0.1251
0.1255
0.2039
0.3238
0.4181
0.4815
0.5255
0.5122
0.3562
0.2964
0.0524
0.2988
0.0000
0.0000
0.0000
0.0000
0.0000
0.2005
1.0000
1.0000
1.0000
0.0000
0.0000
0.0000
0.0000
0.0000
0.0000
0.0000
0.0000
0.0000
0.0000
0.0000
0.0000
0.6084
0.5103
0.5751
0.5585
0.4728
0.3756
0.2624
0.1477
0.1022
0.1195
0.2050
0.3274
0.4448
0.5365
0.5431
0.4620
0.2987
0.3027
0.0384
0.0000
0.0000
0.0000
0.0000
0.0000
0.0000
0.4512
1.0000
1.0000
0.6286
0.0000
0.0000
0.0000
0.0000
0.0000
0.0000
0.0000
0.0000
0.0000
0.0000
0.0000
0.0000
0.6209
0.6996
0.5975
0.4924
0.3935
0.2921
0.1744
0.1011
0.0986
0.1562
0.3006
0.4420
0.5345
0.5457
0.4743
0.4025
0.2191
0.0145
0.0000
0.0000
0.0000
0.0000
0.0000
0.5199
0.2397
0.5188
1.0000
1.0000
0.0000
0.0000
0.0000
0.0000
0.0000
0.0000
0.0000
0.0000
0.0000
0.0000
0.0000
0.0000
0.6383
0.6983
0.5931
0.4868
0.3860
0.2854
0.1733
0.1075
0.1120
0.1893
0.3470
0.4787
0.5417
0.5267
0.4683
0.3546
0.1706
0.0143
0.0000
0.0000
0.0000
0.0000
0.3672
0.4077
0.5884
0.0533
0.6118
1.0000
0.7546
0.0000
0.0000
0.0000
0.0000
0.0000
0.0000
0.0000
0.0000
0.0000
0.0000
0.5988
0.5062
0.5787
0.5480
0.4535
0.3534
0.2473
0.1532
0.1252
0.1611
0.3018
0.4450
0.5358
0.5467
0.4899
0.3891
0.2549
0.1089
0.0226
0.0000
0.0000
0.0000
0.2438
0.5634
0.5316
0.3327
0.4265
0.1112
0.8906
0.9954
0.0000
0.0000
0.0000
0.0000
0.0000
0.0000
0.0000
0.0000
0.0000
0.5433
0.6229
0.5019
0.4759
0.4657
0.3944
0.2894
0.1794
0.1468
0.1714
0.3111
0.4571
0.5549
0.5767
0.5180
0.3921
0.2375
0.1147
0.0769
0.0623
0.0000
0.0000
0.2008
0.5910
0.5653
0.4977
0.3027
0.2409
0.0000
0.3815
1.0000
0.3691
0.0000
0.0000
0.0000
0.0000
0.0000
0.0000
0.0000
0.5176
0.7169
0.5959
0.4540
0.3814
0.3751
0.3073
0.1805
0.1447
0.1784
0.3493
0.5144
0.6127
0.6221
0.5481
0.3908
0.1867
0.0699
0.0432
0.0646
0.0327
0.0493
0.2749
0.6141
0.6358
0.5665
0.2891
0.2516
0.0000
0.1221
0.0000
0.9188
0.8860
0.0000
0.0000
0.0000
0.0000
0.0000
0.0000
0.5922
0.8017
0.6739
0.4996
0.3706
0.3147
0.2462
0.1557
0.1312
0.1784
0.4072
0.6123
0.6863
0.6713
0.5678
0.3448
0.1059
0.0185
0.0000
0.0056
0.0176
0.0879
0.3928
0.6632
0.6990
0.6090
0.3078
0.1469
0.0000
0.0487
0.0000
0.0000
0.5757
1.0000
0.0000
0.0000
0.0000
0.0000
0.0000
0.8536
0.9105
0.7551
0.5458
0.3908
0.2311
0.0986
0.0383
0.1168
0.2631
0.5377
0.7212
0.7690
0.7192
0.5403
0.1980
0.0070
0.0000
0.0000
0.0000
0.0013
0.1543
0.5405
0.7397
0.7552
0.6294
0.2610
0.0323
0.0000
0.0000
0.0000
0.0000
0.0000
0.0000
1.0000
0.4651
0.0000
0.0000
0.7339
1.0000
0.9762
0.6885
0.3678
0.1545
0.0000
0.0000
0.0000
0.3264
0.6236
0.8179
0.8885
0.8516
0.7002
0.3182
0.0046
0.0000
0.0000
0.0000
0.0000
0.1143
0.4372
0.7379
0.8363
0.7885
0.5433
0.1318
0.0000
0.0000
0.0000
0.0000
0.0000
0.0000
0.0000
0.0000
0.9287
0.8905
0.8551
1.0000
1.0000
1.0000
1.0000
1.0000
1.0000
1.0000
1.0000
1.0000
1.0000
1.0000
1.0000
0.8922
0.6361
0.2827
0.0000
0.0000
0.0000
0.0000
0.1204
0.3920
0.7158
0.8804
0.9428
0.8732
0.6778
0.2294
0.0000
0.0000
0.0000
0.0000
0.0000
0.0000
0.0000
0.0000
0.0000
0.0000
0.0000
1.0000
1.0000
1.0000
1.0000
1.0000
1.0000
1.0000
1.0000
1.0000
1.0000
1.0000
1.0000
1.0000
1.0000
1.0000
1.0000
1.0000
1.0000
1.0000
1.0000
1.0000
1.0000
1.0000
0.9185
0.7381
0.4602
0.1471
0.0000
0.0000
0.0000
0.0000
0.0000
0.0000
0.0000
0.0000
0.0000
0.0000
0.0000
0.0000
0.0000
1.0000
1.0000
1.0000
1.0000
1.0000
1.0000
1.0000
1.0000
1.0000
1.0000
1.0000
1.0000
1.0000
1.0000
1.0000
1.0000
1.0000
1.0000
1.0000
1.0000
1.0000
1.0000
1.0000
1.0000
0.9853
0.9525
0.9305
0.9223
0.9139
0.9144
0.9239
0.9195
0.9137
0.9043
0.8945
0.8857
0.8805
0.8635
0.8839
0.7849
1.0000
# OPTIMIZATION PARAMETERS 
# nelx: 40
# nely: 20
# max buckling: 0.0
# penalization: 1.484
# initial densities: 0.8
# FEA MODEL DATA 
# material: {'Ex': 2000.0, 'Ey': 10000.0, 'NUxy': 0.3}
# loads: {'Val': -10, 'direction': 'x', 'dof': array([1639, 1721], dtype=int64)}
# bc: Left Clamped
# 
