# densities
1.0000
1.0000
1.0000
1.0000
1.0000
1.0000
1.0000
1.0000
1.0000
1.0000
1.0000
1.0000
1.0000
1.0000
1.0000
1.0000
1.0000
1.0000
1.0000
1.0000
1.0000
1.0000
1.0000
1.0000
1.0000
0.9997
0.7894
0.7241
0.3015
0.0002
0.0000
0.0000
0.0000
0.0000
0.0000
0.0000
0.0000
0.0000
0.0000
0.0000
1.0000
1.0000
1.0000
1.0000
1.0000
1.0000
1.0000
1.0000
1.0000
1.0000
1.0000
1.0000
1.0000
1.0000
1.0000
1.0000
1.0000
1.0000
1.0000
1.0000
1.0000
1.0000
1.0000
1.0000
1.0000
0.9999
0.8088
0.8114
0.3910
0.0000
0.0000
0.0000
0.0000
0.0000
0.0000
0.0000
0.0000
0.0000
0.0000
0.0000
1.0000
1.0000
1.0000
1.0000
1.0000
1.0000
1.0000
1.0000
1.0000
1.0000
1.0000
1.0000
1.0000
1.0000
0.9999
0.9996
0.9760
0.5963
0.2860
0.0219
0.0027
0.0007
0.0005
0.0017
0.2200
0.5064
0.9973
0.9999
1.0000
1.0000
0.9999
0.0011
0.0000
0.0000
0.0000
0.0000
0.0000
0.0000
0.0000
0.0000
0.0000
0.0000
1.0000
1.0000
1.0000
1.0000
1.0000
0.6397
0.3481
0.3319
0.3924
0.4089
0.4305
0.4596
0.4842
0.5045
0.4664
0.2838
0.0026
0.0001
0.0000
0.0000
0.0000
0.0001
0.0002
0.2226
0.2775
0.6006
0.9994
0.9999
1.0000
1.0000
0.2216
0.0004
0.0000
0.0000
0.0000
0.0000
0.0000
0.0000
0.0000
0.0000
0.0000
0.0000
0.0004
0.9971
0.9959
0.4224
0.0094
0.0008
0.0004
0.0003
0.0005
0.0022
0.1857
0.4461
0.6995
0.8510
0.8416
0.5618
0.0636
0.0024
0.0004
0.0002
0.0002
0.1473
0.1309
0.0008
0.0005
0.1893
0.9932
0.9996
0.9999
0.9946
0.0009
0.0000
0.0000
0.0000
0.0000
0.0000
0.0000
0.0000
0.0000
0.0000
0.0000
0.0002
0.6719
0.9862
0.7733
0.3118
0.0064
0.0052
0.0075
0.0420
0.2255
0.4058
0.6086
0.7918
0.9688
0.9438
0.6786
0.2049
0.0065
0.0035
0.0604
0.4892
0.1939
0.0001
0.0000
0.0000
0.0002
0.6110
0.9995
0.9999
0.9998
0.1378
0.0004
0.0000
0.0000
0.0000
0.0000
0.0000
0.0000
0.0000
0.0000
0.0000
0.0005
0.7063
0.9989
0.9966
0.7735
0.4397
0.2368
0.2042
0.2222
0.1541
0.0756
0.0617
0.2921
0.6043
0.7205
0.5478
0.2601
0.0742
0.2057
0.5508
0.5495
0.0025
0.0000
0.0000
0.0000
0.0001
0.0032
0.9955
0.9996
0.9998
0.9999
0.0016
0.0000
0.0000
0.0000
0.0000
0.0000
0.0000
0.0000
0.0000
0.0000
0.0001
0.3971
0.8978
0.7712
0.5802
0.3886
0.3420
0.2979
0.0724
0.0008
0.0014
0.0052
0.3216
0.6831
0.6991
0.5480
0.3774
0.3425
0.3297
0.0528
0.0007
0.0002
0.0001
0.0000
0.0000
0.0000
0.0001
0.5364
0.9989
0.9999
0.9999
0.0135
0.3800
0.0000
0.0000
0.0000
0.0000
0.0000
0.0000
0.0000
0.0000
0.0000
0.0723
0.5051
0.5772
0.5154
0.5695
0.5723
0.3128
0.0038
0.0017
0.0028
0.0071
0.4435
0.6489
0.7200
0.6710
0.5085
0.1271
0.0009
0.0003
0.0001
0.0001
0.0000
0.0000
0.0000
0.0000
0.0001
0.1205
0.9123
0.9991
0.9999
0.7119
0.0000
0.0000
0.0000
0.0000
0.0000
0.0000
0.0000
0.0000
0.0000
0.0067
0.6211
0.7816
0.7411
0.7207
0.5530
0.1478
0.0028
0.0008
0.0008
0.0015
0.0079
0.3173
0.6532
0.8237
0.7738
0.3816
0.0023
0.0002
0.0001
0.0000
0.0000
0.0000
0.0001
0.0000
0.0001
0.0004
0.0473
0.4784
1.0000
1.0000
0.0000
0.0000
0.0000
0.0000
0.0000
0.0000
0.0000
0.0000
0.0000
0.0067
0.6211
0.7816
0.7411
0.7207
0.5530
0.1478
0.0028
0.0008
0.0008
0.0015
0.0079
0.3173
0.6532
0.8237
0.7738
0.3816
0.0023
0.0002
0.0001
0.0000
0.0000
0.0000
0.0001
0.0000
0.0001
0.0004
0.0473
0.4784
1.0000
1.0000
0.0000
0.0000
0.0000
0.0000
0.0000
0.0000
0.0000
0.0000
0.0000
0.0723
0.5051
0.5772
0.5154
0.5695
0.5723
0.3128
0.0038
0.0017
0.0028
0.0071
0.4435
0.6489
0.7200
0.6710
0.5085
0.1271
0.0009
0.0003
0.0001
0.0001
0.0000
0.0000
0.0000
0.0000
0.0001
0.1205
0.9123
0.9991
0.9999
0.7119
0.0000
0.0000
0.0000
0.0000
0.0000
0.0000
0.0000
0.0001
0.3971
0.8978
0.7712
0.5802
0.3886
0.3420
0.2979
0.0724
0.0008
0.0014
0.0052
0.3216
0.6831
0.6991
0.5480
0.3774
0.3425
0.3297
0.0528
0.0007
0.0002
0.0001
0.0000
0.0000
0.0000
0.0001
0.5364
0.9989
0.9999
0.9999
0.0135
0.3800
0.0000
0.0000
0.0000
0.0000
0.0000
0.0000
0.0005
0.7063
0.9989
0.9966
0.7735
0.4397
0.2368
0.2042
0.2222
0.1541
0.0756
0.0617
0.2921
0.6043
0.7205
0.5478
0.2601
0.0742
0.2057
0.5508
0.5495
0.0025
0.0000
0.0000
0.0000
0.0001
0.0032
0.9955
0.9996
0.9998
0.9999
0.0016
0.0000
0.0000
0.0000
0.0000
0.0000
0.0000
0.0000
0.0002
0.6719
0.9862
0.7733
0.3118
0.0064
0.0052
0.0075
0.0420
0.2255
0.4058
0.6086
0.7918
0.9688
0.9438
0.6786
0.2049
0.0065
0.0035
0.0604
0.4892
0.1939
0.0001
0.0000
0.0000
0.0002
0.6110
0.9995
0.9999
0.9998
0.1378
0.0004
0.0000
0.0000
0.0000
0.0000
0.0000
0.0000
0.0000
0.0004
0.9971
0.9959
0.4224
0.0094
0.0008
0.0004
0.0003
0.0005
0.0022
0.1857
0.4461
0.6995
0.8510
0.8416
0.5618
0.0636
0.0024
0.0004
0.0002
0.0002
0.1473
0.1309
0.0008
0.0005
0.1893
0.9932
0.9996
0.9999
0.9946
0.0009
0.0000
0.0000
0.0000
0.0000
0.0000
0.0000
0.0000
1.0000
1.0000
1.0000
1.0000
1.0000
0.6397
0.3481
0.3319
0.3924
0.4089
0.4305
0.4596
0.4842
0.5045
0.4664
0.2838
0.0026
0.0001
0.0000
0.0000
0.0000
0.0001
0.0002
0.2226
0.2775
0.6006
0.9994
0.9999
1.0000
1.0000
0.2216
0.0004
0.0000
0.0000
0.0000
0.0000
0.0000
0.0000
1.0000
1.0000
1.0000
1.0000
1.0000
1.0000
1.0000
1.0000
1.0000
1.0000
1.0000
1.0000
1.0000
1.0000
0.9999
0.9996
0.9760
0.5963
0.2860
0.0219
0.0027
0.0007
0.0005
0.0017
0.2200
0.5064
0.9973
0.9999
1.0000
1.0000
0.9999
0.0011
0.0000
0.0000
0.0000
0.0000
0.0000
0.0000
0.0000
0.0000
1.0000
1.0000
1.0000
1.0000
1.0000
1.0000
1.0000
1.0000
1.0000
1.0000
1.0000
1.0000
1.0000
1.0000
1.0000
1.0000
1.0000
1.0000
1.0000
1.0000
1.0000
1.0000
1.0000
1.0000
1.0000
0.9999
0.8088
0.8114
0.3910
0.0000
0.0000
0.0000
0.0000
0.0000
0.0000
0.0000
0.0000
0.0000
0.0000
0.0000
1.0000
1.0000
1.0000
1.0000
1.0000
1.0000
1.0000
1.0000
1.0000
1.0000
1.0000
1.0000
1.0000
1.0000
1.0000
1.0000
1.0000
1.0000
1.0000
1.0000
1.0000
1.0000
1.0000
1.0000
1.0000
0.9997
0.7894
0.7241
0.3015
0.0002
0.0000
0.0000
0.0000
0.0000
0.0000
0.0000
0.0000
0.0000
0.0000
0.0000
# OPTIMIZATION PARAMETERS 
# nelx: 40
# nely: 20
# max buckling: 0.0
# penalization: 1.484
# initial densities: 0.8
# FEA MODEL DATA 
# material: {'Ex': 2000.0, 'Ey': 10000.0, 'NUxy': 0.3}
# loads: {'Val': -10, 'direction': 'x', 'dof': array([819, 901, 983], dtype=int64)}
# bc: Left Clamped
# 
