8.826958285282894556e-02
5.419539973872528120e-13
7.408789637539709487e-13
8.491159582646465556e-13
7.829458731290795713e-13
6.543757768753848230e-13
6.808214461836454815e-13
6.409062168852136809e-13
5.592910410413686393e-13
5.196565328629385262e-13
4.640363414635084206e-13
4.015925444530809151e-13
3.424263225684639011e-13
2.774691383519739529e-13
2.082345815808134087e-13
1.511397805079832963e-13
8.522903007993726148e-14
3.515602613851309596e-14
0.000000000000000000e+00
0.000000000000000000e+00
0.000000000000000000e+00
0.000000000000000000e+00
0.000000000000000000e+00
0.000000000000000000e+00
0.000000000000000000e+00
0.000000000000000000e+00
0.000000000000000000e+00
0.000000000000000000e+00
0.000000000000000000e+00
0.000000000000000000e+00
0.000000000000000000e+00
0.000000000000000000e+00
0.000000000000000000e+00
0.000000000000000000e+00
0.000000000000000000e+00
0.000000000000000000e+00
0.000000000000000000e+00
0.000000000000000000e+00
0.000000000000000000e+00
0.000000000000000000e+00
0.000000000000000000e+00
0.000000000000000000e+00
2.831961174242574962e-15
1.034663289956644218e-14
1.713794645123317793e-14
2.397478185230135645e-14
3.038399178990368461e-14
3.625358995896252868e-14
3.982868037386531282e-14
4.428225024701705701e-14
4.798452788970912957e-14
5.179928267984602754e-14
5.317917430246469246e-14
5.386434194928767712e-14
5.644432560944997411e-14
5.697961258724435986e-14
5.697862098742087720e-14
5.702322928742635432e-14
5.528208999002485518e-14
5.355841305688567768e-14
5.230437260570137256e-14
5.271581324662290815e-14
5.065753581953133531e-14
4.890413976491391354e-14
4.666239820259251625e-14
4.610052256034802755e-14
4.519627886126296972e-14
4.436664233850839007e-14
4.322434712482123160e-14
4.493982500126918461e-14
4.299012249546278925e-14
4.260692780426764155e-14
4.279978762612932466e-14
4.109754295808777937e-14
4.195099588887019603e-14
4.202677839130893443e-14
4.130385935435929498e-14
4.160424390788415697e-14
2.278712330121251115e-14
4.209513928329528307e-14
0.000000000000000000e+00
0.000000000000000000e+00
0.000000000000000000e+00
0.000000000000000000e+00
0.000000000000000000e+00
0.000000000000000000e+00
0.000000000000000000e+00
0.000000000000000000e+00
0.000000000000000000e+00
0.000000000000000000e+00
0.000000000000000000e+00
0.000000000000000000e+00
0.000000000000000000e+00
0.000000000000000000e+00
0.000000000000000000e+00
0.000000000000000000e+00
0.000000000000000000e+00
0.000000000000000000e+00
0.000000000000000000e+00
0.000000000000000000e+00
0.000000000000000000e+00
0.000000000000000000e+00
0.000000000000000000e+00
0.000000000000000000e+00
0.000000000000000000e+00
0.000000000000000000e+00
0.000000000000000000e+00
0.000000000000000000e+00
8.875661448159151346e-15
1.645843380644506736e-14
2.360862761752073091e-14
2.858914067472595172e-14
3.398913608818800371e-14
4.029953042642066693e-14
4.291289504700630887e-14
4.502030521037370604e-14
4.798973648049622125e-14
5.026397268511517890e-14
5.119786554443789936e-14
5.136065048164027965e-14
4.976999985092206853e-14
4.856930863620416522e-14
4.308737762880860830e-14
4.531786401438229353e-14
4.369817734071244485e-14
3.982739519675384481e-14
3.733580884498621205e-14
3.540975958388740538e-14
3.321449442652990644e-14
3.160796919584831665e-14
3.028497822551521180e-14
2.850713249301731109e-14
2.596160458036951075e-14
2.470006659093464286e-14
2.408972283421963195e-14
2.178646547226786310e-14
2.041625748368002175e-14
1.805714946091880806e-14
1.429477919649234505e-14
1.534579102536712506e-14
1.427471410793677260e-14
1.360070139571407615e-14
1.603803730232479860e-14
1.508631801031841950e-14
1.350684725766364196e-14
1.426223408743533814e-14
1.672673825768509914e-14
1.348666946993185780e-14
1.492040267758946624e-14
1.379790892771419783e-14
1.314830759017050095e-14
1.349291476534677153e-14
1.239122348521958533e-14
1.299356444028191251e-14
1.612304138465211464e-14
1.360990321284148797e-14
1.338878080937878195e-14
1.291322659697061637e-14
7.140749258567148606e-15
2.493864105503203239e-14
1.458932447469700273e-12
5.867329580467597366e-13
7.587439641724862160e-13
8.645718940507730522e-13
7.323420824994012615e-13
6.269151401297328182e-13
6.734516098189034093e-13
6.145882598037655307e-13
5.282985649082296831e-13
4.910602471844325666e-13
4.418236640163702156e-13
3.841578644687342147e-13
3.197205393750249640e-13
2.537515101351679435e-13
1.909058135350877666e-13
1.235470979176440005e-13
6.683343090315732589e-14
1.171537019704732998e-14
0.000000000000000000e+00
0.000000000000000000e+00
0.000000000000000000e+00
0.000000000000000000e+00
0.000000000000000000e+00
0.000000000000000000e+00
0.000000000000000000e+00
0.000000000000000000e+00
0.000000000000000000e+00
0.000000000000000000e+00
0.000000000000000000e+00
0.000000000000000000e+00
0.000000000000000000e+00
0.000000000000000000e+00
0.000000000000000000e+00
0.000000000000000000e+00
0.000000000000000000e+00
0.000000000000000000e+00
0.000000000000000000e+00
0.000000000000000000e+00
0.000000000000000000e+00
5.090934487245427146e-15
1.375871322218128648e-14
2.528248932752141686e-14
3.019267100557046931e-14
3.570354251065187983e-14
4.130999184090745296e-14
4.635429941874459886e-14
4.871041656367301430e-14
5.073724199775887585e-14
5.373082789803665246e-14
5.184465145333403875e-14
5.386617494897051532e-14
5.257228688197402220e-14
5.130028191114285227e-14
4.505418227641101021e-14
4.684294036141153071e-14
4.384995401496133969e-14
4.087989107725634723e-14
3.817428593567368924e-14
3.566232303752365309e-14
3.467920267116511311e-14
3.300075171840134670e-14
3.152450613555743896e-14
2.973718372604294303e-14
2.845621549038426753e-14
2.643315986184634453e-14
2.405967997564168047e-14
2.520102690743589812e-14
2.400405388327305738e-14
2.341981679764104496e-14
2.325941606672419781e-14
2.234575646034733023e-14
2.366952547075713005e-14
2.146995705546095158e-14
2.145889062207959688e-14
2.171298259764551760e-14
2.100212323166944108e-14
2.143716392223159355e-14
2.093125799525341724e-14
1.328161093732197964e-14
4.177758024491256492e-14
4.894749572679892957e-13
0.000000000000000000e+00
2.039311426406129428e-13
3.091580618061579434e-13
2.671988759806738801e-13
2.073151624365208840e-13
2.564669388995279677e-13
2.365971534914753366e-13
1.960885255355126919e-13
1.866219230047618722e-13
1.715782828472932898e-13
1.442809078202910792e-13
1.146333272234724050e-13
8.473731859785813259e-14
6.021337396648161701e-14
2.957828181313655233e-14
0.000000000000000000e+00
0.000000000000000000e+00
0.000000000000000000e+00
0.000000000000000000e+00
0.000000000000000000e+00
0.000000000000000000e+00
0.000000000000000000e+00
0.000000000000000000e+00
0.000000000000000000e+00
0.000000000000000000e+00
0.000000000000000000e+00
0.000000000000000000e+00
0.000000000000000000e+00
0.000000000000000000e+00
0.000000000000000000e+00
0.000000000000000000e+00
0.000000000000000000e+00
0.000000000000000000e+00
0.000000000000000000e+00
0.000000000000000000e+00
0.000000000000000000e+00
0.000000000000000000e+00
0.000000000000000000e+00
0.000000000000000000e+00
3.502901202995831781e-15
1.286989038943073164e-14
2.087237799689570428e-14
2.818673904181690871e-14
3.300739960246645010e-14
3.889279045626767006e-14
4.395784771939627428e-14
4.678734198510732921e-14
4.922442996447513361e-14
5.185179471553770410e-14
5.405695787921822374e-14
5.328097081204864173e-14
5.181695698340619641e-14
5.053708600378444274e-14
4.769995088956864672e-14
5.162752361290922371e-14
4.315389076935485956e-14
4.192376353436246592e-14
3.909243548313144083e-14
3.747210951786480823e-14
3.513994506379951650e-14
3.365073569706662130e-14
3.223880836620316991e-14
3.104296820112824934e-14
2.993251409284523687e-14
2.795821039513559523e-14
2.679209135931517172e-14
2.616199059223451679e-14
2.395005968774111116e-14
2.447726436911500425e-14
2.372722082549545955e-14
2.467364658207485281e-14
2.253434203566390976e-14
2.165165391645805239e-14
2.203520356692459474e-14
2.149777264188961865e-14
2.143504221512328803e-14
2.145321591720168426e-14
1.333745075561037371e-14
4.229399665387619148e-14
1.563445446902499425e-01
1.378204414983729390e-12
1.545916413168216420e-12
1.752531899877014936e-12
1.575768541507405142e-12
1.440134656347679111e-12
1.544740535206383709e-12
1.490927744805741258e-12
1.389694753564050067e-12
1.367701729642841695e-12
1.314496881210583430e-12
1.250313513558435108e-12
1.180870143343374973e-12
1.110438199589692802e-12
1.021882890606834981e-12
9.336947307130425895e-13
8.467325298134536610e-13
7.455433379776927445e-13
6.679778183922909343e-13
5.737949707428022558e-13
4.816926906009172287e-13
3.902562339976049972e-13
2.980070965385721544e-13
2.088545474982834321e-13
1.206938455721371834e-13
5.063489376474883892e-14
0.000000000000000000e+00
0.000000000000000000e+00
0.000000000000000000e+00
0.000000000000000000e+00
0.000000000000000000e+00
0.000000000000000000e+00
0.000000000000000000e+00
0.000000000000000000e+00
0.000000000000000000e+00
0.000000000000000000e+00
0.000000000000000000e+00
0.000000000000000000e+00
0.000000000000000000e+00
0.000000000000000000e+00
0.000000000000000000e+00
0.000000000000000000e+00
0.000000000000000000e+00
0.000000000000000000e+00
3.287342534218936023e-15
1.323909122183639414e-14
2.288541010996484406e-14
3.087802392521985402e-14
3.672117319519712815e-14
4.325046481778771240e-14
4.688423609159012022e-14
5.097715943707629958e-14
5.308145436006274556e-14
5.469572832919675710e-14
5.260445020928039778e-14
5.224245758521470756e-14
5.108723475413330376e-14
4.907989260439202213e-14
4.577490727761529581e-14
4.281254955894164957e-14
4.011772259652037571e-14
3.744312669083782046e-14
3.567011061768146523e-14
3.418359948045492784e-14
3.236608679856446515e-14
3.104845745131146164e-14
2.950844185373439178e-14
2.816103894577959805e-14
2.705622383696182073e-14
2.603888846501843337e-14
2.546576127329496041e-14
2.435665679324141431e-14
1.753282314813508570e-14
2.271353276908744098e-14
2.239499030963396757e-14
2.172791012860574679e-14
2.214220309331941959e-14
2.185920955199879027e-14
1.214275463217701658e-14
4.143463170489817210e-14
1.302487529344983630e-01
1.192462818710555401e-12
1.492915706991400619e-12
2.453042244091343041e-02
2.077339106856583573e-03
1.518450296056350624e-12
4.275732817769682670e-03
6.405760321748950326e-04
1.579919355065850795e-12
1.601913046656022743e-12
1.605938364858954908e-12
1.554122462857871991e-12
1.499596681696892701e-12
1.448074346599966378e-12
1.394535277944803302e-12
1.328582264874640530e-12
1.266483010044875631e-12
1.198752249704281520e-12
1.116486767515453307e-12
1.014832587357829451e-12
9.248580998258387709e-13
8.193178415947577443e-13
7.111300757482688372e-13
6.196923491901942207e-13
5.194286400309109090e-13
4.264725491753796459e-13
3.332874167388997286e-13
2.338793406074045719e-13
1.427407148274251123e-13
6.446165319954930441e-14
5.651561262056419613e-16
0.000000000000000000e+00
0.000000000000000000e+00
0.000000000000000000e+00
0.000000000000000000e+00
0.000000000000000000e+00
0.000000000000000000e+00
0.000000000000000000e+00
0.000000000000000000e+00
0.000000000000000000e+00
0.000000000000000000e+00
0.000000000000000000e+00
0.000000000000000000e+00
0.000000000000000000e+00
0.000000000000000000e+00
0.000000000000000000e+00
0.000000000000000000e+00
3.610264491650411001e-15
1.371916238062233220e-14
2.433638664941066966e-14
3.171465861955728057e-14
3.844014764216553371e-14
4.496588089051914456e-14
4.826424104303973441e-14
5.140144580330399464e-14
5.391669389862673612e-14
5.079338537946101556e-14
5.200717485809151008e-14
5.122129240050417922e-14
5.014640548968142790e-14
4.708935414404388156e-14
4.384359031298240353e-14
4.057831035319191307e-14
3.783862350364240872e-14
3.413323431326347525e-14
3.412035387721825246e-14
3.288020274411830122e-14
3.124397487584855189e-14
2.924895630930456090e-14
2.803126266849285891e-14
2.673292384662147818e-14
2.512567480532227278e-14
2.484680753736971369e-14
2.358606500256645995e-14
2.237694146315835613e-14
2.254685017778283218e-14
2.217906831868594746e-14
1.939735492863742840e-14
1.350658294166902667e-14
4.039425841150298874e-14
4.472564805275863753e-01
3.119060821094286062e-01
3.408671259017976851e-01
3.785583917371830864e-01
3.499772262497365949e-01
3.274909488453308093e-01
3.486796649829134176e-01
3.459215219195087010e-01
3.246934612648280094e-01
3.243715077146664405e-01
3.204589554192533440e-01
3.055275768475824716e-01
2.922592024151247081e-01
2.784833842147996785e-01
2.606041666262983725e-01
2.396461690749296658e-01
2.159094472284728283e-01
1.888887735164090087e-01
1.583956617863823690e-01
1.243477305628457735e-01
8.663158037001786327e-02
4.519648950953526756e-02
1.688024720003511447e-12
1.645339711635383982e-12
1.458712657809937498e-12
1.299750058837028189e-12
1.145160555208862799e-12
9.880396705356671699e-13
8.236307688181554969e-13
6.813227470208114233e-13
5.503888220351058632e-13
4.206065780292939872e-13
2.957779334410959702e-13
1.775064304266119810e-13
7.723728289479897154e-14
0.000000000000000000e+00
0.000000000000000000e+00
0.000000000000000000e+00
0.000000000000000000e+00
0.000000000000000000e+00
0.000000000000000000e+00
0.000000000000000000e+00
0.000000000000000000e+00
0.000000000000000000e+00
0.000000000000000000e+00
0.000000000000000000e+00
0.000000000000000000e+00
0.000000000000000000e+00
0.000000000000000000e+00
0.000000000000000000e+00
7.270869745116291311e-15
1.261302464666057109e-14
2.397259012018509052e-14
3.171610519366444058e-14
3.986385308007728996e-14
4.582782032019353598e-14
4.898406745420450367e-14
5.248697280304237273e-14
5.519282740684846600e-14
5.395102589666701980e-14
5.267621540378170048e-14
5.119317470152741803e-14
4.858641724198399707e-14
4.587836279806690638e-14
4.359721785156129383e-14
3.910911747378068809e-14
3.661099188536061217e-14
3.500814930115551323e-14
3.303334336487522651e-14
3.068528091552133743e-14
2.918840926692027190e-14
2.753192302117890031e-14
2.618661560647951130e-14
2.453296130153827003e-14
2.383098494592203922e-14
2.283612013691272814e-14
2.248657703250713247e-14
2.343270019603059775e-14
1.334338232651384998e-14
4.213906461390887560e-14
5.070152851416005468e-01
4.352337119421773037e-01
4.583524921646370820e-01
4.971360463656352979e-01
4.836249885255887726e-01
4.676801138258551704e-01
4.937682997492393588e-01
4.987043236957022230e-01
4.859178262960292538e-01
4.949001979976542231e-01
5.022453313881534154e-01
4.993084866459658877e-01
4.992589333025300724e-01
5.000061604923731196e-01
4.973966852295846341e-01
4.925120952290984455e-01
4.856453888249226969e-01
4.760871418573222047e-01
4.634324168747368522e-01
4.474372981409709960e-01
4.278259684735820079e-01
4.043151710933172716e-01
3.766361267856383477e-01
3.445305062897489612e-01
3.077122490976448299e-01
2.659638396419106710e-01
2.191193512999105586e-01
1.670988650306159395e-01
1.099686030537037201e-01
4.782277842753696051e-02
1.591483238597146688e-12
1.340475186943989839e-12
1.112077962946654790e-12
9.203520837381166725e-13
7.336258242824958306e-13
5.743038484209077552e-13
4.241502258280458541e-13
2.813199054512119210e-13
1.503882419354337966e-13
4.302060426238653556e-14
0.000000000000000000e+00
0.000000000000000000e+00
0.000000000000000000e+00
0.000000000000000000e+00
0.000000000000000000e+00
0.000000000000000000e+00
0.000000000000000000e+00
0.000000000000000000e+00
0.000000000000000000e+00
0.000000000000000000e+00
0.000000000000000000e+00
0.000000000000000000e+00
0.000000000000000000e+00
0.000000000000000000e+00
1.049751196408661908e-14
2.242877491070488203e-14
3.176624930093350323e-14
3.912091394080231984e-14
4.598600741569979066e-14
4.925807181895580671e-14
5.295957546194460507e-14
5.523495197306071560e-14
5.387428800152871737e-14
5.076316368918970695e-14
5.061336197583151595e-14
4.739303973977670101e-14
4.401039716352267841e-14
4.036387503561477347e-14
3.793851870735902352e-14
3.511222137128786649e-14
3.328485774012229619e-14
3.108509275188377924e-14
2.863641079039603587e-14
2.658134307024529944e-14
2.492729555694493282e-14
2.418294355935432466e-14
2.331898940132848673e-14
2.210517935734336587e-14
1.432035274307001508e-14
4.302239003918360601e-14
7.301033670190326674e-01
7.747591756082961023e-01
7.354948997355674756e-01
7.610657845330057736e-01
7.518120011803953728e-01
7.366887899444247712e-01
7.623795867409070004e-01
7.693293626965989063e-01
7.586819934652382358e-01
7.709913163956855220e-01
7.827077088486660283e-01
7.844905348688714364e-01
7.905990034705170366e-01
7.989408489504568056e-01
8.049555553992724377e-01
8.100204145013261137e-01
8.145327054468972650e-01
8.177836541506506851e-01
8.192777739184370356e-01
8.187040395610026833e-01
8.157096435236337317e-01
8.098547747823674481e-01
8.008390307475067305e-01
7.881821643877828798e-01
7.714706655056609019e-01
7.501814128268691206e-01
7.239002836005884456e-01
6.922156790873160714e-01
6.548924848025744483e-01
6.116533101674880291e-01
5.622168813546579713e-01
5.063465919626807255e-01
4.437796277146614510e-01
3.745345903534742504e-01
2.985437911753078266e-01
2.161658256986493942e-01
1.277619690015633636e-01
3.376775024160458966e-02
1.150507613805454935e-12
8.837735358077509362e-13
6.322491619148023092e-13
4.459076104298777762e-13
2.773210677831453515e-13
1.239642078382574465e-13
7.008839380811517608e-15
0.000000000000000000e+00
0.000000000000000000e+00
0.000000000000000000e+00
0.000000000000000000e+00
0.000000000000000000e+00
0.000000000000000000e+00
0.000000000000000000e+00
0.000000000000000000e+00
0.000000000000000000e+00
0.000000000000000000e+00
0.000000000000000000e+00
0.000000000000000000e+00
6.252779460638224670e-15
1.973564629868939064e-14
3.047859697102251366e-14
3.863201171261683550e-14
4.642375764544928514e-14
5.003952960368454534e-14
5.388695212934759560e-14
5.627188416072653897e-14
5.412217800332505480e-14
5.237159524164750615e-14
5.025550817079056914e-14
4.595574256360059813e-14
4.122715163151412215e-14
3.782084877838711891e-14
3.504342779256943786e-14
3.227480220286408669e-14
2.746477697135970936e-14
2.779473251199903572e-14
2.580397364623252696e-14
2.460632343001171579e-14
2.363233121263387182e-14
1.361444455294642977e-14
4.287221714712434762e-14
9.136580187427401079e-01
9.999999999984892085e-01
9.933206821050880597e-01
9.999999999986065591e-01
9.999999999985615950e-01
9.984711721143032515e-01
9.999999999985705879e-01
9.999999999986041166e-01
9.999999999985607069e-01
9.999999999986377563e-01
9.999999999987083665e-01
9.999999999987445598e-01
9.999999999988069543e-01
9.999999999988672394e-01
9.999999999989250821e-01
9.999999999989859223e-01
9.999999999990450972e-01
9.999999999991048272e-01
9.999999999991535660e-01
9.999999999992077448e-01
9.999999999992533750e-01
9.999999999992978950e-01
9.999999999993358646e-01
9.999999999993709476e-01
9.999999999994063637e-01
9.999999999994282351e-01
9.999999999994455546e-01
9.999999999994569899e-01
9.999999999994547695e-01
9.999999999994420019e-01
9.999999999994197974e-01
9.999999999993823829e-01
9.999999999993364197e-01
9.999999999992548183e-01
9.999999999991191491e-01
9.677218847918448441e-01
9.048598794685125402e-01
8.326472923805110504e-01
7.498807282027002419e-01
6.551717734401679705e-01
5.489185342935023471e-01
4.329182928557236965e-01
3.102498099884370419e-01
1.840043638687142158e-01
5.529241747130685808e-02
8.103687142476026891e-13
4.994549019887398583e-13
2.857383678383879149e-13
1.020640730002725812e-13
0.000000000000000000e+00
0.000000000000000000e+00
0.000000000000000000e+00
0.000000000000000000e+00
0.000000000000000000e+00
0.000000000000000000e+00
0.000000000000000000e+00
0.000000000000000000e+00
0.000000000000000000e+00
0.000000000000000000e+00
0.000000000000000000e+00
7.815470566275468438e-16
1.432600125321553534e-14
2.786778524938613531e-14
3.688304097732952411e-14
4.606737220607837460e-14
5.067117197628829012e-14
5.473194285588213143e-14
5.641730704312296131e-14
5.423505814777958306e-14
5.209620946938546102e-14
4.736334642010387073e-14
4.291708195946872748e-14
3.750755764535946464e-14
3.457404429573580809e-14
3.126002993840801091e-14
2.866550646329677958e-14
2.637647437276091144e-14
2.463259370170261260e-14
1.354376849234601697e-14
4.418661209571900330e-14
9.999999999988948840e-01
9.999999999990430988e-01
9.999999999989415134e-01
9.999999999990409894e-01
9.999999999990336619e-01
9.999999999989531707e-01
9.999999999990666355e-01
9.999999999990905053e-01
9.999999999990643040e-01
9.999999999991111554e-01
9.999999999991540101e-01
9.999999999991754374e-01
9.999999999992124078e-01
9.999999999992462696e-01
9.999999999992885691e-01
9.999999999993250954e-01
9.999999999993699484e-01
9.999999999994099165e-01
9.999999999994535482e-01
9.999999999994955147e-01
9.999999999995321520e-01
9.999999999995671240e-01
9.999999999996033173e-01
9.999999999996397326e-01
9.999999999996724842e-01
9.999999999997030153e-01
9.999999999997297717e-01
9.999999999997523092e-01
9.999999999997738476e-01
9.999999999997913891e-01
9.999999999998063771e-01
9.999999999998178124e-01
9.999999999998244737e-01
9.999999999998262501e-01
9.999999999998231415e-01
9.999999999998134825e-01
9.999999999997978284e-01
9.999999999997738476e-01
9.999999999997418731e-01
9.999999999996980193e-01
9.999999999996359579e-01
9.999999999995595745e-01
9.999999999994404476e-01
9.999999999992769117e-01
9.999999999990663024e-01
9.999999999987371213e-01
9.016802826486544076e-01
7.540297809397490392e-01
5.902875713333990415e-01
4.169045157525996803e-01
2.393575117929128693e-01
6.101727415847027491e-02
3.529922590305849293e-13
1.139917674367534265e-13
0.000000000000000000e+00
0.000000000000000000e+00
0.000000000000000000e+00
0.000000000000000000e+00
0.000000000000000000e+00
0.000000000000000000e+00
0.000000000000000000e+00
0.000000000000000000e+00
0.000000000000000000e+00
0.000000000000000000e+00
5.917571128871224676e-15
2.119555871388226560e-14
3.441822250657961246e-14
4.459019299106180752e-14
5.096365187432356852e-14
5.612729742405371677e-14
5.598081097291713428e-14
5.339889663775992042e-14
4.838868403262990575e-14
4.195746789907321798e-14
3.686879683543450898e-14
3.283643341999888649e-14
2.979958395693831312e-14
2.714029648168910454e-14
1.307610079345458862e-14
4.555828732758633913e-14
9.999999999992561506e-01
9.999999999994139133e-01
9.999999999993316457e-01
9.999999999993924860e-01
9.999999999993842703e-01
9.999999999993286481e-01
9.999999999994075850e-01
9.999999999994159117e-01
9.999999999993895994e-01
9.999999999994225730e-01
9.999999999994502176e-01
9.999999999994567679e-01
9.999999999994789723e-01
9.999999999995031752e-01
9.999999999995264899e-01
9.999999999995489164e-01
9.999999999995761168e-01
9.999999999996014299e-01
9.999999999996272981e-01
9.999999999996547206e-01
9.999999999996791455e-01
9.999999999997087885e-01
9.999999999997362110e-01
9.999999999997652989e-01
9.999999999997958300e-01
9.999999999998229194e-01
9.999999999998487876e-01
9.999999999998737676e-01
9.999999999998968603e-01
9.999999999999203970e-01
9.999999999999378275e-01
9.999999999999524825e-01
9.999999999999662492e-01
9.999999999999783507e-01
9.999999999999887867e-01
9.999999999999975575e-01
1.000000000000000000e+00
1.000000000000000000e+00
1.000000000000000000e+00
1.000000000000000000e+00
1.000000000000000000e+00
9.999999999999983347e-01
9.999999999999901190e-01
9.999999999999747979e-01
9.999999999999547029e-01
9.999999999999261702e-01
9.999999999998866462e-01
9.999999999998265832e-01
9.999999999997485345e-01
9.999999999996451727e-01
9.999999999995063948e-01
9.999999999993309796e-01
9.999999999990595301e-01
9.999999999987062571e-01
9.999999999982401855e-01
7.967543519181351508e-01
5.813272362888609601e-01
3.512860867634449713e-01
1.169899844475513068e-01
5.054807988192957374e-02
1.263208947623213098e-02
0.000000000000000000e+00
0.000000000000000000e+00
0.000000000000000000e+00
0.000000000000000000e+00
0.000000000000000000e+00
0.000000000000000000e+00
0.000000000000000000e+00
1.329672101003942516e-14
3.196764025526205770e-14
4.415187118076671668e-14
5.286545648812556118e-14
5.820384973086225038e-14
5.411507545469303033e-14
4.806070371637934803e-14
3.972636924806005892e-14
3.481776772410784621e-14
3.084769619512519361e-14
1.411149821952374669e-14
4.640873790385225197e-14
9.999999999995100586e-01
9.999999999996966871e-01
9.999999999996019850e-01
9.999999999996378452e-01
9.999999999996408429e-01
9.999999999995879962e-01
9.999999999996531663e-01
9.999999999996526112e-01
9.999999999996286304e-01
9.999999999996508349e-01
9.999999999996661559e-01
9.999999999996705968e-01
9.999999999996806999e-01
9.999999999996928013e-01
9.999999999997063460e-01
9.999999999997194466e-01
9.999999999997354339e-01
9.999999999997504219e-01
9.999999999997667421e-01
9.999999999997858380e-01
9.999999999998019362e-01
9.999999999998209210e-01
9.999999999998396838e-01
9.999999999998594458e-01
9.999999999998817612e-01
9.999999999999026334e-01
9.999999999999207301e-01
9.999999999999374944e-01
9.999999999999542588e-01
9.999999999999712452e-01
9.999999999999877875e-01
1.000000000000000000e+00
1.000000000000000000e+00
1.000000000000000000e+00
1.000000000000000000e+00
1.000000000000000000e+00
1.000000000000000000e+00
1.000000000000000000e+00
1.000000000000000000e+00
1.000000000000000000e+00
1.000000000000000000e+00
1.000000000000000000e+00
1.000000000000000000e+00
1.000000000000000000e+00
1.000000000000000000e+00
1.000000000000000000e+00
1.000000000000000000e+00
1.000000000000000000e+00
1.000000000000000000e+00
1.000000000000000000e+00
1.000000000000000000e+00
1.000000000000000000e+00
1.000000000000000000e+00
1.000000000000000000e+00
9.999999999999883427e-01
9.999999999999308331e-01
9.999999999998470113e-01
9.999999999997140065e-01
9.999999999995322630e-01
9.999999999993024469e-01
9.999999999989783728e-01
9.999999999984706678e-01
9.999999999977831067e-01
8.675076060633765129e-01
5.691551406392357793e-01
3.783537079510622680e-01
2.110930553204246884e-01
7.790121426769701374e-02
3.153434203132614300e-02
3.820964085809617702e-03
0.000000000000000000e+00
6.832918107609036899e-15
3.200892800500297284e-14
4.944636808482450054e-14
5.807555952590247960e-14
5.283683878918288045e-14
4.584438885369250689e-14
3.658392241217709145e-14
1.461066023454478841e-14
5.097176762747863803e-14
9.999999999996982414e-01
9.999999999999036326e-01
9.999999999998222533e-01
9.999999999998381295e-01
9.999999999998460121e-01
9.999999999997966071e-01
9.999999999998493427e-01
9.999999999998470113e-01
9.999999999998220312e-01
9.999999999998369082e-01
9.999999999998461231e-01
9.999999999998433475e-01
9.999999999998467892e-01
9.999999999998513411e-01
9.999999999998570033e-01
9.999999999998628875e-01
9.999999999998687716e-01
9.999999999998762101e-01
9.999999999998837596e-01
9.999999999998906430e-01
9.999999999998979705e-01
9.999999999999076294e-01
9.999999999999167333e-01
9.999999999999262812e-01
9.999999999999371614e-01
9.999999999999487077e-01
9.999999999999601430e-01
9.999999999999727995e-01
9.999999999999862332e-01
9.999999999999960032e-01
1.000000000000000000e+00
1.000000000000000000e+00
1.000000000000000000e+00
1.000000000000000000e+00
1.000000000000000000e+00
1.000000000000000000e+00
1.000000000000000000e+00
1.000000000000000000e+00
1.000000000000000000e+00
1.000000000000000000e+00
1.000000000000000000e+00
1.000000000000000000e+00
1.000000000000000000e+00
1.000000000000000000e+00
1.000000000000000000e+00
1.000000000000000000e+00
1.000000000000000000e+00
1.000000000000000000e+00
1.000000000000000000e+00
1.000000000000000000e+00
1.000000000000000000e+00
1.000000000000000000e+00
1.000000000000000000e+00
1.000000000000000000e+00
1.000000000000000000e+00
1.000000000000000000e+00
1.000000000000000000e+00
1.000000000000000000e+00
1.000000000000000000e+00
1.000000000000000000e+00
1.000000000000000000e+00
1.000000000000000000e+00
1.000000000000000000e+00
1.000000000000000000e+00
9.999999999999527045e-01
9.999999999998061551e-01
9.999999999995493605e-01
9.999999999991617816e-01
9.999999999985453858e-01
9.999999999975567322e-01
8.301756396573538588e-01
5.502748846208742606e-01
2.642968524679282782e-01
4.307859838897915711e-02
1.887419624242213547e-14
4.984214990027411336e-14
5.899588778612523975e-14
4.975617305948459489e-14
2.129438489913752203e-14
5.416842784658952880e-14
9.999999999998497868e-01
1.000000000000000000e+00
9.999999999999674705e-01
9.999999999999703570e-01
9.999999999999802380e-01
9.999999999999431566e-01
9.999999999999780176e-01
9.999999999999739098e-01
9.999999999999532596e-01
9.999999999999611422e-01
9.999999999999642508e-01
9.999999999999599209e-01
9.999999999999582556e-01
9.999999999999581446e-01
9.999999999999577005e-01
9.999999999999577005e-01
9.999999999999575895e-01
9.999999999999581446e-01
9.999999999999594769e-01
9.999999999999611422e-01
9.999999999999630296e-01
9.999999999999661382e-01
9.999999999999700240e-01
9.999999999999739098e-01
9.999999999999790168e-01
9.999999999999849010e-01
9.999999999999892308e-01
9.999999999999941158e-01
9.999999999999995559e-01
1.000000000000000000e+00
1.000000000000000000e+00
1.000000000000000000e+00
1.000000000000000000e+00
1.000000000000000000e+00
1.000000000000000000e+00
1.000000000000000000e+00
1.000000000000000000e+00
1.000000000000000000e+00
1.000000000000000000e+00
1.000000000000000000e+00
1.000000000000000000e+00
1.000000000000000000e+00
1.000000000000000000e+00
1.000000000000000000e+00
1.000000000000000000e+00
1.000000000000000000e+00
1.000000000000000000e+00
1.000000000000000000e+00
1.000000000000000000e+00
1.000000000000000000e+00
1.000000000000000000e+00
1.000000000000000000e+00
1.000000000000000000e+00
1.000000000000000000e+00
1.000000000000000000e+00
1.000000000000000000e+00
9.999999999999977796e-01
9.999999999999965583e-01
9.999999999999937828e-01
9.999999999999935607e-01
9.999999999999923395e-01
9.999999999999905631e-01
9.999999999999874545e-01
9.999999999999845679e-01
9.999999999999827915e-01
9.999999999999832356e-01
9.999999999999863443e-01
9.999999999999911182e-01
9.999999999999968914e-01
1.000000000000000000e+00
1.000000000000000000e+00
9.999999999999980016e-01
9.999999999996379563e-01
9.999999999986468602e-01
9.999999999963880004e-01
4.491177003542401458e-01
1.374858915493951117e-02
5.276141636641658003e-14
3.285863765603889021e-14
5.280832083001549839e-14
9.999999999999475975e-01
1.000000000000000000e+00
1.000000000000000000e+00
1.000000000000000000e+00
1.000000000000000000e+00
1.000000000000000000e+00
1.000000000000000000e+00
1.000000000000000000e+00
1.000000000000000000e+00
1.000000000000000000e+00
1.000000000000000000e+00
1.000000000000000000e+00
1.000000000000000000e+00
1.000000000000000000e+00
1.000000000000000000e+00
1.000000000000000000e+00
1.000000000000000000e+00
1.000000000000000000e+00
1.000000000000000000e+00
1.000000000000000000e+00
1.000000000000000000e+00
1.000000000000000000e+00
1.000000000000000000e+00
1.000000000000000000e+00
1.000000000000000000e+00
1.000000000000000000e+00
1.000000000000000000e+00
1.000000000000000000e+00
1.000000000000000000e+00
1.000000000000000000e+00
1.000000000000000000e+00
1.000000000000000000e+00
1.000000000000000000e+00
1.000000000000000000e+00
1.000000000000000000e+00
1.000000000000000000e+00
1.000000000000000000e+00
1.000000000000000000e+00
1.000000000000000000e+00
1.000000000000000000e+00
1.000000000000000000e+00
1.000000000000000000e+00
1.000000000000000000e+00
1.000000000000000000e+00
1.000000000000000000e+00
1.000000000000000000e+00
1.000000000000000000e+00
1.000000000000000000e+00
1.000000000000000000e+00
9.999999999999990008e-01
9.999999999999955591e-01
9.999999999999920064e-01
9.999999999999888978e-01
9.999999999999860112e-01
9.999999999999827915e-01
9.999999999999804601e-01
9.999999999999787947e-01
9.999999999999764633e-01
9.999999999999750200e-01
9.999999999999732436e-01
9.999999999999716893e-01
9.999999999999709122e-01
9.999999999999692468e-01
9.999999999999686917e-01
9.999999999999695799e-01
9.999999999999720224e-01
9.999999999999750200e-01
9.999999999999769074e-01
9.999999999999793499e-01
9.999999999999786837e-01
9.999999999999779066e-01
9.999999999999785727e-01
9.999999999999806821e-01
9.999999999999803491e-01
9.999999999999779066e-01
1.000000000000000000e+00
9.999999999989849231e-01
6.263542785011175784e-01
5.337012385558007906e-14
4.158389231112781799e-14
1.000000000000000000e+00
1.000000000000000000e+00
1.000000000000000000e+00
1.000000000000000000e+00
1.000000000000000000e+00
1.000000000000000000e+00
1.000000000000000000e+00
1.000000000000000000e+00
1.000000000000000000e+00
1.000000000000000000e+00
1.000000000000000000e+00
1.000000000000000000e+00
1.000000000000000000e+00
1.000000000000000000e+00
1.000000000000000000e+00
1.000000000000000000e+00
1.000000000000000000e+00
1.000000000000000000e+00
1.000000000000000000e+00
1.000000000000000000e+00
1.000000000000000000e+00
1.000000000000000000e+00
1.000000000000000000e+00
1.000000000000000000e+00
1.000000000000000000e+00
1.000000000000000000e+00
1.000000000000000000e+00
1.000000000000000000e+00
1.000000000000000000e+00
1.000000000000000000e+00
1.000000000000000000e+00
1.000000000000000000e+00
1.000000000000000000e+00
1.000000000000000000e+00
1.000000000000000000e+00
1.000000000000000000e+00
1.000000000000000000e+00
1.000000000000000000e+00
1.000000000000000000e+00
1.000000000000000000e+00
1.000000000000000000e+00
1.000000000000000000e+00
1.000000000000000000e+00
1.000000000000000000e+00
1.000000000000000000e+00
1.000000000000000000e+00
1.000000000000000000e+00
9.999999999999978906e-01
9.999999999999940048e-01
9.999999999999900080e-01
9.999999999999857891e-01
9.999999999999827915e-01
9.999999999999790168e-01
9.999999999999761302e-01
9.999999999999731326e-01
9.999999999999711342e-01
9.999999999999696909e-01
9.999999999999686917e-01
9.999999999999678035e-01
9.999999999999690248e-01
9.999999999999693578e-01
9.999999999999723554e-01
9.999999999999747979e-01
9.999999999999771294e-01
9.999999999999794609e-01
9.999999999999821254e-01
9.999999999999860112e-01
9.999999999999891198e-01
9.999999999999918954e-01
9.999999999999955591e-01
9.999999999999914513e-01
9.999999999999902300e-01
9.999999999999915623e-01
9.999999999999911182e-01
9.999999999999915623e-01
9.999999999999886757e-01
9.999999999999924505e-01
9.999999999999800160e-01
9.999999999978178566e-01
2.546138687468332829e-01
1.000000000000000000e+00
1.000000000000000000e+00
1.000000000000000000e+00
1.000000000000000000e+00
1.000000000000000000e+00
1.000000000000000000e+00
1.000000000000000000e+00
1.000000000000000000e+00
1.000000000000000000e+00
1.000000000000000000e+00
1.000000000000000000e+00
1.000000000000000000e+00
1.000000000000000000e+00
1.000000000000000000e+00
1.000000000000000000e+00
1.000000000000000000e+00
1.000000000000000000e+00
1.000000000000000000e+00
1.000000000000000000e+00
1.000000000000000000e+00
1.000000000000000000e+00
1.000000000000000000e+00
1.000000000000000000e+00
1.000000000000000000e+00
1.000000000000000000e+00
1.000000000000000000e+00
1.000000000000000000e+00
1.000000000000000000e+00
1.000000000000000000e+00
1.000000000000000000e+00
1.000000000000000000e+00
1.000000000000000000e+00
1.000000000000000000e+00
1.000000000000000000e+00
1.000000000000000000e+00
1.000000000000000000e+00
1.000000000000000000e+00
1.000000000000000000e+00
1.000000000000000000e+00
1.000000000000000000e+00
1.000000000000000000e+00
1.000000000000000000e+00
1.000000000000000000e+00
1.000000000000000000e+00
1.000000000000000000e+00
1.000000000000000000e+00
9.999999999999973355e-01
9.999999999999932276e-01
9.999999999999891198e-01
9.999999999999845679e-01
9.999999999999805711e-01
9.999999999999764633e-01
9.999999999999735767e-01
9.999999999999704681e-01
9.999999999999692468e-01
9.999999999999676925e-01
9.999999999999672484e-01
9.999999999999684697e-01
9.999999999999699130e-01
9.999999999999724665e-01
9.999999999999747979e-01
9.999999999999771294e-01
9.999999999999793499e-01
9.999999999999820144e-01
9.999999999999845679e-01
9.999999999999871214e-01
9.999999999999941158e-01
9.999999999999941158e-01
9.999999999999918954e-01
9.999999999999926725e-01
9.999999999999940048e-01
9.999999999999962252e-01
9.999999999999984457e-01
9.999999999999991118e-01
9.999999999999975575e-01
9.999999999999930056e-01
1.000000000000000000e+00
9.999999999999923395e-01
9.999999999999928946e-01
9.999999999999863443e-01
1.000000000000000000e+00
1.000000000000000000e+00
1.000000000000000000e+00
1.000000000000000000e+00
1.000000000000000000e+00
1.000000000000000000e+00
1.000000000000000000e+00
1.000000000000000000e+00
1.000000000000000000e+00
1.000000000000000000e+00
1.000000000000000000e+00
1.000000000000000000e+00
1.000000000000000000e+00
1.000000000000000000e+00
1.000000000000000000e+00
1.000000000000000000e+00
1.000000000000000000e+00
1.000000000000000000e+00
1.000000000000000000e+00
1.000000000000000000e+00
1.000000000000000000e+00
1.000000000000000000e+00
1.000000000000000000e+00
1.000000000000000000e+00
1.000000000000000000e+00
1.000000000000000000e+00
1.000000000000000000e+00
1.000000000000000000e+00
1.000000000000000000e+00
1.000000000000000000e+00
1.000000000000000000e+00
1.000000000000000000e+00
9.999999999999991118e-01
9.999999999999964473e-01
9.999999999999947820e-01
9.999999999999937828e-01
9.999999999999931166e-01
9.999999999999932276e-01
9.999999999999938938e-01
9.999999999999951150e-01
9.999999999999971134e-01
9.999999999999982236e-01
9.999999999999994449e-01
1.000000000000000000e+00
1.000000000000000000e+00
9.999999999999984457e-01
9.999999999999951150e-01
9.999999999999904521e-01
9.999999999999861222e-01
9.999999999999817923e-01
9.999999999999772404e-01
9.999999999999739098e-01
9.999999999999705791e-01
9.999999999999686917e-01
9.999999999999675815e-01
9.999999999999673594e-01
9.999999999999682476e-01
9.999999999999702460e-01
9.999999999999726885e-01
9.999999999999756861e-01
9.999999999999775735e-01
9.999999999999822364e-01
9.999999999999826805e-01
9.999999999999847899e-01
9.999999999999883427e-01
1.000000000000000000e+00
9.999999999999945599e-01
9.999999999999915623e-01
9.999999999999924505e-01
9.999999999999945599e-01
9.999999999999954481e-01
9.999999999999977796e-01
9.999999999999975575e-01
9.999999999999992228e-01
1.000000000000000000e+00
1.000000000000000000e+00
1.000000000000000000e+00
9.999999999999851230e-01
9.999999999999282796e-01
9.999999999999430456e-01
1.000000000000000000e+00
1.000000000000000000e+00
1.000000000000000000e+00
1.000000000000000000e+00
1.000000000000000000e+00
1.000000000000000000e+00
1.000000000000000000e+00
1.000000000000000000e+00
1.000000000000000000e+00
1.000000000000000000e+00
1.000000000000000000e+00
1.000000000000000000e+00
1.000000000000000000e+00
1.000000000000000000e+00
1.000000000000000000e+00
1.000000000000000000e+00
1.000000000000000000e+00
1.000000000000000000e+00
1.000000000000000000e+00
1.000000000000000000e+00
1.000000000000000000e+00
1.000000000000000000e+00
1.000000000000000000e+00
1.000000000000000000e+00
1.000000000000000000e+00
1.000000000000000000e+00
1.000000000000000000e+00
1.000000000000000000e+00
1.000000000000000000e+00
1.000000000000000000e+00
1.000000000000000000e+00
9.999999999999997780e-01
9.999999999999963363e-01
9.999999999999930056e-01
9.999999999999907851e-01
9.999999999999886757e-01
9.999999999999871214e-01
9.999999999999863443e-01
9.999999999999863443e-01
9.999999999999868994e-01
9.999999999999878986e-01
9.999999999999895639e-01
9.999999999999923395e-01
9.999999999999930056e-01
9.999999999999943379e-01
9.999999999999943379e-01
9.999999999999931166e-01
9.999999999999892308e-01
9.999999999999847899e-01
9.999999999999803491e-01
9.999999999999762412e-01
9.999999999999725775e-01
9.999999999999696909e-01
9.999999999999678035e-01
9.999999999999672484e-01
9.999999999999676925e-01
9.999999999999696909e-01
9.999999999999719114e-01
9.999999999999764633e-01
9.999999999999770184e-01
9.999999999999813483e-01
9.999999999999845679e-01
9.999999999999836797e-01
9.999999999999859002e-01
1.000000000000000000e+00
9.999999999999995559e-01
9.999999999999928946e-01
9.999999999999915623e-01
9.999999999999928946e-01
9.999999999999947820e-01
9.999999999999965583e-01
9.999999999999967804e-01
9.999999999999991118e-01
9.999999999999996669e-01
1.000000000000000000e+00
1.000000000000000000e+00
9.999999999999952260e-01
9.999999999999797939e-01
9.999999999998718803e-01
9.999999999999306111e-01
1.000000000000000000e+00
1.000000000000000000e+00
1.000000000000000000e+00
1.000000000000000000e+00
1.000000000000000000e+00
1.000000000000000000e+00
1.000000000000000000e+00
1.000000000000000000e+00
1.000000000000000000e+00
1.000000000000000000e+00
1.000000000000000000e+00
1.000000000000000000e+00
1.000000000000000000e+00
1.000000000000000000e+00
1.000000000000000000e+00
1.000000000000000000e+00
1.000000000000000000e+00
1.000000000000000000e+00
1.000000000000000000e+00
1.000000000000000000e+00
1.000000000000000000e+00
1.000000000000000000e+00
1.000000000000000000e+00
1.000000000000000000e+00
1.000000000000000000e+00
1.000000000000000000e+00
1.000000000000000000e+00
1.000000000000000000e+00
1.000000000000000000e+00
1.000000000000000000e+00
1.000000000000000000e+00
9.999999999999998890e-01
9.999999999999962252e-01
9.999999999999931166e-01
9.999999999999905631e-01
9.999999999999885647e-01
9.999999999999875655e-01
9.999999999999864553e-01
9.999999999999865663e-01
9.999999999999868994e-01
9.999999999999881206e-01
9.999999999999896749e-01
9.999999999999920064e-01
9.999999999999931166e-01
9.999999999999945599e-01
9.999999999999944489e-01
9.999999999999928946e-01
9.999999999999894529e-01
9.999999999999852340e-01
9.999999999999804601e-01
9.999999999999763522e-01
9.999999999999724665e-01
9.999999999999698019e-01
9.999999999999674705e-01
9.999999999999671374e-01
9.999999999999679146e-01
9.999999999999693578e-01
9.999999999999718003e-01
9.999999999999767963e-01
9.999999999999771294e-01
9.999999999999810152e-01
9.999999999999843459e-01
9.999999999999837907e-01
9.999999999999856781e-01
1.000000000000000000e+00
1.000000000000000000e+00
9.999999999999930056e-01
9.999999999999917843e-01
9.999999999999930056e-01
9.999999999999945599e-01
9.999999999999958922e-01
9.999999999999970024e-01
9.999999999999991118e-01
9.999999999999992228e-01
1.000000000000000000e+00
9.999999999999971134e-01
9.999999999999951150e-01
9.999999999999820144e-01
9.999999999998709921e-01
9.999999999999353850e-01
1.000000000000000000e+00
1.000000000000000000e+00
1.000000000000000000e+00
1.000000000000000000e+00
1.000000000000000000e+00
1.000000000000000000e+00
1.000000000000000000e+00
1.000000000000000000e+00
1.000000000000000000e+00
1.000000000000000000e+00
1.000000000000000000e+00
1.000000000000000000e+00
1.000000000000000000e+00
1.000000000000000000e+00
1.000000000000000000e+00
1.000000000000000000e+00
1.000000000000000000e+00
1.000000000000000000e+00
1.000000000000000000e+00
1.000000000000000000e+00
1.000000000000000000e+00
1.000000000000000000e+00
1.000000000000000000e+00
1.000000000000000000e+00
1.000000000000000000e+00
1.000000000000000000e+00
1.000000000000000000e+00
1.000000000000000000e+00
1.000000000000000000e+00
1.000000000000000000e+00
1.000000000000000000e+00
1.000000000000000000e+00
9.999999999999987788e-01
9.999999999999966693e-01
9.999999999999946709e-01
9.999999999999935607e-01
9.999999999999930056e-01
9.999999999999932276e-01
9.999999999999938938e-01
9.999999999999951150e-01
9.999999999999971134e-01
9.999999999999983347e-01
9.999999999999994449e-01
1.000000000000000000e+00
1.000000000000000000e+00
9.999999999999984457e-01
9.999999999999948930e-01
9.999999999999903411e-01
9.999999999999861222e-01
9.999999999999816813e-01
9.999999999999775735e-01
9.999999999999736877e-01
9.999999999999708011e-01
9.999999999999688027e-01
9.999999999999673594e-01
9.999999999999670264e-01
9.999999999999684697e-01
9.999999999999704681e-01
9.999999999999731326e-01
9.999999999999757971e-01
9.999999999999775735e-01
9.999999999999819034e-01
9.999999999999825695e-01
9.999999999999844569e-01
9.999999999999884537e-01
1.000000000000000000e+00
9.999999999999945599e-01
9.999999999999914513e-01
9.999999999999925615e-01
9.999999999999936717e-01
9.999999999999958922e-01
9.999999999999971134e-01
9.999999999999986677e-01
9.999999999999987788e-01
1.000000000000000000e+00
1.000000000000000000e+00
1.000000000000000000e+00
9.999999999999854561e-01
9.999999999999245048e-01
9.999999999999422684e-01
1.000000000000000000e+00
1.000000000000000000e+00
1.000000000000000000e+00
1.000000000000000000e+00
1.000000000000000000e+00
1.000000000000000000e+00
1.000000000000000000e+00
1.000000000000000000e+00
1.000000000000000000e+00
1.000000000000000000e+00
1.000000000000000000e+00
1.000000000000000000e+00
1.000000000000000000e+00
1.000000000000000000e+00
1.000000000000000000e+00
1.000000000000000000e+00
1.000000000000000000e+00
1.000000000000000000e+00
1.000000000000000000e+00
1.000000000000000000e+00
1.000000000000000000e+00
1.000000000000000000e+00
1.000000000000000000e+00
1.000000000000000000e+00
1.000000000000000000e+00
1.000000000000000000e+00
1.000000000000000000e+00
1.000000000000000000e+00
1.000000000000000000e+00
1.000000000000000000e+00
1.000000000000000000e+00
1.000000000000000000e+00
1.000000000000000000e+00
1.000000000000000000e+00
1.000000000000000000e+00
1.000000000000000000e+00
1.000000000000000000e+00
1.000000000000000000e+00
1.000000000000000000e+00
1.000000000000000000e+00
1.000000000000000000e+00
1.000000000000000000e+00
1.000000000000000000e+00
1.000000000000000000e+00
1.000000000000000000e+00
1.000000000000000000e+00
9.999999999999976685e-01
9.999999999999934497e-01
9.999999999999887867e-01
9.999999999999846789e-01
9.999999999999806821e-01
9.999999999999766853e-01
9.999999999999732436e-01
9.999999999999708011e-01
9.999999999999690248e-01
9.999999999999676925e-01
9.999999999999676925e-01
9.999999999999684697e-01
9.999999999999698019e-01
9.999999999999725775e-01
9.999999999999745759e-01
9.999999999999766853e-01
9.999999999999794609e-01
9.999999999999819034e-01
9.999999999999849010e-01
9.999999999999874545e-01
9.999999999999943379e-01
9.999999999999936717e-01
9.999999999999917843e-01
9.999999999999930056e-01
9.999999999999942268e-01
9.999999999999958922e-01
9.999999999999977796e-01
9.999999999999977796e-01
9.999999999999985567e-01
9.999999999999946709e-01
1.000000000000000000e+00
9.999999999999922284e-01
9.999999999999917843e-01
9.999999999999859002e-01
1.000000000000000000e+00
1.000000000000000000e+00
1.000000000000000000e+00
1.000000000000000000e+00
1.000000000000000000e+00
1.000000000000000000e+00
1.000000000000000000e+00
1.000000000000000000e+00
1.000000000000000000e+00
1.000000000000000000e+00
1.000000000000000000e+00
1.000000000000000000e+00
1.000000000000000000e+00
1.000000000000000000e+00
1.000000000000000000e+00
1.000000000000000000e+00
1.000000000000000000e+00
1.000000000000000000e+00
1.000000000000000000e+00
1.000000000000000000e+00
1.000000000000000000e+00
1.000000000000000000e+00
1.000000000000000000e+00
1.000000000000000000e+00
1.000000000000000000e+00
1.000000000000000000e+00
1.000000000000000000e+00
1.000000000000000000e+00
1.000000000000000000e+00
1.000000000000000000e+00
1.000000000000000000e+00
1.000000000000000000e+00
1.000000000000000000e+00
1.000000000000000000e+00
1.000000000000000000e+00
1.000000000000000000e+00
1.000000000000000000e+00
1.000000000000000000e+00
1.000000000000000000e+00
1.000000000000000000e+00
1.000000000000000000e+00
1.000000000000000000e+00
1.000000000000000000e+00
1.000000000000000000e+00
1.000000000000000000e+00
1.000000000000000000e+00
1.000000000000000000e+00
9.999999999999978906e-01
9.999999999999940048e-01
9.999999999999901190e-01
9.999999999999862332e-01
9.999999999999823475e-01
9.999999999999787947e-01
9.999999999999760192e-01
9.999999999999734657e-01
9.999999999999713562e-01
9.999999999999695799e-01
9.999999999999685807e-01
9.999999999999679146e-01
9.999999999999683586e-01
9.999999999999695799e-01
9.999999999999730216e-01
9.999999999999750200e-01
9.999999999999772404e-01
9.999999999999797939e-01
9.999999999999824585e-01
9.999999999999860112e-01
9.999999999999884537e-01
9.999999999999916733e-01
9.999999999999951150e-01
9.999999999999916733e-01
9.999999999999901190e-01
9.999999999999913403e-01
9.999999999999903411e-01
9.999999999999918954e-01
9.999999999999886757e-01
9.999999999999933387e-01
9.999999999999800160e-01
9.999999999978288479e-01
2.546138687472041529e-01
9.999999999999481526e-01
1.000000000000000000e+00
1.000000000000000000e+00
1.000000000000000000e+00
1.000000000000000000e+00
1.000000000000000000e+00
1.000000000000000000e+00
1.000000000000000000e+00
1.000000000000000000e+00
1.000000000000000000e+00
1.000000000000000000e+00
1.000000000000000000e+00
1.000000000000000000e+00
1.000000000000000000e+00
1.000000000000000000e+00
1.000000000000000000e+00
1.000000000000000000e+00
1.000000000000000000e+00
1.000000000000000000e+00
1.000000000000000000e+00
1.000000000000000000e+00
1.000000000000000000e+00
1.000000000000000000e+00
1.000000000000000000e+00
1.000000000000000000e+00
1.000000000000000000e+00
1.000000000000000000e+00
1.000000000000000000e+00
1.000000000000000000e+00
1.000000000000000000e+00
1.000000000000000000e+00
1.000000000000000000e+00
1.000000000000000000e+00
1.000000000000000000e+00
1.000000000000000000e+00
1.000000000000000000e+00
1.000000000000000000e+00
1.000000000000000000e+00
1.000000000000000000e+00
1.000000000000000000e+00
1.000000000000000000e+00
1.000000000000000000e+00
1.000000000000000000e+00
1.000000000000000000e+00
1.000000000000000000e+00
1.000000000000000000e+00
1.000000000000000000e+00
1.000000000000000000e+00
1.000000000000000000e+00
9.999999999999988898e-01
9.999999999999954481e-01
9.999999999999920064e-01
9.999999999999892308e-01
9.999999999999861222e-01
9.999999999999831246e-01
9.999999999999807931e-01
9.999999999999785727e-01
9.999999999999762412e-01
9.999999999999743538e-01
9.999999999999736877e-01
9.999999999999709122e-01
9.999999999999711342e-01
9.999999999999693578e-01
9.999999999999688027e-01
9.999999999999698019e-01
9.999999999999720224e-01
9.999999999999742428e-01
9.999999999999766853e-01
9.999999999999794609e-01
9.999999999999774625e-01
9.999999999999774625e-01
9.999999999999782396e-01
9.999999999999802380e-01
9.999999999999806821e-01
9.999999999999779066e-01
1.000000000000000000e+00
9.999999999989853672e-01
6.263542785011051439e-01
5.265332099984367622e-14
4.173939407668672982e-14
9.999999999998492317e-01
1.000000000000000000e+00
9.999999999999676925e-01
9.999999999999703570e-01
9.999999999999806821e-01
9.999999999999424904e-01
9.999999999999777955e-01
9.999999999999735767e-01
9.999999999999530376e-01
9.999999999999606981e-01
9.999999999999640288e-01
9.999999999999598099e-01
9.999999999999583666e-01
9.999999999999581446e-01
9.999999999999577005e-01
9.999999999999570344e-01
9.999999999999578115e-01
9.999999999999579225e-01
9.999999999999592548e-01
9.999999999999608091e-01
9.999999999999630296e-01
9.999999999999660272e-01
9.999999999999696909e-01
9.999999999999739098e-01
9.999999999999791278e-01
9.999999999999849010e-01
9.999999999999891198e-01
9.999999999999942268e-01
9.999999999999995559e-01
1.000000000000000000e+00
1.000000000000000000e+00
1.000000000000000000e+00
1.000000000000000000e+00
1.000000000000000000e+00
1.000000000000000000e+00
1.000000000000000000e+00
1.000000000000000000e+00
1.000000000000000000e+00
1.000000000000000000e+00
1.000000000000000000e+00
1.000000000000000000e+00
1.000000000000000000e+00
1.000000000000000000e+00
1.000000000000000000e+00
1.000000000000000000e+00
1.000000000000000000e+00
1.000000000000000000e+00
1.000000000000000000e+00
1.000000000000000000e+00
1.000000000000000000e+00
1.000000000000000000e+00
1.000000000000000000e+00
1.000000000000000000e+00
1.000000000000000000e+00
1.000000000000000000e+00
1.000000000000000000e+00
9.999999999999976685e-01
9.999999999999958922e-01
9.999999999999944489e-01
9.999999999999942268e-01
9.999999999999926725e-01
9.999999999999905631e-01
9.999999999999878986e-01
9.999999999999851230e-01
9.999999999999827915e-01
9.999999999999836797e-01
9.999999999999860112e-01
9.999999999999910072e-01
9.999999999999971134e-01
1.000000000000000000e+00
1.000000000000000000e+00
9.999999999999980016e-01
9.999999999996370681e-01
9.999999999986464161e-01
9.999999999964150899e-01
4.491177003541489965e-01
1.374858915490879442e-02
5.283859971539843393e-14
3.287741102313403406e-14
5.486573796572206999e-14
9.999999999996989075e-01
9.999999999999038547e-01
9.999999999998216982e-01
9.999999999998384625e-01
9.999999999998455680e-01
9.999999999997976063e-01
9.999999999998492317e-01
9.999999999998472333e-01
9.999999999998222533e-01
9.999999999998364641e-01
9.999999999998457900e-01
9.999999999998436806e-01
9.999999999998466782e-01
9.999999999998515632e-01
9.999999999998565592e-01
9.999999999998622213e-01
9.999999999998686606e-01
9.999999999998764322e-01
9.999999999998835376e-01
9.999999999998908651e-01
9.999999999998987477e-01
9.999999999999072964e-01
9.999999999999168443e-01
9.999999999999269473e-01
9.999999999999374944e-01
9.999999999999487077e-01
9.999999999999604761e-01
9.999999999999727995e-01
9.999999999999864553e-01
9.999999999999961142e-01
1.000000000000000000e+00
1.000000000000000000e+00
1.000000000000000000e+00
1.000000000000000000e+00
1.000000000000000000e+00
1.000000000000000000e+00
1.000000000000000000e+00
1.000000000000000000e+00
1.000000000000000000e+00
1.000000000000000000e+00
1.000000000000000000e+00
1.000000000000000000e+00
1.000000000000000000e+00
1.000000000000000000e+00
1.000000000000000000e+00
1.000000000000000000e+00
1.000000000000000000e+00
1.000000000000000000e+00
1.000000000000000000e+00
1.000000000000000000e+00
1.000000000000000000e+00
1.000000000000000000e+00
1.000000000000000000e+00
1.000000000000000000e+00
1.000000000000000000e+00
1.000000000000000000e+00
1.000000000000000000e+00
1.000000000000000000e+00
1.000000000000000000e+00
1.000000000000000000e+00
1.000000000000000000e+00
1.000000000000000000e+00
1.000000000000000000e+00
1.000000000000000000e+00
9.999999999999521494e-01
9.999999999998058220e-01
9.999999999995451416e-01
9.999999999991564525e-01
9.999999999985572652e-01
9.999999999975394127e-01
8.301756396577752994e-01
5.502748846208136424e-01
2.642968524679033537e-01
4.307859838898384780e-02
2.067550185735900932e-14
4.925833517984895810e-14
5.884917850335348180e-14
4.998858007016021630e-14
2.104508641934525848e-14
5.513656253479951600e-14
9.999999999995083932e-01
9.999999999996956879e-01
9.999999999996015410e-01
9.999999999996398437e-01
9.999999999996403988e-01
9.999999999995877742e-01
9.999999999996508349e-01
9.999999999996520561e-01
9.999999999996286304e-01
9.999999999996507238e-01
9.999999999996658229e-01
9.999999999996718181e-01
9.999999999996801447e-01
9.999999999996929123e-01
9.999999999997056799e-01
9.999999999997181144e-01
9.999999999997349898e-01
9.999999999997515321e-01
9.999999999997675193e-01
9.999999999997847278e-01
9.999999999998023803e-01
9.999999999998203659e-01
9.999999999998392397e-01
9.999999999998600009e-01
9.999999999998804290e-01
9.999999999999028555e-01
9.999999999999208411e-01
9.999999999999372724e-01
9.999999999999541478e-01
9.999999999999709122e-01
9.999999999999877875e-01
1.000000000000000000e+00
1.000000000000000000e+00
1.000000000000000000e+00
1.000000000000000000e+00
1.000000000000000000e+00
1.000000000000000000e+00
1.000000000000000000e+00
1.000000000000000000e+00
1.000000000000000000e+00
1.000000000000000000e+00
1.000000000000000000e+00
1.000000000000000000e+00
1.000000000000000000e+00
1.000000000000000000e+00
1.000000000000000000e+00
1.000000000000000000e+00
1.000000000000000000e+00
1.000000000000000000e+00
1.000000000000000000e+00
1.000000000000000000e+00
1.000000000000000000e+00
1.000000000000000000e+00
1.000000000000000000e+00
9.999999999999881206e-01
9.999999999999308331e-01
9.999999999998473443e-01
9.999999999997126743e-01
9.999999999995339284e-01
9.999999999993067767e-01
9.999999999989835908e-01
9.999999999984786614e-01
9.999999999977925436e-01
8.675076060629788310e-01
5.691551406389878665e-01
3.783537079510096435e-01
2.110930553201912363e-01
7.790121426763092771e-02
3.153434203124905189e-02
3.820964085794098866e-03
0.000000000000000000e+00
6.945854928181828405e-15
3.286158549861655886e-14
4.956049821248579155e-14
5.777432158732267169e-14
5.344365599367136842e-14
4.654116498466737898e-14
3.663495315268604974e-14
1.446695789789042727e-14
5.174427232017100272e-14
9.999999999992514876e-01
9.999999999994141353e-01
9.999999999993277600e-01
9.999999999993959277e-01
9.999999999993808286e-01
9.999999999993282040e-01
9.999999999994082511e-01
9.999999999994128030e-01
9.999999999993920419e-01
9.999999999994232391e-01
9.999999999994449995e-01
9.999999999994624300e-01
9.999999999994773070e-01
9.999999999994992894e-01
9.999999999995249356e-01
9.999999999995515809e-01
9.999999999995755617e-01
9.999999999996010969e-01
9.999999999996268540e-01
9.999999999996530553e-01
9.999999999996801447e-01
9.999999999997122302e-01
9.999999999997369882e-01
9.999999999997661870e-01
9.999999999997956079e-01
9.999999999998245848e-01
9.999999999998492317e-01
9.999999999998717692e-01
9.999999999998966382e-01
9.999999999999200639e-01
9.999999999999380496e-01
9.999999999999524825e-01
9.999999999999664713e-01
9.999999999999782396e-01
9.999999999999888978e-01
9.999999999999976685e-01
1.000000000000000000e+00
1.000000000000000000e+00
1.000000000000000000e+00
1.000000000000000000e+00
1.000000000000000000e+00
9.999999999999984457e-01
9.999999999999900080e-01
9.999999999999749090e-01
9.999999999999543698e-01
9.999999999999262812e-01
9.999999999998867573e-01
9.999999999998269162e-01
9.999999999997489786e-01
9.999999999996442845e-01
9.999999999995076161e-01
9.999999999993324229e-01
9.999999999990577537e-01
9.999999999987022603e-01
9.999999999982509546e-01
7.967543519168973631e-01
5.813272362877839328e-01
3.512860867626736994e-01
1.169899844469171335e-01
5.054807988152252435e-02
1.263208947611640411e-02
0.000000000000000000e+00
0.000000000000000000e+00
0.000000000000000000e+00
0.000000000000000000e+00
0.000000000000000000e+00
0.000000000000000000e+00
0.000000000000000000e+00
1.322759725312367098e-14
3.157930313997372663e-14
4.432669581807641376e-14
5.261592241982712548e-14
5.786807254869505875e-14
5.395595843055286678e-14
4.803239700266104460e-14
3.978639763170182563e-14
3.521389836063405567e-14
3.070639454537267126e-14
1.328707739856906965e-14
4.916704552429174619e-14
9.999999999989052091e-01
9.999999999990462074e-01
9.999999999989421795e-01
9.999999999990462074e-01
9.999999999990303312e-01
9.999999999989571675e-01
9.999999999990756283e-01
9.999999999990863975e-01
9.999999999990613064e-01
9.999999999991132649e-01
9.999999999991587840e-01
9.999999999991756594e-01
9.999999999992118527e-01
9.999999999992481570e-01
9.999999999992883470e-01
9.999999999993233191e-01
9.999999999993686162e-01
9.999999999994138022e-01
9.999999999994574340e-01
9.999999999994979571e-01
9.999999999995333733e-01
9.999999999995653477e-01
9.999999999996026512e-01
9.999999999996389555e-01
9.999999999996710409e-01
9.999999999997045697e-01
9.999999999997302158e-01
9.999999999997525313e-01
9.999999999997740696e-01
9.999999999997913891e-01
9.999999999998060440e-01
9.999999999998167022e-01
9.999999999998244737e-01
9.999999999998268052e-01
9.999999999998232525e-01
9.999999999998125944e-01
9.999999999997973843e-01
9.999999999997735145e-01
9.999999999997426503e-01
9.999999999997007949e-01
9.999999999996365130e-01
9.999999999995593525e-01
9.999999999994441113e-01
9.999999999992799093e-01
9.999999999990712984e-01
9.999999999987294608e-01
9.016802826462015918e-01
7.540297809374427729e-01
5.902875713313888717e-01
4.169045157509210231e-01
2.393575117914245043e-01
6.101727415733994297e-02
3.544207640803367435e-13
1.110233544843556910e-13
0.000000000000000000e+00
0.000000000000000000e+00
0.000000000000000000e+00
0.000000000000000000e+00
0.000000000000000000e+00
0.000000000000000000e+00
0.000000000000000000e+00
0.000000000000000000e+00
0.000000000000000000e+00
0.000000000000000000e+00
5.904312855073036064e-15
2.195198972699996554e-14
3.447699869839348415e-14
4.457772431597290031e-14
5.116167067652408520e-14
5.574776578116889368e-14
5.620570174538562466e-14
5.325159923948500271e-14
4.857581328462874171e-14
4.226855093906668124e-14
3.680951679019777375e-14
3.287556320388524558e-14
2.990502609421598175e-14
2.698597210359745796e-14
1.352669541438419262e-14
4.541567202031546576e-14
9.136580187421282639e-01
9.999999999984793275e-01
9.933206821042186441e-01
9.999999999985981214e-01
9.999999999985575982e-01
9.984711721134281737e-01
9.999999999985695887e-01
9.999999999985997867e-01
9.999999999985660359e-01
9.999999999986386445e-01
9.999999999987151389e-01
9.999999999987519983e-01
9.999999999988075094e-01
9.999999999988689048e-01
9.999999999989340749e-01
9.999999999989886978e-01
9.999999999990536459e-01
9.999999999991011634e-01
9.999999999991600053e-01
9.999999999992074118e-01
9.999999999992553734e-01
9.999999999992938982e-01
9.999999999993289812e-01
9.999999999993715027e-01
9.999999999994022559e-01
9.999999999994273470e-01
9.999999999994420019e-01
9.999999999994517719e-01
9.999999999994531041e-01
9.999999999994443334e-01
9.999999999994217958e-01
9.999999999993881561e-01
9.999999999993364197e-01
9.999999999992517097e-01
9.999999999991222577e-01
9.677218847876681851e-01
9.048598794643706311e-01
8.326472923763887923e-01
7.498807281986139550e-01
6.551717734361438561e-01
5.489185342897089370e-01
4.329182928522073981e-01
3.102498099853930325e-01
1.840043638661040537e-01
5.529241746911357780e-02
8.070021791644112468e-13
4.954594744769298265e-13
2.855504242029311275e-13
1.022257448852573031e-13
0.000000000000000000e+00
0.000000000000000000e+00
0.000000000000000000e+00
0.000000000000000000e+00
0.000000000000000000e+00
0.000000000000000000e+00
0.000000000000000000e+00
0.000000000000000000e+00
0.000000000000000000e+00
0.000000000000000000e+00
0.000000000000000000e+00
4.999774158142741215e-16
1.439988121365415338e-14
2.799645984622642290e-14
3.694777488745137142e-14
4.563583891001883942e-14
5.393451900530853297e-14
5.451886147644629591e-14
5.664861285861506080e-14
5.434243015065592655e-14
5.200624366493097557e-14
4.746006344484846071e-14
4.227751065989154823e-14
3.784900756117729574e-14
3.463295600221423567e-14
3.173736972456267611e-14
2.826673500736024894e-14
2.664365563110876011e-14
2.450048077044387620e-14
1.329541094546359724e-14
4.420777192017563726e-14
7.301033670163992184e-01
7.747591756040375088e-01
7.354948997318977444e-01
7.610657845294170887e-01
7.518120011765779820e-01
7.366887899405666351e-01
7.623795867370432022e-01
7.693293626927325546e-01
7.586819934614076333e-01
7.709913163918742374e-01
7.827077088448772813e-01
7.844905348651077803e-01
7.905990034667560451e-01
7.989408489466708341e-01
8.049555553954405029e-01
8.100204144974210152e-01
8.145327054428925795e-01
8.177836541465129949e-01
8.192777739141520188e-01
8.187040395565617912e-01
8.157096435190339667e-01
8.098547747775931560e-01
8.008390307425626853e-01
7.881821643826528723e-01
7.714706655003635838e-01
7.501814128214123745e-01
7.239002835950146819e-01
6.922156790816700322e-01
6.548924847969096463e-01
6.116533101618623069e-01
5.622168813491081885e-01
5.063465919572452956e-01
4.437796277093651875e-01
3.745345903483677796e-01
2.985437911704484359e-01
2.161658256940164058e-01
1.277619689972538108e-01
3.376775023765021116e-02
1.157131949861671060e-12
8.773427865555441893e-13
6.365113247256824312e-13
4.433929315207763090e-13
2.773851098803029939e-13
1.242789833029992160e-13
7.297607700165966365e-15
0.000000000000000000e+00
0.000000000000000000e+00
0.000000000000000000e+00
0.000000000000000000e+00
0.000000000000000000e+00
0.000000000000000000e+00
0.000000000000000000e+00
0.000000000000000000e+00
0.000000000000000000e+00
0.000000000000000000e+00
0.000000000000000000e+00
0.000000000000000000e+00
6.820453038082108812e-15
1.985373374723298220e-14
3.042360452350182215e-14
3.861373120905233921e-14
4.657111304482204698e-14
5.018298411057999702e-14
5.398805837109337364e-14
5.596116770169474159e-14
5.413331860174848266e-14
5.245422486324089907e-14
5.064346663785550996e-14
4.627801247743438840e-14
4.160374636446447457e-14
3.763234510548380476e-14
3.510597350397651267e-14
3.223018351435958497e-14
3.011458635098118518e-14
2.766051424065030963e-14
2.598557649862640023e-14
2.462871309854256650e-14
2.322031926056571458e-14
1.332765014929607290e-14
4.264056129542877684e-14
5.070152851375200331e-01
4.352337119353519301e-01
4.583524921587215917e-01
4.971360463596620760e-01
4.836249885191978848e-01
4.676801138193867335e-01
4.937682997427822462e-01
4.987043236892497178e-01
4.859178262896221012e-01
4.949001979912771021e-01
5.022453313817760723e-01
4.993084866395852139e-01
4.992589332961054893e-01
5.000061604858831998e-01
4.973966852230026769e-01
4.925120952224183446e-01
4.856453888181447853e-01
4.760871418504341035e-01
4.634324168677667055e-01
4.474372981338990973e-01
4.278259684664500462e-01
4.043151710861617176e-01
3.766361267784857358e-01
3.445305062826183873e-01
3.077122490905654373e-01
2.659638396349272571e-01
2.191193512930708631e-01
1.670988650239790541e-01
1.099686030473053522e-01
4.782277842143450863e-02
1.580250145148676122e-12
1.335714473921344292e-12
1.129397257286825303e-12
9.297091011712459129e-13
7.345376863200470472e-13
5.760488341675884880e-13
4.230232494057593922e-13
2.793237278907982758e-13
1.497862909233076026e-13
4.278115458864327023e-14
0.000000000000000000e+00
0.000000000000000000e+00
0.000000000000000000e+00
0.000000000000000000e+00
0.000000000000000000e+00
0.000000000000000000e+00
0.000000000000000000e+00
0.000000000000000000e+00
0.000000000000000000e+00
0.000000000000000000e+00
0.000000000000000000e+00
0.000000000000000000e+00
0.000000000000000000e+00
0.000000000000000000e+00
1.052226765949086061e-14
2.296218853043765960e-14
3.178595347325710007e-14
3.952201018130336172e-14
4.612737803308176568e-14
4.979788157908925006e-14
5.312024934340338677e-14
5.567462748491764930e-14
5.462012859656660025e-14
5.278534913391324657e-14
5.095532954532677666e-14
4.763240878015339862e-14
4.400418567015025674e-14
4.079291020735409782e-14
3.759250964591542498e-14
3.500502449150349805e-14
3.295662957473991663e-14
3.055083259848304080e-14
2.858696941396768248e-14
2.696707637443124493e-14
2.536571692595708124e-14
2.413727176130329675e-14
2.321523771390917039e-14
2.255404269165026099e-14
1.352403869790766063e-14
4.228546996499965251e-14
4.472564805219432782e-01
3.119060820997954231e-01
3.408671258935573878e-01
3.785583917286203803e-01
3.499772262407752632e-01
3.274909488363133558e-01
3.486796649740190324e-01
3.459215219107049655e-01
3.246934612561482858e-01
3.243715077060583263e-01
3.204589554106721527e-01
3.055275768390425251e-01
2.922592024065917560e-01
2.784833842062551246e-01
2.606041666177493776e-01
2.396461690663870547e-01
2.159094472199490355e-01
1.888887735079200214e-01
1.583956617779762044e-01
1.243477305545555994e-01
8.663158036188933764e-02
4.519648950161508916e-02
1.692378875928213233e-12
1.641316348317114404e-12
1.463691629681875513e-12
1.297784071804128007e-12
1.143623041377542876e-12
9.814936497735279830e-13
8.301373273514609267e-13
6.823405657741419387e-13
5.482046099045375232e-13
4.228151520486073362e-13
2.960174892580656607e-13
1.800603479336954004e-13
7.796135798720006753e-14
0.000000000000000000e+00
0.000000000000000000e+00
0.000000000000000000e+00
0.000000000000000000e+00
0.000000000000000000e+00
0.000000000000000000e+00
0.000000000000000000e+00
0.000000000000000000e+00
0.000000000000000000e+00
0.000000000000000000e+00
0.000000000000000000e+00
0.000000000000000000e+00
0.000000000000000000e+00
0.000000000000000000e+00
0.000000000000000000e+00
1.354675051196933582e-15
1.286612841461913339e-14
2.432149956198221396e-14
3.180871527846601575e-14
3.923046340765154595e-14
4.603416907692901588e-14
4.916896806541675431e-14
5.216047677894513015e-14
5.518919413321378876e-14
5.393470440409113575e-14
5.256000175510068015e-14
5.128393130718795467e-14
4.853010120491053611e-14
4.570580910086562854e-14
4.254592871521740782e-14
3.916134274122095646e-14
3.701648573469440050e-14
3.479221028223388580e-14
3.302419506766332278e-14
3.100049742642449822e-14
2.977521638846982929e-14
2.749559299734866790e-14
2.624312320442541162e-14
2.490772671951578174e-14
2.385735297839496988e-14
2.293412696274307284e-14
2.243319401505294089e-14
2.200860904559006112e-14
1.354599934253484728e-14
4.214405941875763443e-14
1.302487529297171598e-01
1.184920049121927173e-12
1.500461787764429883e-12
2.453042243214006990e-02
2.077339097880378377e-03
1.509681268885287864e-12
4.275732809008937069e-03
6.405760235030054373e-04
1.572781401643075228e-12
1.608524836764491095e-12
1.607448603668709576e-12
1.556012107789633894e-12
1.503762778788860843e-12
1.454718418894279182e-12
1.399441262014632857e-12
1.332509798191791491e-12
1.261651507597675170e-12
1.186714386320893222e-12
1.105363080307635102e-12
1.013019886902775794e-12
9.188044018297075592e-13
8.191686085555244629e-13
7.130650009587978025e-13
6.210096325788324190e-13
5.223199283766627329e-13
4.276235470927988436e-13
3.341901471836958849e-13
2.349032407627644889e-13
1.416549754286910240e-13
6.432811912835316598e-14
0.000000000000000000e+00
0.000000000000000000e+00
0.000000000000000000e+00
0.000000000000000000e+00
0.000000000000000000e+00
0.000000000000000000e+00
0.000000000000000000e+00
0.000000000000000000e+00
0.000000000000000000e+00
0.000000000000000000e+00
0.000000000000000000e+00
0.000000000000000000e+00
0.000000000000000000e+00
0.000000000000000000e+00
0.000000000000000000e+00
0.000000000000000000e+00
0.000000000000000000e+00
3.689941614173193965e-15
1.379776989685827564e-14
2.426545540275120419e-14
3.154663210927255431e-14
3.820993991608824725e-14
4.508902262765018007e-14
4.808120650806818142e-14
5.134951146470754302e-14
5.438533346836468337e-14
5.406268808589761331e-14
5.276584038076557991e-14
5.147916629626829718e-14
4.998257066744178547e-14
4.688159644300094782e-14
4.387684939642347893e-14
4.092068131846482729e-14
3.795116253653090598e-14
3.612028190178063394e-14
3.470871551854704651e-14
3.260211805139417290e-14
3.113701623439944210e-14
2.948895018673738217e-14
2.798495034686437693e-14
2.662612339033601514e-14
2.553487940426280377e-14
2.431756038764593788e-14
2.356407284210519346e-14
2.296774201919954441e-14
2.228407099186118936e-14
1.975281631804398669e-14
2.165627574626608716e-14
1.337067397551223427e-14
4.183143089935806409e-14
1.563445446854064835e-01
1.376438761785647784e-12
1.553541021878727105e-12
1.757343278459068923e-12
1.583781647082606162e-12
1.445092870173098101e-12
1.553379741574732532e-12
1.494628231623104756e-12
1.385136464623060895e-12
1.358902008410882873e-12
1.322804882030552919e-12
1.247528818953094006e-12
1.180521384026259153e-12
1.111915815643559541e-12
1.025290395642500174e-12
9.417513074937989811e-13
8.412591524184828526e-13
7.469590747577194358e-13
6.643951481292236118e-13
5.716062386270441605e-13
4.809166608452979128e-13
3.902068901112920445e-13
2.984294869773763723e-13
2.081164907149874152e-13
1.201611048053635402e-13
5.036153248891207844e-14
0.000000000000000000e+00
0.000000000000000000e+00
0.000000000000000000e+00
0.000000000000000000e+00
0.000000000000000000e+00
0.000000000000000000e+00
0.000000000000000000e+00
0.000000000000000000e+00
0.000000000000000000e+00
0.000000000000000000e+00
0.000000000000000000e+00
0.000000000000000000e+00
0.000000000000000000e+00
0.000000000000000000e+00
0.000000000000000000e+00
0.000000000000000000e+00
0.000000000000000000e+00
0.000000000000000000e+00
4.745182087269745253e-15
1.304964854107744873e-14
2.332176207961269785e-14
3.015749110955778970e-14
3.585757112470750537e-14
4.286632248359346722e-14
4.741627521785532061e-14
5.001400610978571960e-14
5.309274346801889017e-14
5.471751229626011372e-14
5.316691151050488802e-14
5.227297730322898256e-14
5.075631160764644562e-14
4.830504219592549645e-14
4.583710027378505247e-14
4.301548151590118160e-14
4.003075400271142614e-14
3.719947115459406477e-14
3.599095571710961184e-14
3.422811693985450041e-14
3.272349530484846239e-14
3.107386451991551497e-14
2.949165956165864647e-14
2.800967858077991508e-14
2.699743474344212169e-14
2.566722051929240251e-14
2.481675102868918278e-14
2.374056999016158547e-14
2.353645535086764514e-14
2.262702487755064973e-14
2.228863634641754587e-14
2.163389295167043786e-14
2.183539033823585610e-14
2.169896244124678108e-14
1.331539215305372318e-14
4.200416581789064461e-14
4.854224458438631889e-13
0.000000000000000000e+00
2.021551987698591142e-13
3.082281445163480813e-13
2.669832465484670156e-13
2.086341929139458894e-13
2.556759269158799469e-13
2.351094065209248801e-13
1.971987505717827098e-13
1.870397455016195274e-13
1.710526134698684672e-13
1.432124103804896123e-13
1.148338571296318414e-13
8.499857198285669789e-14
5.956327441580114073e-14
2.931916311342859377e-14
0.000000000000000000e+00
0.000000000000000000e+00
0.000000000000000000e+00
0.000000000000000000e+00
0.000000000000000000e+00
0.000000000000000000e+00
0.000000000000000000e+00
0.000000000000000000e+00
0.000000000000000000e+00
0.000000000000000000e+00
0.000000000000000000e+00
0.000000000000000000e+00
0.000000000000000000e+00
0.000000000000000000e+00
0.000000000000000000e+00
0.000000000000000000e+00
0.000000000000000000e+00
0.000000000000000000e+00
0.000000000000000000e+00
0.000000000000000000e+00
0.000000000000000000e+00
0.000000000000000000e+00
0.000000000000000000e+00
0.000000000000000000e+00
5.008197722063107951e-15
1.278895738865620378e-14
2.017363684989358971e-14
2.801422687231248245e-14
3.364955997193849872e-14
3.837772802453542491e-14
4.299463111527406138e-14
4.706331259816201746e-14
4.933374543248868482e-14
5.173419926357376288e-14
5.434954685696034810e-14
5.314649697506789868e-14
5.216480682035617808e-14
5.113153219750670809e-14
4.969496662769086964e-14
4.707370968124037603e-14
4.462523083424883976e-14
4.180177910623397092e-14
3.934341538251758320e-14
3.648748155686782140e-14
3.530516481342079226e-14
3.366369866682864364e-14
3.229381819660481934e-14
3.094688188422446033e-14
2.943614764851936144e-14
2.750631351589943359e-14
2.723822767236968894e-14
2.617476563545115737e-14
2.551440659312587731e-14
2.409236907376668068e-14
2.329515936671313982e-14
2.287033605601349212e-14
2.239792417226388973e-14
2.213376651171200307e-14
2.119015530111958574e-14
2.110088342953774645e-14
2.123620724574630670e-14
2.099048650221167396e-14
1.344127578524792847e-14
4.150199263012968484e-14
1.460219889569472352e-12
5.910279094273693192e-13
7.571190275847603381e-13
8.632347735331239036e-13
7.365196081315519045e-13
6.298901612257975829e-13
6.646387806955205866e-13
6.179696919806133796e-13
5.306127046083736859e-13
4.921135689913180798e-13
4.457446333065036068e-13
3.830625885424902277e-13
3.208413243076295634e-13
2.543657452658055163e-13
1.918977328937336134e-13
1.240531464854569363e-13
6.812801084342317107e-14
1.170120282437607136e-14
0.000000000000000000e+00
0.000000000000000000e+00
0.000000000000000000e+00
0.000000000000000000e+00
0.000000000000000000e+00
0.000000000000000000e+00
0.000000000000000000e+00
0.000000000000000000e+00
0.000000000000000000e+00
0.000000000000000000e+00
0.000000000000000000e+00
0.000000000000000000e+00
0.000000000000000000e+00
0.000000000000000000e+00
0.000000000000000000e+00
0.000000000000000000e+00
0.000000000000000000e+00
0.000000000000000000e+00
0.000000000000000000e+00
0.000000000000000000e+00
0.000000000000000000e+00
5.241849247172823398e-15
1.452162234147749137e-14
2.327550128941768203e-14
2.985389922472820701e-14
3.364151522682191537e-14
4.119299970953549687e-14
4.672989664159578330e-14
4.892493162305546665e-14
5.150305754942885997e-14
5.407586932723388662e-14
5.507890437908193205e-14
5.424215844611940281e-14
5.241073310578168602e-14
5.123588828323728942e-14
4.936858905741389975e-14
4.641099001579582223e-14
4.380202001697921114e-14
4.136702388969544518e-14
3.820675946393970559e-14
3.618374346363414484e-14
3.467007728523997150e-14
3.333544671831119943e-14
3.150168288311336718e-14
2.977363763447761118e-14
2.867649882726932787e-14
2.764072225459906579e-14
2.638401772364425610e-14
2.573747213962462222e-14
2.462937464146178179e-14
2.410544497190897927e-14
2.341866372886350260e-14
2.276566123025180185e-14
2.216516677895882765e-14
2.200042377928101990e-14
2.167269973120092612e-14
2.163004180460819764e-14
2.128486187527157776e-14
2.176656758436736220e-14
2.086246859835463122e-14
1.325852916334063016e-14
4.164773257322237131e-14
0.000000000000000000e+00
0.000000000000000000e+00
0.000000000000000000e+00
0.000000000000000000e+00
0.000000000000000000e+00
0.000000000000000000e+00
0.000000000000000000e+00
0.000000000000000000e+00
0.000000000000000000e+00
0.000000000000000000e+00
0.000000000000000000e+00
0.000000000000000000e+00
0.000000000000000000e+00
0.000000000000000000e+00
0.000000000000000000e+00
0.000000000000000000e+00
0.000000000000000000e+00
0.000000000000000000e+00
0.000000000000000000e+00
0.000000000000000000e+00
0.000000000000000000e+00
0.000000000000000000e+00
0.000000000000000000e+00
0.000000000000000000e+00
0.000000000000000000e+00
0.000000000000000000e+00
0.000000000000000000e+00
1.220469313406386207e-15
8.820943355583686370e-15
1.683033175125008694e-14
2.232147600403629114e-14
2.878604088930946360e-14
3.367435608870428639e-14
3.976139456926678748e-14
4.286829073617709774e-14
4.509529240542169617e-14
4.784596923188411624e-14
5.096872084002575422e-14
5.146991714442179226e-14
5.039203229364644850e-14
4.979073660787323730e-14
4.855134015435761612e-14
4.765314798539494602e-14
4.537374400919649118e-14
4.248226714089177696e-14
4.001721677493153915e-14
3.738155092573255044e-14
3.515154654275447791e-14
3.376707431951772897e-14
3.225374082298917070e-14
3.009434630184032205e-14
2.836763886565032254e-14
2.577808276796893371e-14
2.449990669123633354e-14
2.344525644616400383e-14
2.228433965875777008e-14
1.965048956586696407e-14
1.809648616964600008e-14
1.677673958348489936e-14
1.476218652743683394e-14
1.412859846541280415e-14
1.430264450172685755e-14
1.410047770220467881e-14
1.329458905112027076e-14
1.385798391841560965e-14
1.355962594073196722e-14
1.366424810556569202e-14
1.325631437167484266e-14
1.343645561814654115e-14
1.296508573289591962e-14
1.350799352005862871e-14
1.337286739333790122e-14
1.343881889998117021e-14
1.354399832562657357e-14
1.323841819434989400e-14
1.335936811617830450e-14
1.273747657284002181e-14
1.483255939154602841e-14
9.697424709385675014e-15
2.451332947059681389e-14
8.826958284978023150e-02
5.435111895489989296e-13
7.373225343011103969e-13
8.551007508413047723e-13
7.853573218114857836e-13
6.512275269743017289e-13
6.771637135656901822e-13
6.384995583539621627e-13
5.674346146625400923e-13
5.095043558618073196e-13
4.610374493262292456e-13
4.011775365840020357e-13
3.399247328704148459e-13
2.770733546746442861e-13
2.103661885628666659e-13
1.477511101123423667e-13
8.358519775781912803e-14
3.491129726451098711e-14
0.000000000000000000e+00
0.000000000000000000e+00
0.000000000000000000e+00
0.000000000000000000e+00
0.000000000000000000e+00
0.000000000000000000e+00
0.000000000000000000e+00
0.000000000000000000e+00
0.000000000000000000e+00
0.000000000000000000e+00
0.000000000000000000e+00
0.000000000000000000e+00
0.000000000000000000e+00
0.000000000000000000e+00
0.000000000000000000e+00
0.000000000000000000e+00
0.000000000000000000e+00
0.000000000000000000e+00
0.000000000000000000e+00
0.000000000000000000e+00
0.000000000000000000e+00
0.000000000000000000e+00
0.000000000000000000e+00
0.000000000000000000e+00
2.865942160887931766e-15
1.008753270166610456e-14
1.729429215983949367e-14
2.394079103690302011e-14
3.054613458609844857e-14
3.551323849118594890e-14
3.985464009942613473e-14
4.392959423367544890e-14
4.830508713331427357e-14
5.080702626197037481e-14
5.280638113440295870e-14
5.456030752293104556e-14
5.588333436409581950e-14
5.575552847250390061e-14
5.752178412377558109e-14
5.600366541781529150e-14
5.522156494966046897e-14
5.375633518438057916e-14
5.358106253146841738e-14
5.286939686419391053e-14
5.093418207626980030e-14
4.959747967512264728e-14
4.764238077104413468e-14
4.607738114240197329e-14
4.465593335866032727e-14
4.447910272481200183e-14
4.356545055792588533e-14
4.374889640891908193e-14
4.271489237978453501e-14
4.282874046390434572e-14
4.182359622692301622e-14
4.242127534121832760e-14
4.209039319668334378e-14
4.065425646400997828e-14
4.147181568041099048e-14
4.118877942523950805e-14
2.404508393479974757e-14
4.245575067766780328e-14
