# densities
1.0000
1.0000
1.0000
1.0000
0.9874
0.7341
0.5935
0.4469
0.3003
0.1925
0.1004
0.0213
0.0000
0.0000
0.0000
0.0000
0.0000
0.0000
0.0000
0.0000
0.0000
0.0000
0.0000
0.0000
0.0000
0.0000
0.0000
0.0000
0.0000
0.0000
0.0000
0.0000
0.0000
0.0000
0.0000
0.0000
0.0000
0.0000
0.0000
0.0000
1.0000
1.0000
1.0000
1.0000
1.0000
0.7312
0.5048
0.2628
0.0157
0.0000
0.0000
0.0000
0.0000
0.0000
0.0000
0.0000
0.0000
0.0000
0.0000
0.0000
0.0000
0.0000
0.0000
0.0000
0.0000
0.0000
0.0000
0.0000
0.0000
0.0000
0.0000
0.0000
0.0000
0.0000
0.0000
0.0000
0.0000
0.0000
0.0000
0.0000
0.9495
1.0000
1.0000
1.0000
1.0000
1.0000
1.0000
0.8734
0.6541
0.4629
0.2755
0.1022
0.0000
0.0000
0.0000
0.0000
0.0000
0.0000
0.0000
0.0000
0.0000
0.0000
0.0000
0.0000
0.0000
0.0000
0.0000
0.0000
0.0000
0.0000
0.0000
0.0000
0.0000
0.0000
0.0000
0.0000
0.0000
0.0000
0.0000
0.0000
0.5865
0.7545
0.8707
1.0000
1.0000
1.0000
1.0000
1.0000
0.8677
0.6893
0.4904
0.2888
0.1090
0.0000
0.0000
0.0000
0.0000
0.0000
0.0000
0.0000
0.0000
0.0000
0.0000
0.0000
0.0000
0.0000
0.0000
0.0000
0.0000
0.0000
0.0000
0.0000
0.0000
0.0000
0.0000
0.0000
0.0000
0.0000
0.0000
0.0000
0.5299
0.6376
0.5633
0.7734
0.8477
0.9361
1.0000
1.0000
0.9477
0.8280
0.6588
0.4621
0.2712
0.0963
0.0000
0.0000
0.0000
0.0000
0.0000
0.0000
0.0000
0.0000
0.0000
0.0000
0.0000
0.0000
0.0000
0.0000
0.0000
0.0000
0.0000
0.0000
0.0000
0.0000
0.0000
0.0000
0.0000
0.0000
0.0000
0.0000
0.4979
0.5391
0.4042
0.5560
0.6229
0.7513
0.9481
1.0000
1.0000
0.9797
0.8655
0.6960
0.5073
0.3176
0.1392
0.0000
0.0000
0.0000
0.0000
0.0000
0.0000
0.0000
0.0000
0.0000
0.0000
0.0000
0.0000
0.0000
0.0000
0.0000
0.0000
0.0000
0.0000
0.0000
0.0000
0.0000
0.0000
0.0000
0.0000
0.0000
0.4971
0.5089
0.3364
0.4326
0.4471
0.5547
0.7711
0.8991
0.9771
1.0000
0.9779
0.8641
0.7068
0.5259
0.3398
0.1629
0.0035
0.0000
0.0000
0.0000
0.0000
0.0000
0.0000
0.0000
0.0000
0.0000
0.0000
0.0000
0.0000
0.0000
0.0000
0.0000
0.0000
0.0000
0.0000
0.0000
0.0000
0.0000
0.0000
0.0000
0.4816
0.4816
0.3189
0.3729
0.3257
0.3765
0.5742
0.7199
0.8497
0.9589
0.9960
0.9545
0.8515
0.7030
0.5286
0.3479
0.1749
0.0177
0.0000
0.0000
0.0000
0.0000
0.0000
0.0000
0.0000
0.0000
0.0000
0.0000
0.0000
0.0000
0.0000
0.0000
0.0000
0.0000
0.0000
0.0000
0.0000
0.0000
0.0000
0.0000
0.4586
0.4517
0.3086
0.3415
0.2512
0.2413
0.4029
0.5373
0.6886
0.8419
0.9435
0.9746
0.9377
0.8392
0.6951
0.5260
0.3503
0.1814
0.0271
0.0000
0.0000
0.0000
0.0000
0.0000
0.0000
0.0000
0.0000
0.0000
0.0000
0.0000
0.0000
0.0000
0.0000
0.0000
0.0000
0.0000
0.0000
0.0000
0.0000
0.0000
0.4227
0.4032
0.2850
0.3125
0.2005
0.1390
0.2631
0.3693
0.5184
0.6915
0.8373
0.9308
0.9612
0.9238
0.8260
0.6849
0.5200
0.3487
0.1836
0.0323
0.0000
0.0000
0.0000
0.0000
0.0000
0.0000
0.0000
0.0000
0.0000
0.0000
0.0000
0.0000
0.0000
0.0000
0.0000
0.0000
0.0000
0.0000
0.0000
0.0000
0.3752
0.3365
0.2380
0.2706
0.1515
0.0556
0.1506
0.2237
0.3560
0.5291
0.6977
0.8363
0.9261
0.9522
0.9114
0.8129
0.6734
0.5116
0.3438
0.1823
0.0341
0.0000
0.0000
0.0000
0.0000
0.0000
0.0000
0.0000
0.0000
0.0000
0.0000
0.0000
0.0000
0.0000
0.0000
0.0000
0.0000
0.0000
0.0000
0.0000
0.3174
0.2532
0.1682
0.2114
0.0924
0.0000
0.0577
0.1014
0.2105
0.3700
0.5427
0.7069
0.8417
0.9255
0.9453
0.9003
0.8001
0.6611
0.5013
0.3365
0.1782
0.0330
0.0000
0.0000
0.0000
0.0000
0.0000
0.0000
0.0000
0.0000
0.0000
0.0000
0.0000
0.0000
0.0000
0.0000
0.0000
0.0000
0.0000
0.0000
0.2522
0.1576
0.0834
0.1405
0.0231
0.0000
0.0000
0.0000
0.0849
0.2235
0.3863
0.5581
0.7203
0.8497
0.9264
0.9398
0.8902
0.7876
0.6482
0.4897
0.3272
0.1717
0.0294
0.0000
0.0000
0.0000
0.0000
0.0000
0.0000
0.0000
0.0000
0.0000
0.0000
0.0000
0.0000
0.0000
0.0000
0.0000
0.0000
0.0000
0.1832
0.0549
0.0000
0.0668
0.0000
0.0000
0.0000
0.0000
0.0000
0.0943
0.2386
0.4036
0.5760
0.7351
0.8586
0.9286
0.9356
0.8810
0.7754
0.6349
0.4769
0.3162
0.1633
0.0238
0.0000
0.0000
0.0000
0.0000
0.0000
0.0000
0.0000
0.0000
0.0000
0.0000
0.0000
0.0000
0.0000
0.0000
0.0000
0.0000
0.1149
0.0000
0.0000
0.0000
0.0000
0.0000
0.0000
0.0000
0.0000
0.0000
0.1059
0.2545
0.4225
0.5945
0.7501
0.8681
0.9317
0.9324
0.8727
0.7634
0.6212
0.4631
0.3038
0.1533
0.0167
0.0000
0.0000
0.0000
0.0000
0.0000
0.0000
0.0000
0.0000
0.0000
0.0000
0.0000
0.0000
0.0000
0.0000
0.0000
0.0512
0.0000
0.0000
0.0000
0.0000
0.0000
0.0000
0.0000
0.0000
0.0000
0.0000
0.1184
0.2714
0.4413
0.6126
0.7650
0.8780
0.9355
0.9301
0.8649
0.7516
0.6071
0.4485
0.2903
0.1421
0.0084
0.0000
0.0000
0.0000
0.0000
0.0000
0.0000
0.0000
0.0000
0.0000
0.0000
0.0000
0.0000
0.0000
0.0000
0.0000
0.0000
0.0000
0.0000
0.0000
0.0000
0.0000
0.0000
0.0000
0.0000
0.0000
0.0000
0.1317
0.2880
0.4594
0.6300
0.7797
0.8882
0.9401
0.9286
0.8577
0.7399
0.5925
0.4331
0.2759
0.1299
0.0000
0.0000
0.0000
0.0000
0.0000
0.0000
0.0000
0.0000
0.0000
0.0000
0.0000
0.0000
0.0000
0.0000
0.0000
0.0000
0.0000
0.0000
0.0000
0.0000
0.0000
0.0000
0.0000
0.0000
0.0000
0.0000
0.0088
0.1447
0.3037
0.4765
0.6467
0.7943
0.8989
0.9455
0.9279
0.8510
0.7281
0.5774
0.4169
0.2606
0.1169
0.0000
0.0000
0.0000
0.0000
0.0000
0.0000
0.0000
0.0000
0.0000
0.0000
0.0000
0.0000
0.0000
0.0000
0.0000
0.0000
0.0000
0.0000
0.0000
0.0000
0.0000
0.0000
0.0000
0.0000
0.0000
0.0000
0.0177
0.1566
0.3181
0.4923
0.6628
0.8088
0.9102
0.9518
0.9280
0.8446
0.7162
0.5619
0.4001
0.2447
0.1035
0.0000
0.0000
0.0000
0.0000
0.0000
0.0000
0.0000
0.0000
0.0000
0.0000
0.0000
0.0000
0.0000
0.0000
0.0000
0.0000
0.0000
0.0000
0.0000
0.0000
0.0000
0.0000
0.0000
0.0000
0.0000
0.0000
0.0257
0.1672
0.3310
0.5069
0.6781
0.8235
0.9222
0.9591
0.9290
0.8387
0.7042
0.5459
0.3828
0.2284
0.0897
0.0000
0.0000
0.0000
0.0000
0.0000
0.0000
0.0000
0.0000
0.0000
0.0000
0.0000
0.0000
0.0000
0.0000
0.0000
0.0000
0.0000
0.0000
0.0000
0.0000
0.0000
0.0000
0.0000
0.0000
0.0000
0.0000
0.0326
0.1762
0.3421
0.5200
0.6927
0.8383
0.9352
0.9676
0.9309
0.8331
0.6921
0.5295
0.3651
0.2119
0.0759
0.0000
0.0000
0.0000
0.0000
0.0000
0.0000
0.0000
0.0000
0.0000
0.0000
0.0000
0.0000
0.0000
0.0000
0.0000
0.0000
0.0000
0.0000
0.0000
0.0000
0.0000
0.0000
0.0000
0.0000
0.0000
0.0000
0.0381
0.1831
0.3510
0.5314
0.7066
0.8536
0.9493
0.9774
0.9338
0.8280
0.6798
0.5129
0.3472
0.1954
0.0620
0.0000
0.0000
0.0000
0.0000
0.0000
0.0000
0.0000
0.0000
0.0000
0.0000
0.0000
0.0000
0.0000
0.0000
0.0000
0.0000
0.0000
0.0000
0.0000
0.0000
0.0000
0.0000
0.0000
0.0000
0.0000
0.0000
0.0420
0.1877
0.3575
0.5410
0.7198
0.8692
0.9646
0.9887
0.9377
0.8232
0.6676
0.4960
0.3293
0.1790
0.0481
0.0000
0.0000
0.0000
0.0000
0.0000
0.0000
0.0000
0.0000
0.0000
0.0000
0.0000
0.0000
0.0000
0.0000
0.0000
0.0000
0.0000
0.0000
0.0000
0.0000
0.0000
0.0000
0.0000
0.0000
0.0000
0.0000
0.0442
0.1897
0.3612
0.5485
0.7321
0.8854
0.9814
1.0000
0.9428
0.8190
0.6553
0.4791
0.3114
0.1624
0.0343
0.0000
0.0000
0.0000
0.0000
0.0000
0.0000
0.0000
0.0000
0.0000
0.0000
0.0000
0.0000
0.0000
0.0000
0.0000
0.0000
0.0000
0.0000
0.0000
0.0000
0.0000
0.0000
0.0000
0.0000
0.0000
0.0000
0.0447
0.1886
0.3615
0.5534
0.7434
0.9021
0.9998
1.0000
0.9491
0.8151
0.6431
0.4621
0.2929
0.1459
0.0209
0.0000
0.0000
0.0000
0.0000
0.0000
0.0000
0.0000
0.0000
0.0000
0.0000
0.0000
0.0000
0.0000
0.0000
0.0000
0.0000
0.0000
0.0000
0.0000
0.0000
0.0000
0.0000
0.0000
0.0000
0.0000
0.0000
0.0435
0.1843
0.3583
0.5555
0.7534
0.9192
1.0000
1.0000
0.9565
0.8120
0.6307
0.4439
0.2745
0.1305
0.0026
0.0000
0.0000
0.0000
0.0000
0.0000
0.0000
0.0000
0.0000
0.0000
0.0000
0.0000
0.0000
0.0000
0.0000
0.0000
0.0000
0.0000
0.0000
0.0000
0.0000
0.0000
0.0000
0.0000
0.0000
0.0000
0.0000
0.0409
0.1767
0.3511
0.5545
0.7619
0.9366
1.0000
1.0000
0.9654
0.8089
0.6164
0.4255
0.2578
0.1087
0.0000
0.0000
0.0000
0.0000
0.0000
0.0000
0.0000
0.0000
0.0000
0.0000
0.0000
0.0000
0.0000
0.0000
0.0000
0.0000
0.0000
0.0000
0.0000
0.0000
0.0000
0.0000
0.0000
0.0000
0.0000
0.0000
0.0000
0.0369
0.1658
0.3400
0.5501
0.7685
0.9534
1.0000
1.0000
0.9751
0.8031
0.6021
0.4102
0.2328
0.0772
0.0000
0.0000
0.0000
0.0000
0.0000
0.0000
0.0000
0.0000
0.0000
0.0000
0.0000
0.0000
0.0000
0.0000
0.0000
0.0000
0.0000
0.0000
0.0000
0.0000
0.0000
0.0000
0.0000
0.0000
0.0000
0.0000
0.0000
0.0317
0.1521
0.3251
0.5421
0.7721
0.9693
1.0000
1.0000
0.9804
0.7981
0.5938
0.3845
0.1922
0.0276
0.0000
0.0000
0.0000
0.0000
0.0000
0.0000
0.0000
0.0000
0.0000
0.0000
0.0000
0.0000
0.0000
0.0000
0.0000
0.0000
0.0000
0.0000
0.0000
0.0000
0.0000
0.0000
0.0000
0.0000
0.0000
0.0000
0.0000
0.0255
0.1364
0.3073
0.5299
0.7730
0.9879
1.0000
1.0000
0.9882
0.8045
0.5738
0.3384
0.1223
0.0000
0.0000
0.0000
0.0000
0.0000
0.0000
0.0000
0.0000
0.0000
0.0000
0.0000
0.0000
0.0000
0.0000
0.0000
0.0000
0.0000
0.0000
0.0000
0.0000
0.0000
0.0000
0.0000
0.0000
0.0000
0.0000
0.0000
0.0000
0.0193
0.1205
0.2871
0.5154
0.7770
1.0000
1.0000
1.0000
1.0000
0.8021
0.5364
0.2611
0.0051
0.0000
0.0000
0.0000
0.0000
0.0000
0.0000
0.0000
0.0000
0.0000
0.0000
0.0000
0.0000
0.0000
0.0000
0.0000
0.0000
0.0000
0.0000
0.0000
0.0000
0.0000
0.0000
0.0000
0.0000
0.0000
0.0000
0.0000
0.0000
0.0155
0.1070
0.2695
0.5071
0.7722
0.9872
1.0000
1.0000
0.9998
0.7936
0.4690
0.1274
0.0000
0.0000
0.0000
0.0000
0.0000
0.0000
0.0000
0.0000
0.0000
0.0000
0.0000
0.0000
0.0000
0.0000
0.0000
0.0000
0.0000
0.0000
0.0000
0.0000
0.0000
0.0000
0.0000
0.0000
0.0000
0.0000
0.0000
0.0000
0.0000
0.0163
0.1003
0.2611
0.4860
0.7278
0.9886
1.0000
1.0000
0.9999
0.7265
0.2962
0.0000
0.0000
0.0000
0.0000
0.0000
0.0000
0.0000
0.0000
0.0000
0.0000
0.0000
0.0000
0.0000
0.0000
0.0000
0.0000
0.0000
0.0000
0.0000
0.0000
0.0000
0.0000
0.0000
0.0000
0.0000
0.0000
0.0000
0.0000
0.0000
0.0000
0.0195
0.0980
0.2371
0.4302
0.7159
1.0000
1.0000
1.0000
1.0000
0.5603
0.0000
0.0510
0.0000
0.0000
0.0000
0.0000
0.0000
0.0000
0.0000
0.0000
0.0000
0.0000
0.0000
0.0000
0.0000
0.0000
0.0000
0.0000
0.0000
0.0000
0.0000
0.0000
0.0000
0.0000
0.0000
0.0000
0.0000
0.0000
0.0000
0.0000
0.0000
0.0288
0.0969
0.2193
0.4492
0.7784
1.0000
1.0000
1.0000
0.9720
0.2476
0.2524
0.0000
0.0000
0.0000
0.0000
0.0000
0.0000
0.0000
0.0000
0.0000
0.0000
0.0000
0.0000
0.0000
0.0000
0.0000
0.0000
0.0000
0.0000
0.0000
0.0000
0.0000
0.0000
0.0000
0.0000
0.0000
0.0000
0.0000
0.0000
0.0113
0.0388
0.0859
0.1707
0.3167
0.5292
0.8652
1.0000
1.0000
1.0000
0.4176
0.4559
0.0000
0.0000
0.0000
0.0000
0.0000
0.0000
0.0000
0.0000
0.0000
0.0000
0.0000
0.0000
0.0000
0.0000
0.0000
0.0000
0.0000
0.0000
0.0000
0.0000
0.0000
0.0000
0.0000
0.0000
0.0000
0.0000
0.0000
0.0032
0.0439
0.0918
0.1529
0.2400
0.3240
0.3652
0.5544
1.0000
1.0000
1.0000
0.8753
0.8918
0.0000
0.0000
0.0000
0.0000
0.0000
0.0000
0.0000
0.0000
0.0000
0.0000
0.0000
0.0000
0.0000
0.0000
0.0000
0.0000
0.0000
0.0000
0.0000
0.0000
0.0000
0.0000
0.0000
0.0000
0.0000
0.0000
0.0000
0.0411
0.1014
0.1632
0.2266
0.3047
0.3262
0.2118
0.1813
0.4825
0.9900
1.0000
1.0000
1.0000
0.0000
0.0000
0.0000
0.0000
0.0000
0.0000
0.0000
0.0000
0.0000
0.0000
0.0000
0.0000
0.0000
0.0000
0.0000
0.0000
0.0000
0.0000
0.0000
0.0000
0.0000
0.0000
0.0000
0.0000
0.0000
0.0000
0.0273
0.0978
0.1653
0.2195
0.2519
0.2825
0.2309
0.0000
0.0000
0.0365
0.4008
1.0000
1.0000
1.0000
0.0000
0.0000
0.0000
0.0000
0.0000
0.0000
0.0000
0.0000
0.0000
0.0000
0.0000
0.0000
0.0000
0.0000
0.0000
0.0000
0.0000
0.0000
0.0000
0.0000
0.0000
0.0000
0.0000
0.0000
0.0000
0.0095
0.0843
0.1533
0.2093
0.2391
0.2299
0.2162
0.1554
0.0000
0.0000
0.0000
0.0603
0.6854
1.0000
1.0000
0.0000
0.0000
0.0000
0.0000
0.0000
0.0000
0.0000
0.0000
0.0000
0.0000
0.0000
0.0000
0.0000
0.0000
0.0000
0.0000
0.0000
0.0000
0.0000
0.0000
0.0000
0.0000
0.0000
0.0000
0.0000
0.0709
0.1400
0.1916
0.2210
0.2237
0.2018
0.2039
0.1532
0.0000
0.0000
0.0031
0.1569
0.5151
1.0000
1.0000
0.0000
0.0000
0.0000
0.0000
0.0000
0.0000
0.0000
0.0000
0.0000
0.0000
0.0000
0.0000
0.0000
0.0000
0.0000
0.0000
0.0000
0.0000
0.0000
0.0000
0.0000
0.0000
0.0000
0.0000
0.0579
0.1302
0.1833
0.2089
0.2094
0.1934
0.1747
0.1942
0.1849
0.0492
0.0310
0.3881
0.6023
1.0000
1.0000
1.0000
0.0000
0.0000
0.0000
0.0000
0.0000
0.0000
0.0000
0.0000
0.0000
0.0000
0.0000
0.0000
0.0000
0.0000
0.0000
0.0000
0.0000
0.0000
0.0000
0.0000
0.0000
0.0000
0.0000
0.0421
0.1185
0.1784
0.2103
0.2103
0.1867
0.1538
0.1326
0.1592
0.1954
0.2044
0.3690
0.9200
1.0000
1.0000
1.0000
1.0000
0.0000
0.0000
0.0000
0.0000
0.0000
0.0000
0.0000
0.0000
0.0000
0.0000
0.0000
0.0000
0.0000
0.0000
0.0000
0.0000
0.0000
0.0000
0.0000
0.0000
0.0000
0.0000
0.0226
0.1021
0.1689
0.2110
0.2205
0.1977
0.1537
0.1077
0.0879
0.1254
0.2312
0.4019
0.7203
1.0000
1.0000
1.0000
0.7123
0.5496
0.0000
0.0000
0.0000
0.0000
0.0000
0.0000
0.0000
0.0000
0.0000
0.0000
0.0000
0.0000
0.0000
0.0000
0.0000
0.0000
0.0000
0.0000
0.0000
0.0000
0.0000
0.0000
0.0810
0.1536
0.2050
0.2252
0.2100
0.1658
0.1119
0.0787
0.0970
0.1936
0.4085
0.7018
0.9976
1.0000
1.0000
1.0000
0.2594
0.3069
0.0000
0.0000
0.0000
0.0000
0.0000
0.0000
0.0000
0.0000
0.0000
0.0000
0.0000
0.0000
0.0000
0.0000
0.0000
0.0000
0.0000
0.0000
0.0000
0.0000
0.0000
0.0547
0.1319
0.1913
0.2211
0.2143
0.1752
0.1238
0.0929
0.1201
0.2287
0.4233
0.7091
1.0000
1.0000
1.0000
1.0000
0.6536
0.0153
0.2166
0.0000
0.0000
0.0000
0.0000
0.0000
0.0000
0.0000
0.0000
0.0000
0.0000
0.0000
0.0000
0.0000
0.0000
0.0000
0.0000
0.0000
0.0000
0.0000
0.0000
0.0224
0.1025
0.1683
0.2070
0.2096
0.1789
0.1349
0.1113
0.1454
0.2676
0.4745
0.7261
0.9822
1.0000
1.0000
0.9905
0.7424
0.4056
0.0000
0.1698
0.0000
0.0000
0.0000
0.0000
0.0000
0.0000
0.0000
0.0000
0.0000
0.0000
0.0000
0.0000
0.0000
0.0000
0.0000
0.0000
0.0000
0.0000
0.0000
0.0000
0.0645
0.1349
0.1816
0.1947
0.1759
0.1439
0.1313
0.1744
0.2988
0.5064
0.7552
0.9738
1.0000
1.0000
0.9747
0.7293
0.4908
0.2371
0.0000
0.1354
0.0000
0.0000
0.0000
0.0000
0.0000
0.0000
0.0000
0.0000
0.0000
0.0000
0.0000
0.0000
0.0000
0.0000
0.0000
0.0000
0.0000
0.0000
0.0000
0.0179
0.0908
0.1445
0.1690
0.1650
0.1489
0.1510
0.2049
0.3325
0.5303
0.7651
0.9737
1.0000
1.0000
0.9642
0.7472
0.4997
0.3093
0.1249
0.0000
0.0981
0.0000
0.0000
0.0000
0.0000
0.0000
0.0000
0.0000
0.0000
0.0000
0.0000
0.0000
0.0000
0.0000
0.0000
0.0000
0.0000
0.0000
0.0000
0.0000
0.0371
0.0966
0.1330
0.1458
0.1486
0.1680
0.2336
0.3640
0.5535
0.7692
0.9608
1.0000
1.0000
0.9507
0.7604
0.5322
0.3155
0.1733
0.0373
0.0000
0.0563
0.0000
0.0000
0.0000
0.0000
0.0000
0.0000
0.0000
0.0000
0.0000
0.0000
0.0000
0.0000
0.0000
0.0000
0.0000
0.0000
0.0000
0.0000
0.0000
0.0401
0.0880
0.1187
0.1425
0.1809
0.2588
0.3913
0.5725
0.7724
0.9462
1.0000
1.0000
0.9429
0.7638
0.5556
0.3472
0.1670
0.0614
0.0001
0.0000
0.0120
0.0000
0.0000
0.0000
0.0000
0.0000
0.0000
0.0000
0.0000
0.0000
0.0000
0.0000
0.0000
0.0000
0.0000
0.0000
0.0000
0.0000
0.0000
0.0000
0.0374
0.0854
0.1303
0.1883
0.2789
0.4137
0.5869
0.7729
0.9327
1.0000
1.0000
0.9357
0.7698
0.5702
0.3733
0.1935
0.0440
0.0000
0.0000
0.0000
0.0002
0.0000
0.0000
0.0000
0.0000
0.0000
0.0000
0.0000
0.0000
0.0000
0.0000
0.0000
0.0000
0.0000
0.0000
0.0000
0.0000
0.0000
0.0000
0.0000
0.0491
0.1133
0.1900
0.2931
0.4307
0.5971
0.7710
0.9191
1.0000
1.0000
0.9274
0.7752
0.5856
0.3924
0.2178
0.0648
0.0000
0.0000
0.0000
0.0000
0.0000
0.0000
0.0000
0.0000
0.0000
0.0000
0.0000
0.0000
0.0000
0.0000
0.0000
0.0000
0.0000
0.0000
0.0000
0.0000
0.0000
0.0000
0.0000
0.0150
0.0942
0.1868
0.3012
0.4419
0.6034
0.7674
0.9059
0.9889
0.9951
0.9203
0.7795
0.6002
0.4117
0.2368
0.0855
0.0000
0.0000
0.0000
0.0000
0.0000
0.0000
0.0000
0.0000
0.0000
0.0000
0.0000
0.0000
0.0000
0.0000
0.0000
0.0000
0.0000
0.0000
0.0000
0.0000
0.0000
0.0000
0.0000
0.0000
0.0766
0.1808
0.3040
0.4477
0.6058
0.7624
0.8934
0.9729
0.9816
0.9147
0.7840
0.6136
0.4305
0.2560
0.1022
0.0000
0.0000
0.0000
0.0000
0.0000
0.0000
0.0000
0.0000
0.0000
0.0000
0.0000
0.0000
0.0000
0.0000
0.0000
0.0000
0.0000
0.0000
0.0000
0.0000
0.0000
0.0000
0.0000
0.0000
0.0622
0.1733
0.3024
0.4484
0.6044
0.7559
0.8817
0.9590
0.9703
0.9105
0.7890
0.6267
0.4484
0.2751
0.1192
0.0000
0.0000
0.0000
0.0000
0.0000
0.0000
0.0000
0.0000
0.0000
0.0000
0.0000
0.0000
0.0000
0.0000
0.0000
0.0000
0.0000
0.0000
0.0000
0.0000
0.0000
0.0000
0.0000
0.0000
0.0504
0.1649
0.2973
0.4447
0.5995
0.7478
0.8705
0.9469
0.9612
0.9080
0.7948
0.6399
0.4661
0.2939
0.1364
0.0000
0.0000
0.0000
0.0000
0.0000
0.0000
0.0000
0.0000
0.0000
0.0000
0.0000
0.0000
0.0000
0.0000
0.0000
0.0000
0.0000
0.0000
0.0000
0.0000
0.0000
0.0000
0.0000
0.0000
0.0401
0.1556
0.2893
0.4374
0.5915
0.7382
0.8595
0.9364
0.9541
0.9071
0.8015
0.6534
0.4838
0.3125
0.1535
0.0130
0.0000
0.0000
0.0000
0.0000
0.0000
0.0000
0.0000
0.0000
0.0000
0.0000
0.0000
0.0000
0.0000
0.0000
0.0000
0.0000
0.0000
0.0000
0.0000
0.0000
0.0000
0.0000
0.0000
0.0306
0.1454
0.2790
0.4271
0.5810
0.7273
0.8486
0.9271
0.9487
0.9077
0.8090
0.6671
0.5014
0.3312
0.1706
0.0273
0.0000
0.0000
0.0000
0.0000
0.0000
0.0000
0.0000
0.0000
0.0000
0.0000
0.0000
0.0000
0.0000
0.0000
0.0000
0.0000
0.0000
0.0000
0.0000
0.0000
0.0000
0.0000
0.0000
0.0212
0.1345
0.2670
0.4146
0.5685
0.7151
0.8376
0.9187
0.9446
0.9096
0.8174
0.6811
0.5190
0.3497
0.1877
0.0416
0.0000
0.0000
0.0000
0.0000
0.0000
0.0000
0.0000
0.0000
0.0000
0.0000
0.0000
0.0000
0.0000
0.0000
0.0000
0.0000
0.0000
0.0000
0.0000
0.0000
0.0000
0.0000
0.0000
0.0120
0.1228
0.2537
0.4004
0.5543
0.7019
0.8265
0.9109
0.9417
0.9125
0.8265
0.6954
0.5366
0.3680
0.2046
0.0557
0.0000
0.0000
0.0000
0.0000
0.0000
0.0000
0.0000
0.0000
0.0000
0.0000
0.0000
0.0000
0.0000
0.0000
0.0000
0.0000
0.0000
0.0000
0.0000
0.0000
0.0000
0.0000
0.0000
0.0030
0.1105
0.2392
0.3849
0.5390
0.6880
0.8153
0.9038
0.9397
0.9164
0.8362
0.7099
0.5540
0.3861
0.2213
0.0695
0.0000
0.0000
0.0000
0.0000
0.0000
0.0000
0.0000
0.0000
0.0000
0.0000
0.0000
0.0000
0.0000
0.0143
0.0000
0.0000
0.0000
0.0000
0.0000
0.0000
0.0000
0.0000
0.0000
0.0000
0.0981
0.2239
0.3683
0.5226
0.6735
0.8042
0.8972
0.9386
0.9211
0.8464
0.7245
0.5711
0.4037
0.2374
0.0829
0.0000
0.0000
0.0000
0.0000
0.0000
0.0000
0.0000
0.0000
0.0000
0.0000
0.0000
0.0000
0.0000
0.0000
0.0530
0.0000
0.0000
0.0000
0.0000
0.0000
0.0000
0.0000
0.0000
0.0000
0.0863
0.2083
0.3508
0.5054
0.6585
0.7930
0.8912
0.9383
0.9266
0.8571
0.7391
0.5879
0.4207
0.2528
0.0955
0.0000
0.0000
0.0000
0.0000
0.0000
0.0000
0.0000
0.0000
0.0000
0.0000
0.0000
0.0000
0.0000
0.0000
0.0000
0.0931
0.0000
0.0000
0.0005
0.0000
0.0000
0.0000
0.0000
0.0000
0.0741
0.1932
0.3330
0.4876
0.6432
0.7820
0.8858
0.9390
0.9331
0.8684
0.7538
0.6043
0.4369
0.2673
0.1071
0.0000
0.0000
0.0000
0.0000
0.0000
0.0000
0.0000
0.0000
0.0000
0.0000
0.0000
0.0000
0.0000
0.0000
0.0000
0.0000
0.1335
0.0000
0.0000
0.0438
0.0000
0.0000
0.0000
0.0000
0.0609
0.1771
0.3159
0.4696
0.6275
0.7713
0.8811
0.9407
0.9405
0.8803
0.7686
0.6201
0.4521
0.2805
0.1175
0.0000
0.0000
0.0000
0.0000
0.0000
0.0000
0.0000
0.0000
0.0000
0.0000
0.0000
0.0000
0.0000
0.0000
0.0000
0.0000
0.0000
0.1729
0.0362
0.0000
0.0866
0.0000
0.0000
0.0179
0.0672
0.1593
0.2973
0.4527
0.6123
0.7608
0.8773
0.9436
0.9492
0.8930
0.7835
0.6354
0.4661
0.2922
0.1262
0.0000
0.0000
0.0000
0.0000
0.0000
0.0000
0.0000
0.0000
0.0000
0.0000
0.0000
0.0000
0.0000
0.0000
0.0000
0.0000
0.0000
0.0000
0.2100
0.0918
0.0381
0.1269
0.0160
0.0000
0.0890
0.1615
0.2764
0.4343
0.5990
0.7516
0.8746
0.9480
0.9593
0.9067
0.7986
0.6500
0.4788
0.3021
0.1329
0.0000
0.0000
0.0000
0.0000
0.0000
0.0000
0.0000
0.0000
0.0000
0.0000
0.0000
0.0000
0.0000
0.0000
0.0000
0.0000
0.0000
0.0000
0.0000
0.2437
0.1416
0.0776
0.1633
0.0603
0.0393
0.1765
0.2763
0.4130
0.5843
0.7456
0.8740
0.9539
0.9710
0.9215
0.8139
0.6638
0.4899
0.3098
0.1371
0.0000
0.0000
0.0000
0.0000
0.0000
0.0000
0.0000
0.0000
0.0000
0.0000
0.0000
0.0000
0.0000
0.0000
0.0000
0.0000
0.0000
0.0000
0.0000
0.0000
0.2728
0.1839
0.1077
0.1966
0.1086
0.1197
0.2865
0.4144
0.5668
0.7386
0.8782
0.9629
0.9842
0.9373
0.8291
0.6763
0.4987
0.3146
0.1383
0.0000
0.0000
0.0000
0.0000
0.0000
0.0000
0.0000
0.0000
0.0000
0.0000
0.0000
0.0000
0.0000
0.0000
0.0000
0.0000
0.0000
0.0000
0.0000
0.0000
0.0000
0.2953
0.2172
0.1301
0.2320
0.1703
0.2245
0.4243
0.5752
0.7293
0.8819
0.9779
1.0000
0.9535
0.8438
0.6872
0.5047
0.3160
0.1359
0.0000
0.0000
0.0000
0.0000
0.0000
0.0000
0.0000
0.0000
0.0000
0.0000
0.0000
0.0000
0.0000
0.0000
0.0000
0.0000
0.0000
0.0000
0.0000
0.0000
0.0000
0.0000
0.3109
0.2434
0.1536
0.2819
0.2610
0.3632
0.5914
0.7505
0.8833
0.9918
1.0000
0.9714
0.8567
0.6951
0.5069
0.3131
0.1292
0.0000
0.0000
0.0000
0.0000
0.0000
0.0000
0.0000
0.0000
0.0000
0.0000
0.0000
0.0000
0.0000
0.0000
0.0000
0.0000
0.0000
0.0000
0.0000
0.0000
0.0000
0.0000
0.0000
0.3225
0.2688
0.1949
0.3629
0.3984
0.5421
0.7838
0.9246
1.0000
1.0000
0.9954
0.8695
0.6987
0.5041
0.3050
0.1175
0.0000
0.0000
0.0000
0.0000
0.0000
0.0000
0.0000
0.0000
0.0000
0.0000
0.0000
0.0000
0.0000
0.0000
0.0000
0.0000
0.0000
0.0000
0.0000
0.0000
0.0000
0.0000
0.0000
0.0000
0.3389
0.3114
0.2683
0.4903
0.5870
0.7538
0.9792
1.0000
1.0000
1.0000
0.8864
0.7001
0.4953
0.2910
0.1006
0.0000
0.0000
0.0000
0.0000
0.0000
0.0000
0.0000
0.0000
0.0000
0.0000
0.0000
0.0000
0.0000
0.0000
0.0000
0.0000
0.0000
0.0000
0.0000
0.0000
0.0000
0.0000
0.0000
0.0000
0.0000
0.3667
0.3894
0.4074
0.6736
0.7957
0.9360
1.0000
1.0000
0.9996
0.8683
0.6828
0.4676
0.2596
0.0705
0.0000
0.0000
0.0000
0.0000
0.0000
0.0000
0.0000
0.0000
0.0000
0.0000
0.0000
0.0000
0.0000
0.0000
0.0000
0.0000
0.0000
0.0000
0.0000
0.0000
0.0000
0.0000
0.0000
0.0000
0.0000
0.0000
0.4527
0.5704
0.6500
0.9359
1.0000
1.0000
1.0000
1.0000
0.8089
0.6210
0.4126
0.2040
0.0206
0.0000
0.0000
0.0000
0.0000
0.0000
0.0000
0.0000
0.0000
0.0000
0.0000
0.0000
0.0000
0.0000
0.0000
0.0000
0.0000
0.0000
0.0000
0.0000
0.0000
0.0000
0.0000
0.0000
0.0000
0.0000
0.0000
0.0000
0.5833
0.7798
1.0000
1.0000
1.0000
1.0000
1.0000
0.9008
0.6457
0.4259
0.2176
0.0298
0.0000
0.0000
0.0000
0.0000
0.0000
0.0000
0.0000
0.0000
0.0000
0.0000
0.0000
0.0000
0.0000
0.0000
0.0000
0.0000
0.0000
0.0000
0.0000
0.0000
0.0000
0.0000
0.0000
0.0000
0.0000
0.0000
0.0000
0.0000
0.9240
1.0000
1.0000
1.0000
1.0000
1.0000
0.8540
0.6206
0.3725
0.1797
0.0110
0.0000
0.0000
0.0000
0.0000
0.0000
0.0000
0.0000
0.0000
0.0000
0.0000
0.0000
0.0000
0.0000
0.0000
0.0000
0.0000
0.0000
0.0000
0.0000
0.0000
0.0000
0.0000
0.0000
0.0000
0.0000
0.0000
0.0000
0.0000
0.0000
1.0000
1.0000
1.0000
1.0000
0.8168
0.4506
0.2119
0.0000
0.0000
0.0000
0.0000
0.0000
0.0000
0.0000
0.0000
0.0000
0.0000
0.0000
0.0000
0.0000
0.0000
0.0000
0.0000
0.0000
0.0000
0.0000
0.0000
0.0000
0.0000
0.0000
0.0000
0.0000
0.0000
0.0000
0.0000
0.0000
0.0000
0.0000
0.0000
0.0000
1.0000
1.0000
1.0000
0.9522
0.7477
0.5052
0.3735
0.2405
0.1175
0.0328
0.0000
0.0000
0.0000
0.0000
0.0000
0.0000
0.0000
0.0000
0.0000
0.0000
0.0000
0.0000
0.0000
0.0000
0.0000
0.0000
0.0000
0.0000
0.0000
0.0000
0.0000
0.0000
0.0000
0.0000
0.0000
0.0000
0.0000
0.0000
0.0000
0.0000
# OPTIMIZATION PARAMETERS 
# nelx: 40
# nely: 80
# max buckling: 1.0
# penalization: 3.0
# initial densities: 0.8
# FEA MODEL DATA 
# material: {'Ex': 10000.0, 'Ey': 10000.0, 'NUxy': 0.3}
# loads: {'Val': -10, 'direction': 'x', 'dof': array([3361], dtype=int64)}
# bc: Left Clamped
# 
