# densities
1.0000
1.0000
1.0000
1.0000
1.0000
1.0000
0.9914
0.9925
0.9978
0.9747
0.9233
0.8761
0.8314
0.7884
0.7469
0.7066
0.6674
0.6291
0.5917
0.5550
0.5190
0.4839
0.4495
0.4159
0.3834
0.3521
0.3219
0.2926
0.2640
0.2358
0.2080
0.1811
0.1554
0.1318
0.1101
0.0908
0.0738
0.0594
0.0473
0.0378
0.0305
0.0251
0.0215
0.0191
0.0176
0.0168
0.0164
0.0162
0.0000
0.2810
1.0000
1.0000
1.0000
1.0000
1.0000
1.0000
0.9864
0.8906
0.9773
0.9914
0.9739
0.8965
0.8230
0.7524
0.6842
0.6180
0.5536
0.4907
0.4293
0.3692
0.3104
0.2529
0.1966
0.1418
0.0886
0.0370
0.0000
0.0000
0.0000
0.0000
0.0000
0.0000
0.0000
0.0000
0.0000
0.0000
0.0000
0.0000
0.0000
0.0000
0.0000
0.0000
0.0000
0.0000
0.0000
0.0000
0.0000
0.0000
0.0000
0.0000
1.0000
1.0000
1.0000
1.0000
1.0000
0.9953
0.9912
0.9963
1.0000
0.9429
0.8875
0.8354
0.7855
0.7372
0.6902
0.6444
0.5997
0.5559
0.5129
0.4707
0.4291
0.3881
0.3477
0.3079
0.2687
0.2300
0.1920
0.1542
0.1164
0.0786
0.0409
0.0041
0.0000
0.0008
0.0000
0.0000
0.0000
0.0000
0.0000
0.0000
0.0000
0.0000
0.0000
0.0000
0.0000
0.0000
0.0000
0.0000
0.0000
0.0162
0.9892
1.0000
1.0000
1.0000
0.9991
0.9974
1.0000
0.9702
0.9204
0.8740
0.8294
0.7863
0.7445
0.7035
0.6634
0.6241
0.5855
0.5475
0.5099
0.4729
0.4362
0.3998
0.3636
0.3276
0.2918
0.2559
0.2200
0.1839
0.1474
0.1106
0.0736
0.0371
0.0013
0.0000
0.0005
0.0000
0.0000
0.0000
0.0000
0.0000
0.0000
0.0000
0.0000
0.0000
0.0000
0.0000
0.0000
0.0000
0.0000
0.0164
0.7967
0.8927
0.9096
0.9881
0.9557
0.9406
0.9256
0.8959
0.8636
0.8310
0.7976
0.7640
0.7304
0.6968
0.6634
0.6302
0.5970
0.5640
0.5309
0.4979
0.4647
0.4314
0.3978
0.3640
0.3297
0.2950
0.2599
0.2242
0.1881
0.1516
0.1148
0.0782
0.0419
0.0062
0.0000
0.0008
0.0000
0.0000
0.0000
0.0000
0.0000
0.0000
0.0000
0.0000
0.0000
0.0000
0.0000
0.0000
0.0000
0.0168
0.6710
0.6805
0.7360
0.8266
0.8161
0.8245
0.8305
0.8191
0.8020
0.7820
0.7594
0.7352
0.7100
0.6840
0.6575
0.6305
0.6031
0.5753
0.5471
0.5185
0.4894
0.4597
0.4295
0.3986
0.3670
0.3347
0.3018
0.2681
0.2338
0.1988
0.1632
0.1272
0.0908
0.0544
0.0182
0.0000
0.0016
0.0003
0.0000
0.0000
0.0000
0.0000
0.0000
0.0000
0.0000
0.0000
0.0000
0.0000
0.0000
0.0177
0.5871
0.5374
0.6108
0.7043
0.7022
0.7241
0.7439
0.7463
0.7419
0.7334
0.7211
0.7061
0.6892
0.6707
0.6510
0.6303
0.6086
0.5861
0.5627
0.5385
0.5135
0.4876
0.4608
0.4330
0.4043
0.3746
0.3440
0.3125
0.2800
0.2465
0.2120
0.1766
0.1404
0.1037
0.0666
0.0295
0.0000
0.0000
0.0000
0.0000
0.0000
0.0000
0.0000
0.0000
0.0000
0.0000
0.0000
0.0000
0.0000
0.0192
0.5267
0.4328
0.5160
0.6074
0.6074
0.6362
0.6647
0.6771
0.6830
0.6843
0.6814
0.6750
0.6659
0.6547
0.6416
0.6270
0.6110
0.5938
0.5753
0.5556
0.5348
0.5128
0.4896
0.4652
0.4396
0.4127
0.3847
0.3554
0.3248
0.2928
0.2596
0.2251
0.1895
0.1529
0.1155
0.0776
0.0395
0.0015
0.0000
0.0000
0.0000
0.0000
0.0000
0.0000
0.0000
0.0000
0.0000
0.0000
0.0000
0.0218
0.4802
0.3514
0.4407
0.5281
0.5269
0.5588
0.5921
0.6115
0.6251
0.6344
0.6392
0.6404
0.6386
0.6341
0.6275
0.6188
0.6085
0.5964
0.5829
0.5679
0.5514
0.5335
0.5141
0.4933
0.4710
0.4473
0.4220
0.3953
0.3669
0.3370
0.3054
0.2722
0.2376
0.2016
0.1644
0.1262
0.0873
0.0480
0.0087
0.0000
0.0001
0.0000
0.0000
0.0000
0.0000
0.0000
0.0000
0.0000
0.0000
0.0258
0.4424
0.2853
0.3789
0.4620
0.4579
0.4904
0.5259
0.5495
0.5686
0.5838
0.5951
0.6027
0.6071
0.6089
0.6081
0.6052
0.6002
0.5933
0.5847
0.5744
0.5623
0.5487
0.5334
0.5164
0.4977
0.4774
0.4553
0.4314
0.4057
0.3781
0.3486
0.3172
0.2840
0.2490
0.2125
0.1745
0.1354
0.0954
0.0548
0.0142
0.0000
0.0003
0.0000
0.0000
0.0000
0.0000
0.0000
0.0000
0.0000
0.0316
0.4106
0.2298
0.3268
0.4058
0.3979
0.4296
0.4656
0.4915
0.5140
0.5335
0.5496
0.5624
0.5722
0.5792
0.5838
0.5861
0.5862
0.5844
0.5805
0.5749
0.5674
0.5581
0.5470
0.5340
0.5193
0.5026
0.4840
0.4633
0.4406
0.4158
0.3888
0.3596
0.3283
0.2948
0.2594
0.2221
0.1833
0.1431
0.1019
0.0600
0.0181
0.0000
0.0005
0.0000
0.0000
0.0000
0.0000
0.0000
0.0000
0.0399
0.3831
0.1821
0.2819
0.3572
0.3453
0.3754
0.4107
0.4374
0.4619
0.4842
0.5037
0.5204
0.5345
0.5461
0.5553
0.5623
0.5671
0.5699
0.5707
0.5695
0.5665
0.5616
0.5548
0.5460
0.5353
0.5225
0.5077
0.4906
0.4713
0.4496
0.4255
0.3989
0.3699
0.3384
0.3045
0.2685
0.2304
0.1905
0.1491
0.1066
0.0635
0.0202
0.0000
0.0005
0.0000
0.0000
0.0000
0.0000
0.0000
0.0508
0.3588
0.1402
0.2424
0.3147
0.2987
0.3267
0.3607
0.3873
0.4126
0.4364
0.4582
0.4778
0.4952
0.5104
0.5235
0.5345
0.5434
0.5504
0.5555
0.5587
0.5600
0.5594
0.5568
0.5523
0.5457
0.5370
0.5261
0.5129
0.4972
0.4790
0.4582
0.4346
0.4083
0.3793
0.3475
0.3131
0.2763
0.2372
0.1962
0.1535
0.1096
0.0650
0.0203
0.0000
0.0003
0.0000
0.0000
0.0000
0.0000
0.0647
0.3370
0.1031
0.2074
0.2770
0.2571
0.2830
0.3152
0.3411
0.3663
0.3909
0.4140
0.4354
0.4552
0.4731
0.4893
0.5036
0.5161
0.5269
0.5358
0.5430
0.5483
0.5518
0.5534
0.5530
0.5506
0.5461
0.5392
0.5300
0.5182
0.5038
0.4866
0.4664
0.4432
0.4171
0.3878
0.3556
0.3205
0.2827
0.2425
0.2002
0.1561
0.1108
0.0647
0.0185
0.0000
0.0000
0.0000
0.0000
0.0000
0.0818
0.3173
0.0698
0.1760
0.2435
0.2198
0.2436
0.2740
0.2987
0.3233
0.3478
0.3715
0.3940
0.4153
0.4352
0.4537
0.4707
0.4861
0.5000
0.5123
0.5230
0.5320
0.5393
0.5449
0.5485
0.5502
0.5497
0.5470
0.5419
0.5342
0.5238
0.5104
0.4939
0.4743
0.4514
0.4251
0.3955
0.3626
0.3266
0.2878
0.2462
0.2025
0.1568
0.1099
0.0623
0.0142
0.0000
0.0003
0.0000
0.0000
0.1022
0.2993
0.0398
0.1477
0.2137
0.1863
0.2082
0.2366
0.2599
0.2836
0.3076
0.3312
0.3541
0.3763
0.3975
0.4176
0.4365
0.4542
0.4707
0.4858
0.4995
0.5118
0.5226
0.5317
0.5391
0.5447
0.5483
0.5496
0.5487
0.5451
0.5388
0.5295
0.5170
0.5012
0.4818
0.4589
0.4324
0.4022
0.3685
0.3315
0.2913
0.2483
0.2029
0.1557
0.1071
0.0575
0.0080
0.0000
0.0007
0.0000
0.1259
0.2829
0.0126
0.1224
0.1871
0.1564
0.1765
0.2030
0.2248
0.2473
0.2704
0.2935
0.3164
0.3388
0.3606
0.3818
0.4020
0.4214
0.4398
0.4572
0.4734
0.4884
0.5022
0.5145
0.5254
0.5346
0.5419
0.5472
0.5503
0.5509
0.5488
0.5437
0.5354
0.5236
0.5083
0.4891
0.4660
0.4390
0.4080
0.3733
0.3349
0.2933
0.2487
0.2016
0.1527
0.1020
0.0510
0.0115
0.0000
0.0000
0.1527
0.2679
0.0000
0.0997
0.1635
0.1299
0.1483
0.1730
0.1932
0.2143
0.2364
0.2587
0.2811
0.3034
0.3254
0.3470
0.3680
0.3885
0.4082
0.4272
0.4454
0.4626
0.4788
0.4939
0.5078
0.5202
0.5310
0.5401
0.5470
0.5517
0.5538
0.5529
0.5489
0.5415
0.5303
0.5152
0.4960
0.4726
0.4448
0.4129
0.3769
0.3370
0.2937
0.2474
0.1986
0.1476
0.0958
0.0557
0.0146
0.0000
0.1825
0.2542
0.0044
0.0796
0.1426
0.1065
0.1234
0.1464
0.1650
0.1848
0.2057
0.2270
0.2487
0.2705
0.2923
0.3139
0.3352
0.3562
0.3767
0.3968
0.4163
0.4352
0.4533
0.4706
0.4870
0.5022
0.5161
0.5285
0.5391
0.5477
0.5538
0.5573
0.5576
0.5546
0.5479
0.5372
0.5221
0.5027
0.4786
0.4499
0.4167
0.3792
0.3377
0.2926
0.2445
0.1938
0.1421
0.1016
0.0596
0.0000
0.2143
0.2418
0.0047
0.0620
0.1240
0.0862
0.1016
0.1231
0.1403
0.1587
0.1784
0.1987
0.2195
0.2406
0.2618
0.2831
0.3042
0.3253
0.3461
0.3667
0.3870
0.4069
0.4264
0.4453
0.4636
0.4812
0.4977
0.5131
0.5270
0.5391
0.5492
0.5567
0.5615
0.5630
0.5608
0.5547
0.5442
0.5290
0.5091
0.4841
0.4543
0.4196
0.3804
0.3371
0.2903
0.2404
0.1895
0.1487
0.1063
0.0000
0.2481
0.2307
0.0063
0.0467
0.1077
0.0687
0.0828
0.1029
0.1188
0.1361
0.1546
0.1739
0.1938
0.2140
0.2345
0.2551
0.2757
0.2964
0.3171
0.3377
0.3582
0.3785
0.3988
0.4188
0.4384
0.4577
0.4763
0.4942
0.5109
0.5263
0.5400
0.5515
0.5605
0.5665
0.5690
0.5676
0.5619
0.5514
0.5360
0.5153
0.4892
0.4580
0.4216
0.3806
0.3355
0.2872
0.2377
0.1966
0.1545
0.0000
0.2836
0.2209
0.0065
0.0338
0.0936
0.0541
0.0669
0.0859
0.1007
0.1169
0.1345
0.1528
0.1717
0.1910
0.2106
0.2304
0.2503
0.2703
0.2903
0.3105
0.3307
0.3510
0.3713
0.3918
0.4122
0.4325
0.4526
0.4724
0.4915
0.5096
0.5265
0.5417
0.5548
0.5652
0.5724
0.5759
0.5751
0.5697
0.5591
0.5430
0.5214
0.4940
0.4611
0.4230
0.3803
0.3339
0.2863
0.2452
0.2043
0.0000
0.3213
0.2126
0.0040
0.0228
0.0814
0.0420
0.0538
0.0718
0.0858
0.1013
0.1180
0.1355
0.1535
0.1719
0.1906
0.2094
0.2284
0.2474
0.2665
0.2858
0.3053
0.3250
0.3449
0.3651
0.3856
0.4064
0.4274
0.4484
0.4692
0.4896
0.5093
0.5277
0.5445
0.5592
0.5710
0.5794
0.5838
0.5836
0.5782
0.5672
0.5504
0.5275
0.4986
0.4640
0.4243
0.3806
0.3352
0.2947
0.2559
0.0648
0.3618
0.2057
0.0036
0.0140
0.0714
0.0324
0.0434
0.0608
0.0743
0.0892
0.1053
0.1221
0.1394
0.1569
0.1747
0.1925
0.2104
0.2283
0.2462
0.2644
0.2827
0.3013
0.3202
0.3397
0.3597
0.3802
0.4013
0.4228
0.4447
0.4667
0.4886
0.5098
0.5300
0.5485
0.5648
0.5781
0.5877
0.5929
0.5931
0.5877
0.5761
0.5583
0.5340
0.5035
0.4674
0.4270
0.3845
0.3451
0.3097
0.1368
0.4054
0.2000
0.0310
0.0070
0.0634
0.0252
0.0357
0.0528
0.0660
0.0805
0.0963
0.1126
0.1293
0.1461
0.1630
0.1799
0.1966
0.2133
0.2299
0.2466
0.2635
0.2806
0.2982
0.3163
0.3351
0.3548
0.3753
0.3966
0.4188
0.4417
0.4650
0.4884
0.5114
0.5335
0.5539
0.5719
0.5868
0.5976
0.6036
0.6041
0.5983
0.5860
0.5669
0.5412
0.5094
0.4728
0.4338
0.3966
0.3658
0.2138
0.4523
0.1959
0.0227
0.0020
0.0577
0.0203
0.0308
0.0477
0.0609
0.0755
0.0910
0.1071
0.1233
0.1395
0.1556
0.1715
0.1872
0.2026
0.2178
0.2330
0.2482
0.2636
0.2793
0.2957
0.3128
0.3309
0.3502
0.3706
0.3923
0.4152
0.4393
0.4641
0.4893
0.5143
0.5385
0.5610
0.5810
0.5975
0.6095
0.6162
0.6167
0.6105
0.5972
0.5768
0.5499
0.5180
0.4832
0.4491
0.4240
0.2956
0.5022
0.1931
0.0177
0.0000
0.0541
0.0177
0.0285
0.0456
0.0591
0.0738
0.0894
0.1053
0.1212
0.1370
0.1524
0.1675
0.1821
0.1963
0.2101
0.2236
0.2371
0.2506
0.2643
0.2786
0.2936
0.3096
0.3269
0.3457
0.3661
0.3883
0.4121
0.4375
0.4641
0.4914
0.5188
0.5454
0.5703
0.5924
0.6105
0.6237
0.6309
0.6313
0.6244
0.6101
0.5888
0.5622
0.5325
0.5027
0.4843
0.3821
0.5551
0.1918
0.0160
0.0000
0.0526
0.0173
0.0288
0.0465
0.0605
0.0755
0.0913
0.1072
0.1229
0.1383
0.1532
0.1674
0.1811
0.1941
0.2066
0.2186
0.2303
0.2419
0.2535
0.2655
0.2781
0.2917
0.3065
0.3230
0.3413
0.3618
0.3845
0.4095
0.4366
0.4653
0.4951
0.5253
0.5546
0.5821
0.6065
0.6264
0.6406
0.6482
0.6483
0.6407
0.6258
0.6052
0.5815
0.5572
0.5468
0.4735
0.6110
0.1919
0.0179
0.0000
0.0534
0.0193
0.0317
0.0502
0.0649
0.0803
0.0964
0.1124
0.1280
0.1431
0.1574
0.1711
0.1839
0.1959
0.2071
0.2177
0.2277
0.2374
0.2469
0.2566
0.2667
0.2776
0.2896
0.3032
0.3189
0.3369
0.3576
0.3811
0.4076
0.4367
0.4681
0.5009
0.5342
0.5667
0.5971
0.6239
0.6455
0.6607
0.6685
0.6684
0.6607
0.6470
0.6302
0.6126
0.6114
0.5696
0.6699
0.1932
0.0233
0.0000
0.0563
0.0235
0.0372
0.0567
0.0722
0.0882
0.1046
0.1206
0.1362
0.1510
0.1649
0.1779
0.1899
0.2009
0.2110
0.2203
0.2288
0.2368
0.2444
0.2519
0.2595
0.2677
0.2768
0.2873
0.2998
0.3146
0.3324
0.3535
0.3782
0.4066
0.4383
0.4728
0.5092
0.5462
0.5823
0.6158
0.6451
0.6684
0.6845
0.6927
0.6930
0.6872
0.6784
0.6689
0.6781
0.6707
0.7319
0.1962
0.0000
0.0044
0.0616
0.0302
0.0454
0.0660
0.0822
0.0988
0.1155
0.1316
0.1471
0.1615
0.1750
0.1874
0.1986
0.2088
0.2179
0.2259
0.2332
0.2396
0.2455
0.2510
0.2564
0.2621
0.2683
0.2757
0.2847
0.2960
0.3102
0.3279
0.3497
0.3760
0.4067
0.4416
0.4799
0.5205
0.5617
0.6018
0.6388
0.6707
0.6958
0.7132
0.7226
0.7258
0.7261
0.7261
0.7470
0.7771
0.7972
0.2005
0.0000
0.0109
0.0692
0.0394
0.0561
0.0778
0.0949
0.1120
0.1290
0.1451
0.1603
0.1744
0.1874
0.1991
0.2095
0.2188
0.2269
0.2339
0.2399
0.2451
0.2495
0.2533
0.2568
0.2603
0.2640
0.2684
0.2741
0.2817
0.2919
0.3055
0.3234
0.3463
0.3745
0.4083
0.4471
0.4900
0.5355
0.5816
0.6262
0.6669
0.7018
0.7292
0.7489
0.7624
0.7732
0.7846
0.8191
0.8908
0.8673
0.2065
0.0000
0.0200
0.0793
0.0512
0.0695
0.0922
0.1101
0.1277
0.1447
0.1608
0.1757
0.1893
0.2015
0.2125
0.2221
0.2304
0.2375
0.2435
0.2484
0.2524
0.2556
0.2580
0.2600
0.2616
0.2633
0.2652
0.2679
0.2720
0.2782
0.2875
0.3007
0.3190
0.3433
0.3741
0.4116
0.4552
0.5035
0.5548
0.6066
0.6563
0.7014
0.7400
0.7714
0.7967
0.8197
0.8451
0.8957
0.9711
0.9439
0.2141
0.0000
0.0316
0.0918
0.0660
0.0856
0.1093
0.1278
0.1457
0.1627
0.1785
0.1928
0.2057
0.2172
0.2272
0.2358
0.2431
0.2491
0.2541
0.2579
0.2608
0.2629
0.2642
0.2650
0.2652
0.2652
0.2652
0.2656
0.2667
0.2693
0.2742
0.2826
0.2956
0.3146
0.3408
0.3749
0.4170
0.4664
0.5213
0.5794
0.6379
0.6937
0.7445
0.7889
0.8279
0.8658
0.9085
0.9793
0.8900
0.9733
0.2235
0.0000
0.0462
0.1072
0.0838
0.1047
0.1291
0.1482
0.1661
0.1829
0.1981
0.2117
0.2236
0.2340
0.2428
0.2503
0.2564
0.2612
0.2650
0.2678
0.2697
0.2707
0.2711
0.2708
0.2701
0.2689
0.2675
0.2661
0.2650
0.2647
0.2659
0.2696
0.2771
0.2900
0.3100
0.3386
0.3768
0.4247
0.4812
0.5442
0.6106
0.6773
0.7411
0.8001
0.8553
0.9118
0.9766
0.9473
0.8512
0.9435
0.2351
0.0000
0.0642
0.1259
0.1052
0.1271
0.1521
0.1713
0.1891
0.2053
0.2197
0.2322
0.2429
0.2518
0.2593
0.2652
0.2699
0.2734
0.2759
0.2775
0.2782
0.2783
0.2778
0.2767
0.2751
0.2731
0.2708
0.2682
0.2656
0.2633
0.2617
0.2616
0.2641
0.2707
0.2836
0.3049
0.3366
0.3800
0.4352
0.5006
0.5735
0.6505
0.7279
0.8031
0.8774
0.9567
0.9853
0.9494
0.9015
0.9207
0.2491
0.0010
0.0861
0.1486
0.1307
0.1533
0.1787
0.1978
0.2150
0.2303
0.2434
0.2545
0.2635
0.2708
0.2764
0.2806
0.2836
0.2854
0.2864
0.2866
0.2861
0.2851
0.2836
0.2817
0.2794
0.2768
0.2739
0.2707
0.2673
0.2638
0.2604
0.2575
0.2560
0.2572
0.2629
0.2757
0.2987
0.3344
0.3845
0.4489
0.5257
0.6116
0.7026
0.7956
0.8927
1.0000
0.9181
0.9115
0.9291
0.9539
0.2660
0.0000
0.1128
0.1763
0.1611
0.1843
0.2097
0.2284
0.2446
0.2585
0.2700
0.2790
0.2860
0.2911
0.2946
0.2966
0.2975
0.2975
0.2966
0.2951
0.2931
0.2908
0.2882
0.2853
0.2822
0.2790
0.2757
0.2721
0.2684
0.2643
0.2601
0.2558
0.2517
0.2487
0.2483
0.2528
0.2656
0.2906
0.3315
0.3904
0.4670
0.5591
0.6627
0.7744
0.8979
0.9963
0.9715
0.9468
0.9803
0.9761
0.2868
0.0049
0.1454
0.2105
0.1976
0.2212
0.2464
0.2642
0.2789
0.2910
0.3002
0.3069
0.3113
0.3138
0.3146
0.3142
0.3126
0.3102
0.3071
0.3036
0.2997
0.2957
0.2916
0.2875
0.2834
0.2793
0.2754
0.2714
0.2674
0.2632
0.2588
0.2540
0.2488
0.2435
0.2387
0.2363
0.2392
0.2519
0.2797
0.3277
0.3985
0.4920
0.6055
0.7358
0.8888
0.9948
0.9890
0.9746
1.0000
1.0000
0.3125
0.0495
0.1855
0.2530
0.2420
0.2657
0.2904
0.3068
0.3196
0.3292
0.3357
0.3394
0.3408
0.3403
0.3382
0.3347
0.3303
0.3252
0.3195
0.3135
0.3073
0.3011
0.2950
0.2891
0.2834
0.2779
0.2728
0.2680
0.2634
0.2590
0.2544
0.2497
0.2444
0.2384
0.2317
0.2249
0.2200
0.2208
0.2333
0.2651
0.3230
0.4109
0.5289
0.6754
0.8596
0.9953
0.9837
0.9713
1.0000
1.0000
0.3448
0.1066
0.2358
0.3064
0.2969
0.3205
0.3444
0.3588
0.3689
0.3755
0.3787
0.3791
0.3771
0.3732
0.3677
0.3610
0.3535
0.3453
0.3366
0.3277
0.3187
0.3098
0.3010
0.2926
0.2845
0.2768
0.2696
0.2630
0.2569
0.2512
0.2459
0.2407
0.2353
0.2295
0.2226
0.2144
0.2053
0.1975
0.1956
0.2083
0.2462
0.3191
0.4327
0.5893
0.8025
0.9972
1.0000
1.0000
1.0000
1.0000
0.3862
0.1803
0.2997
0.3745
0.3659
0.3890
0.4115
0.4231
0.4299
0.4329
0.4323
0.4288
0.4231
0.4155
0.4065
0.3965
0.3857
0.3742
0.3625
0.3505
0.3384
0.3263
0.3144
0.3028
0.2915
0.2806
0.2703
0.2605
0.2513
0.2428
0.2349
0.2276
0.2207
0.2139
0.2067
0.1984
0.1885
0.1770
0.1659
0.1616
0.1758
0.2240
0.3204
0.4754
0.7100
0.9988
1.0000
1.0000
1.0000
1.0000
0.4405
0.2768
0.3829
0.4624
0.4542
0.4758
0.4960
0.5038
0.5061
0.5046
0.4996
0.4920
0.4822
0.4710
0.4585
0.4451
0.4311
0.4167
0.4019
0.3869
0.3717
0.3566
0.3415
0.3265
0.3116
0.2970
0.2827
0.2687
0.2551
0.2420
0.2295
0.2175
0.2062
0.1953
0.1848
0.1742
0.1628
0.1498
0.1350
0.1207
0.1154
0.1350
0.2012
0.3366
0.5749
0.9621
1.0000
1.0000
1.0000
1.0000
0.5140
0.4062
0.4940
0.5780
0.5688
0.5868
0.6027
0.6046
0.6011
0.5940
0.5839
0.5716
0.5577
0.5427
0.5269
0.5105
0.4937
0.4766
0.4593
0.4418
0.4242
0.4065
0.3887
0.3708
0.3529
0.3348
0.3167
0.2985
0.2802
0.2620
0.2437
0.2255
0.2074
0.1895
0.1717
0.1541
0.1363
0.1179
0.0980
0.0767
0.0579
0.0536
0.0850
0.1833
0.3976
0.8100
1.0000
1.0000
1.0000
1.0000
0.6172
0.5852
0.6472
0.7327
0.7188
0.7285
0.7361
0.7290
0.7173
0.7032
0.6870
0.6696
0.6514
0.6327
0.6137
0.5947
0.5755
0.5564
0.5373
0.5182
0.4990
0.4798
0.4604
0.4409
0.4211
0.4010
0.3805
0.3595
0.3380
0.3160
0.2932
0.2697
0.2455
0.2204
0.1944
0.1676
0.1400
0.1115
0.0817
0.0497
0.0163
0.0000
0.0000
0.0327
0.1923
0.5806
1.0000
1.0000
1.0000
1.0000
0.7675
0.8431
0.8616
0.9422
0.9136
0.9063
0.8993
0.8789
0.8562
0.8332
0.8099
0.7868
0.7639
0.7416
0.7197
0.6984
0.6776
0.6572
0.6372
0.6174
0.5978
0.5783
0.5588
0.5391
0.5193
0.4991
0.4784
0.4572
0.4352
0.4124
0.3884
0.3633
0.3367
0.3083
0.2780
0.2455
0.2105
0.1730
0.1327
0.0894
0.0424
0.0000
0.0019
0.0009
0.0050
0.2894
1.0000
1.0000
1.0000
1.0000
0.9858
0.9971
1.0000
0.9959
0.9963
0.9951
0.9981
0.9974
1.0000
0.9702
0.9387
0.9093
0.8816
0.8556
0.8310
0.8078
0.7858
0.7647
0.7445
0.7249
0.7059
0.6873
0.6689
0.6507
0.6326
0.6143
0.5959
0.5772
0.5579
0.5381
0.5174
0.4957
0.4728
0.4482
0.4217
0.3927
0.3605
0.3245
0.2837
0.2371
0.1840
0.1240
0.0579
0.0000
0.0000
0.0723
0.6113
1.0000
1.0000
1.0000
1.0000
1.0000
1.0000
1.0000
1.0000
1.0000
0.9812
0.9799
0.9910
0.9904
0.9934
0.9941
1.0000
1.0000
0.9775
0.9529
0.9302
0.9091
0.8894
0.8708
0.8532
0.8363
0.8202
0.8045
0.7893
0.7745
0.7598
0.7453
0.7308
0.7163
0.7016
0.6866
0.6712
0.6551
0.6382
0.6200
0.6001
0.5777
0.5518
0.5207
0.4830
0.4374
0.3832
0.3219
0.2620
0.2345
0.4304
1.0000
1.0000
1.0000
1.0000
1.0000
1.0000
1.0000
1.0000
1.0000
1.0000
1.0000
0.9874
1.0000
0.9698
0.9085
0.9859
0.9837
0.9856
0.9885
0.9895
0.9946
0.9906
0.9958
1.0000
1.0000
1.0000
1.0000
0.9882
0.9753
0.9637
0.9532
0.9439
0.9358
0.9290
0.9238
0.9202
0.9185
0.9192
0.9227
0.9296
0.9408
0.9573
0.9808
1.0000
0.9956
0.9928
0.9720
0.9851
1.0000
1.0000
1.0000
1.0000
1.0000
1.0000
1.0000
1.0000
1.0000
1.0000
1.0000
1.0000
1.0000
0.9834
0.9751
0.9971
0.9954
0.9947
0.9946
0.9967
0.9987
0.9971
1.0000
1.0000
1.0000
0.9889
0.9787
0.9695
0.9611
0.9536
0.9469
0.9410
0.9359
0.9316
0.9281
0.9256
0.9241
0.9238
0.9250
0.9278
0.9327
0.9402
0.9509
0.9657
0.9858
1.0000
0.9975
0.9968
0.9918
0.9840
1.0000
1.0000
1.0000
1.0000
1.0000
# OPTIMIZATION PARAMETERS 
# nelx: 50
# nely: 50
# max buckling: 0.0
# penalization: 1.484
# initial densities: 0.8
# FEA MODEL DATA 
# material: {'Ex': 10000.0, 'Ey': 10000.0, 'NUxy': 0.3}
# loads: {'Val': -10, 'direction': 'x', 'dof': array([5099, 5201], dtype=int64)}
# bc: Left Clamped
# 
