# densities
1.0000
1.0000
1.0000
1.0000
1.0000
1.0000
1.0000
1.0000
1.0000
0.9917
0.9942
0.8093
0.6924
0.6428
0.6421
0.6271
0.5376
0.4463
0.3539
0.2612
0.1693
0.0796
0.0000
0.0000
0.0000
0.0000
0.0000
0.0000
0.0049
0.0371
0.0000
0.0000
0.0000
0.0000
0.0000
0.0000
0.0000
0.0000
0.0000
0.0000
0.0000
0.0000
0.0000
0.0000
0.0000
0.0000
0.0000
0.0000
0.0000
0.0000
1.0000
1.0000
1.0000
1.0000
1.0000
1.0000
1.0000
1.0000
1.0000
1.0000
0.9248
0.9249
0.8498
0.7714
0.7379
0.6455
0.5630
0.4825
0.4031
0.3247
0.2472
0.1709
0.0961
0.0217
0.0000
0.0000
0.0000
0.0000
0.0000
0.0000
0.0226
0.0000
0.0000
0.0000
0.0000
0.0000
0.0000
0.0000
0.0000
0.0000
0.0000
0.0000
0.0000
0.0000
0.0000
0.0000
0.0000
0.0000
0.0000
0.0000
1.0000
1.0000
1.0000
1.0000
1.0000
1.0000
1.0000
1.0000
1.0000
1.0000
1.0000
0.9119
0.8405
0.8854
0.8086
0.7351
0.6623
0.5926
0.5250
0.4584
0.3922
0.3261
0.2595
0.1919
0.1220
0.0480
0.0000
0.0000
0.0000
0.0000
0.0000
0.0080
0.0000
0.0000
0.0000
0.0000
0.0000
0.0000
0.0000
0.0000
0.0000
0.0000
0.0000
0.0000
0.0000
0.0000
0.0000
0.0000
0.0000
0.0000
1.0000
1.0000
1.0000
1.0000
1.0000
1.0000
1.0000
1.0000
1.0000
1.0000
0.9590
0.9429
0.9864
0.9421
0.8934
0.8396
0.7835
0.7264
0.6694
0.6122
0.5544
0.4954
0.4348
0.3720
0.3066
0.2377
0.1644
0.0858
0.0019
0.0000
0.0000
0.0000
0.0000
0.0000
0.0000
0.0000
0.0000
0.0000
0.0000
0.0000
0.0000
0.0000
0.0000
0.0000
0.0000
0.0000
0.0000
0.0000
0.0000
0.0000
0.8806
1.0000
1.0000
1.0000
0.9996
0.9869
1.0000
0.9807
0.9764
0.9526
0.9990
1.0000
1.0000
0.9979
0.9625
0.9265
0.8874
0.8453
0.8007
0.7539
0.7051
0.6540
0.6003
0.5435
0.4833
0.4192
0.3508
0.2777
0.1995
0.1156
0.0263
0.0000
0.0000
0.0000
0.0000
0.0000
0.0000
0.0000
0.0000
0.0000
0.0000
0.0000
0.0000
0.0000
0.0000
0.0000
0.0000
0.0000
0.0000
0.0000
0.4518
0.5501
0.6620
0.7717
0.8666
0.9370
0.9825
1.0000
1.0000
1.0000
1.0000
1.0000
1.0000
1.0000
0.9941
0.9755
0.9534
0.9275
0.8978
0.8644
0.8275
0.7870
0.7428
0.6947
0.6424
0.5855
0.5237
0.4566
0.3842
0.3062
0.2227
0.1334
0.0382
0.0000
0.0000
0.0000
0.0000
0.0000
0.0000
0.0000
0.0000
0.0000
0.0000
0.0000
0.0000
0.0000
0.0000
0.0000
0.0000
0.0000
0.2819
0.3265
0.3996
0.4863
0.5767
0.6617
0.7362
0.7981
0.8498
0.8899
0.9212
0.9426
0.9583
0.9686
0.9741
0.9750
0.9712
0.9629
0.9500
0.9325
0.9105
0.8839
0.8526
0.8166
0.7754
0.7288
0.6765
0.6182
0.5537
0.4829
0.4059
0.3227
0.2334
0.1380
0.0363
0.0000
0.0000
0.0000
0.0000
0.0000
0.0000
0.0000
0.0000
0.0000
0.0000
0.0000
0.0000
0.0000
0.0000
0.0000
0.2178
0.2290
0.2621
0.3151
0.3812
0.4540
0.5274
0.5972
0.6613
0.7190
0.7693
0.8127
0.8488
0.8790
0.9037
0.9232
0.9380
0.9478
0.9527
0.9528
0.9478
0.9377
0.9223
0.9014
0.8746
0.8417
0.8023
0.7560
0.7025
0.6418
0.5737
0.4984
0.4159
0.3267
0.2310
0.1286
0.0196
0.0000
0.0000
0.0000
0.0000
0.0000
0.0000
0.0000
0.0000
0.0000
0.0000
0.0000
0.0000
0.0000
0.1985
0.1953
0.2033
0.2252
0.2617
0.3101
0.3666
0.4272
0.4885
0.5484
0.6054
0.6586
0.7076
0.7519
0.7917
0.8270
0.8580
0.8846
0.9068
0.9243
0.9370
0.9447
0.9469
0.9434
0.9337
0.9175
0.8941
0.8632
0.8242
0.7770
0.7212
0.6568
0.5840
0.5029
0.4140
0.3177
0.2144
0.1041
0.0000
0.0000
0.0000
0.0000
0.0000
0.0000
0.0000
0.0000
0.0000
0.0000
0.0000
0.0000
0.1957
0.1891
0.1863
0.1900
0.2027
0.2258
0.2590
0.3005
0.3478
0.3986
0.4511
0.5037
0.5555
0.6057
0.6536
0.6991
0.7418
0.7815
0.8179
0.8509
0.8799
0.9046
0.9246
0.9393
0.9482
0.9505
0.9457
0.9330
0.9119
0.8816
0.8418
0.7922
0.7325
0.6630
0.5839
0.4956
0.3988
0.2941
0.1820
0.0625
0.0000
0.0000
0.0000
0.0000
0.0000
0.0000
0.0000
0.0000
0.0000
0.0000
0.1977
0.1918
0.1865
0.1830
0.1832
0.1890
0.2020
0.2227
0.2508
0.2852
0.3246
0.3677
0.4133
0.4604
0.5084
0.5565
0.6042
0.6511
0.6967
0.7407
0.7825
0.8215
0.8573
0.8890
0.9160
0.9374
0.9523
0.9598
0.9590
0.9488
0.9286
0.8976
0.8553
0.8014
0.7360
0.6594
0.5720
0.4747
0.3683
0.2538
0.1316
0.0015
0.0000
0.0000
0.0000
0.0000
0.0000
0.0000
0.0000
0.0000
0.1998
0.1958
0.1911
0.1862
0.1821
0.1801
0.1815
0.1875
0.1988
0.2159
0.2386
0.2666
0.2991
0.3357
0.3757
0.4184
0.4634
0.5101
0.5580
0.6066
0.6554
0.7038
0.7511
0.7964
0.8390
0.8778
0.9117
0.9395
0.9600
0.9720
0.9741
0.9653
0.9444
0.9108
0.8639
0.8035
0.7300
0.6438
0.5459
0.4374
0.3197
0.1940
0.0606
0.0000
0.0000
0.0000
0.0000
0.0000
0.0000
0.0000
0.2006
0.1984
0.1951
0.1910
0.1865
0.1823
0.1793
0.1783
0.1800
0.1852
0.1943
0.2077
0.2254
0.2475
0.2739
0.3047
0.3395
0.3782
0.4205
0.4660
0.5143
0.5649
0.6171
0.6702
0.7233
0.7753
0.8250
0.8710
0.9119
0.9461
0.9719
0.9876
0.9916
0.9824
0.9589
0.9203
0.8661
0.7964
0.7116
0.6129
0.5017
0.3800
0.2496
0.1117
0.0000
0.0000
0.0000
0.0479
0.0338
0.0000
0.2001
0.1992
0.1972
0.1943
0.1906
0.1866
0.1827
0.1795
0.1775
0.1771
0.1790
0.1832
0.1903
0.2002
0.2135
0.2304
0.2512
0.2763
0.3060
0.3405
0.3799
0.4240
0.4726
0.5251
0.5810
0.6392
0.6986
0.7578
0.8153
0.8692
0.9175
0.9581
0.9888
1.0000
1.0000
0.9996
0.9710
0.9244
0.8594
0.7764
0.6764
0.5617
0.4345
0.2979
0.1541
0.0039
0.0000
0.0000
0.0000
0.0000
0.1984
0.1984
0.1974
0.1955
0.1929
0.1896
0.1861
0.1827
0.1797
0.1776
0.1766
0.1770
0.1790
0.1825
0.1879
0.1952
0.2047
0.2170
0.2325
0.2521
0.2764
0.3062
0.3420
0.3841
0.4325
0.4869
0.5466
0.6104
0.6769
0.7444
0.8106
0.8733
0.9296
0.9767
1.0000
1.0000
0.9983
1.0000
0.9788
0.9202
0.8396
0.7378
0.6182
0.4834
0.3388
0.1879
0.0348
0.0000
0.0000
0.0000
0.1961
0.1965
0.1962
0.1951
0.1932
0.1907
0.1878
0.1848
0.1819
0.1794
0.1776
0.1767
0.1768
0.1779
0.1801
0.1833
0.1875
0.1929
0.1996
0.2081
0.2190
0.2333
0.2520
0.2765
0.3077
0.3468
0.3942
0.4501
0.5137
0.5839
0.6587
0.7359
0.8125
0.8853
0.9505
1.0000
0.9991
0.9985
0.9989
0.9997
0.9802
0.9043
0.7992
0.6731
0.5283
0.3746
0.2180
0.0689
0.0000
0.0000
0.1933
0.1940
0.1941
0.1934
0.1920
0.1901
0.1878
0.1852
0.1825
0.1801
0.1781
0.1767
0.1761
0.1764
0.1776
0.1795
0.1820
0.1852
0.1888
0.1929
0.1976
0.2033
0.2106
0.2203
0.2337
0.2524
0.2782
0.3130
0.3584
0.4151
0.4829
0.5604
0.6454
0.7346
0.8239
0.9089
0.9842
0.9999
0.9944
0.9968
1.0000
1.0000
0.9757
0.8651
0.7316
0.5749
0.4173
0.2703
0.1551
0.1241
0.1904
0.1912
0.1914
0.1909
0.1899
0.1884
0.1864
0.1842
0.1818
0.1794
0.1774
0.1758
0.1748
0.1746
0.1752
0.1765
0.1785
0.1811
0.1840
0.1872
0.1906
0.1940
0.1976
0.2015
0.2063
0.2126
0.2215
0.2349
0.2549
0.2845
0.3266
0.3834
0.4558
0.5424
0.6404
0.7451
0.8511
0.9518
1.0000
1.0000
0.9208
0.9278
0.9469
1.0000
0.9378
0.8061
0.6403
0.5034
0.4239
0.2540
0.1874
0.1882
0.1884
0.1881
0.1873
0.1860
0.1843
0.1822
0.1800
0.1778
0.1757
0.1740
0.1727
0.1720
0.1720
0.1728
0.1743
0.1765
0.1791
0.1821
0.1853
0.1886
0.1919
0.1950
0.1981
0.2011
0.2045
0.2087
0.2147
0.2239
0.2389
0.2632
0.3013
0.3579
0.4357
0.5345
0.6501
0.7763
0.9055
1.0000
1.0000
0.9257
0.9847
1.0000
1.0000
1.0000
0.9041
0.7076
0.6020
0.4893
0.1843
0.1850
0.1852
0.1849
0.1842
0.1831
0.1816
0.1798
0.1777
0.1756
0.1735
0.1716
0.1701
0.1690
0.1685
0.1687
0.1696
0.1711
0.1733
0.1759
0.1789
0.1822
0.1855
0.1889
0.1921
0.1952
0.1980
0.2009
0.2038
0.2072
0.2119
0.2189
0.2305
0.2506
0.2853
0.3424
0.4282
0.5439
0.6844
0.8416
1.0000
0.9439
1.0000
1.0000
1.0000
1.0000
1.0000
1.0000
1.0000
0.9397
0.1811
0.1817
0.1819
0.1816
0.1810
0.1799
0.1786
0.1769
0.1751
0.1731
0.1711
0.1692
0.1675
0.1661
0.1652
0.1649
0.1651
0.1660
0.1675
0.1695
0.1721
0.1750
0.1782
0.1815
0.1849
0.1883
0.1915
0.1946
0.1977
0.2007
0.2039
0.2076
0.2124
0.2193
0.2299
0.2481
0.2811
0.3408
0.4393
0.5797
0.7554
0.9647
0.9648
1.0000
1.0000
1.0000
1.0000
1.0000
1.0000
1.0000
0.1777
0.1782
0.1783
0.1781
0.1775
0.1766
0.1754
0.1739
0.1723
0.1705
0.1686
0.1668
0.1651
0.1636
0.1624
0.1616
0.1614
0.1617
0.1625
0.1639
0.1659
0.1683
0.1712
0.1743
0.1777
0.1812
0.1847
0.1883
0.1918
0.1953
0.1988
0.2025
0.2066
0.2115
0.2175
0.2258
0.2375
0.2557
0.2891
0.3561
0.4759
0.6505
0.8808
1.0000
1.0000
1.0000
1.0000
1.0000
1.0000
1.0000
0.1740
0.1744
0.1745
0.1743
0.1738
0.1730
0.1720
0.1708
0.1694
0.1678
0.1662
0.1646
0.1629
0.1615
0.1602
0.1592
0.1586
0.1585
0.1589
0.1598
0.1612
0.1632
0.1657
0.1686
0.1719
0.1755
0.1794
0.1834
0.1875
0.1918
0.1961
0.2005
0.2051
0.2100
0.2155
0.2217
0.2291
0.2389
0.2522
0.2711
0.3077
0.3937
0.5548
0.7870
1.0000
1.0000
1.0000
1.0000
1.0000
1.0000
0.1700
0.1703
0.1704
0.1702
0.1698
0.1692
0.1685
0.1675
0.1664
0.1652
0.1639
0.1625
0.1612
0.1598
0.1586
0.1576
0.1569
0.1566
0.1567
0.1573
0.1585
0.1602
0.1625
0.1653
0.1686
0.1725
0.1768
0.1815
0.1865
0.1918
0.1973
0.2030
0.2089
0.2149
0.2210
0.2273
0.2337
0.2402
0.2470
0.2562
0.2692
0.2891
0.3442
0.5247
0.9203
1.0000
1.0000
1.0000
1.0000
1.0000
0.1655
0.1658
0.1660
0.1659
0.1657
0.1653
0.1648
0.1642
0.1635
0.1627
0.1618
0.1608
0.1597
0.1587
0.1578
0.1569
0.1564
0.1561
0.1562
0.1568
0.1579
0.1597
0.1620
0.1650
0.1687
0.1731
0.1780
0.1836
0.1898
0.1965
0.2037
0.2113
0.2191
0.2272
0.2353
0.2435
0.2515
0.2593
0.2670
0.2756
0.2870
0.3007
0.3126
0.3733
0.7990
1.0000
1.0000
1.0000
1.0000
1.0000
0.1606
0.1610
0.1612
0.1613
0.1614
0.1613
0.1612
0.1610
0.1607
0.1603
0.1599
0.1593
0.1587
0.1581
0.1576
0.1571
0.1569
0.1569
0.1574
0.1583
0.1598
0.1620
0.1648
0.1684
0.1728
0.1780
0.1840
0.1908
0.1983
0.2067
0.2157
0.2253
0.2354
0.2458
0.2564
0.2672
0.2781
0.2900
0.3015
0.3057
0.2956
0.2900
0.3548
0.5607
0.8674
1.0000
1.0000
1.0000
1.0000
1.0000
0.1552
0.1558
0.1562
0.1566
0.1570
0.1573
0.1577
0.1579
0.1581
0.1582
0.1583
0.1582
0.1581
0.1581
0.1580
0.1582
0.1585
0.1592
0.1603
0.1619
0.1641
0.1671
0.1708
0.1753
0.1807
0.1870
0.1942
0.2022
0.2110
0.2205
0.2306
0.2411
0.2517
0.2620
0.2713
0.2786
0.2815
0.2768
0.2675
0.2758
0.3430
0.5003
0.7929
1.0000
1.0000
1.0000
1.0000
1.0000
1.0000
1.0000
0.1497
0.1504
0.1511
0.1519
0.1527
0.1535
0.1543
0.1551
0.1558
0.1564
0.1569
0.1574
0.1579
0.1584
0.1590
0.1599
0.1609
0.1624
0.1644
0.1669
0.1702
0.1741
0.1789
0.1844
0.1907
0.1978
0.2056
0.2139
0.2225
0.2312
0.2396
0.2472
0.2532
0.2569
0.2575
0.2565
0.2620
0.2928
0.3721
0.5108
0.7042
0.9550
1.0000
1.0000
1.0000
1.0000
1.0000
1.0000
1.0000
0.6933
0.1440
0.1450
0.1461
0.1473
0.1486
0.1499
0.1512
0.1524
0.1536
0.1547
0.1557
0.1567
0.1578
0.1589
0.1601
0.1617
0.1635
0.1659
0.1687
0.1721
0.1762
0.1808
0.1861
0.1920
0.1982
0.2047
0.2113
0.2176
0.2232
0.2280
0.2315
0.2339
0.2365
0.2433
0.2632
0.3089
0.3915
0.5136
0.6679
0.8446
1.0000
1.0000
1.0000
1.0000
1.0000
1.0000
1.0000
1.0000
0.0633
0.9423
0.1387
0.1399
0.1414
0.1430
0.1448
0.1465
0.1482
0.1499
0.1514
0.1529
0.1542
0.1556
0.1570
0.1586
0.1603
0.1624
0.1648
0.1677
0.1710
0.1748
0.1789
0.1834
0.1881
0.1928
0.1973
0.2015
0.2052
0.2083
0.2113
0.2151
0.2225
0.2381
0.2689
0.3225
0.4034
0.5107
0.6392
0.7812
0.9283
1.0000
1.0000
1.0000
1.0000
1.0000
1.0000
1.0000
1.0000
0.7154
0.4277
0.4831
0.1340
0.1354
0.1372
0.1392
0.1413
0.1433
0.1453
0.1471
0.1487
0.1503
0.1517
0.1531
0.1546
0.1563
0.1582
0.1604
0.1629
0.1657
0.1688
0.1720
0.1753
0.1786
0.1818
0.1848
0.1878
0.1913
0.1960
0.2040
0.2181
0.2427
0.2822
0.3401
0.4176
0.5129
0.6221
0.7400
0.8604
0.9765
1.0000
1.0000
1.0000
1.0000
1.0000
1.0000
0.9661
0.7905
0.6280
0.5701
0.4319
0.0000
0.1304
0.1319
0.1338
0.1359
0.1380
0.1400
0.1418
0.1434
0.1448
0.1460
0.1471
0.1482
0.1493
0.1507
0.1523
0.1541
0.1562
0.1585
0.1609
0.1634
0.1662
0.1693
0.1733
0.1789
0.1878
0.2019
0.2239
0.2568
0.3028
0.3630
0.4371
0.5231
0.6184
0.7192
0.8212
0.9194
1.0000
1.0000
1.0000
0.9694
0.9707
1.0000
1.0000
0.8693
0.7264
0.6056
0.5413
0.4062
0.0000
0.0000
0.1284
0.1295
0.1310
0.1328
0.1345
0.1360
0.1372
0.1380
0.1386
0.1390
0.1393
0.1397
0.1403
0.1411
0.1423
0.1438
0.1458
0.1484
0.1517
0.1563
0.1630
0.1728
0.1875
0.2088
0.2386
0.2783
0.3287
0.3898
0.4605
0.5395
0.6245
0.7131
0.8020
0.8875
0.9654
1.0000
0.9971
1.0000
0.9978
1.0000
1.0000
0.9315
0.8036
0.6594
0.5256
0.4559
0.4483
0.2904
0.0000
0.0000
0.1282
0.1283
0.1289
0.1297
0.1303
0.1306
0.1306
0.1301
0.1295
0.1288
0.1282
0.1280
0.1283
0.1294
0.1315
0.1348
0.1398
0.1472
0.1581
0.1736
0.1949
0.2234
0.2597
0.3045
0.3576
0.4185
0.4862
0.5596
0.6370
0.7163
0.7953
0.8712
0.9408
1.0000
1.0000
0.9935
0.9969
0.9980
1.0000
0.9663
0.8741
0.7567
0.6269
0.4997
0.3829
0.2460
0.0536
0.0000
0.0000
0.0000
0.1304
0.1286
0.1274
0.1263
0.1251
0.1236
0.1218
0.1198
0.1180
0.1166
0.1161
0.1168
0.1192
0.1240
0.1317
0.1431
0.1592
0.1808
0.2087
0.2433
0.2848
0.3330
0.3875
0.4477
0.5128
0.5817
0.6531
0.7254
0.7967
0.8649
0.9276
0.9821
1.0000
0.9977
0.9952
0.9965
0.9997
0.9881
0.9182
0.8267
0.7169
0.5962
0.4714
0.3402
0.1834
0.0000
0.0000
0.0054
0.0000
0.0000
0.1351
0.1305
0.1266
0.1228
0.1192
0.1155
0.1121
0.1093
0.1077
0.1079
0.1109
0.1174
0.1283
0.1442
0.1658
0.1934
0.2271
0.2667
0.3119
0.3623
0.4175
0.4769
0.5396
0.6048
0.6713
0.7379
0.8031
0.8650
0.9218
0.9714
1.0000
0.9985
0.9962
0.9962
0.9986
0.9988
0.9437
0.8695
0.7781
0.6719
0.5549
0.4291
0.2908
0.1287
0.0000
0.0000
0.0000
0.0000
0.0000
0.0000
0.1426
0.1346
0.1273
0.1206
0.1147
0.1097
0.1063
0.1055
0.1085
0.1164
0.1302
0.1504
0.1770
0.2098
0.2482
0.2917
0.3398
0.3918
0.4473
0.5056
0.5663
0.6283
0.6909
0.7528
0.8128
0.8695
0.9211
0.9661
1.0000
1.0000
0.9964
0.9959
0.9975
1.0000
0.9558
0.8936
0.8155
0.7228
0.6172
0.5004
0.3726
0.2302
0.0665
0.0000
0.0000
0.0000
0.0000
0.0000
0.0000
0.0000
0.1531
0.1416
0.1315
0.1228
0.1164
0.1133
0.1149
0.1227
0.1379
0.1609
0.1913
0.2282
0.2706
0.3175
0.3679
0.4213
0.4770
0.5345
0.5932
0.6526
0.7117
0.7696
0.8251
0.8771
0.9241
0.9648
0.9976
1.0000
0.9973
0.9974
0.9999
0.9981
0.9586
0.9044
0.8359
0.7538
0.6588
0.5520
0.4340
0.3043
0.1596
0.0000
0.0000
0.0000
0.0000
0.0000
0.0000
0.0000
0.0000
0.0000
0.1670
0.1535
0.1426
0.1353
0.1333
0.1385
0.1525
0.1758
0.2081
0.2478
0.2935
0.3434
0.3963
0.4511
0.5073
0.5642
0.6213
0.6781
0.7341
0.7882
0.8398
0.8875
0.9302
0.9667
0.9958
1.0000
1.0000
0.9999
1.0000
0.9916
0.9553
0.9061
0.8442
0.7698
0.6834
0.5857
0.4772
0.3579
0.2266
0.0806
0.0000
0.0000
0.0000
0.0000
0.0000
0.0000
0.0000
0.0000
0.0000
0.0000
0.1861
0.1737
0.1664
0.1665
0.1761
0.1966
0.2278
0.2686
0.3165
0.3693
0.4250
0.4820
0.5393
0.5961
0.6519
0.7064
0.7592
0.8096
0.8571
0.9006
0.9391
0.9715
0.9966
1.0000
1.0000
1.0000
1.0000
0.9830
0.9480
0.9016
0.8438
0.7748
0.6949
0.6047
0.5043
0.3941
0.2735
0.1410
0.0000
0.0000
0.0000
0.0000
0.0000
0.0000
0.0000
0.0000
0.0000
0.0000
0.0000
0.0000
0.2142
0.2076
0.2105
0.2250
0.2522
0.2912
0.3400
0.3955
0.4546
0.5149
0.5744
0.6321
0.6872
0.7395
0.7890
0.8353
0.8782
0.9171
0.9511
0.9790
1.0000
1.0000
1.0000
1.0000
0.9978
0.9730
0.9379
0.8925
0.8369
0.7714
0.6961
0.6116
0.5179
0.4154
0.3038
0.1822
0.0486
0.0000
0.0000
0.0000
0.0000
0.0000
0.0000
0.0000
0.0000
0.0000
0.0000
0.0000
0.0000
0.0000
0.2573
0.2630
0.2828
0.3174
0.3645
0.4222
0.4854
0.5506
0.6143
0.6744
0.7302
0.7809
0.8267
0.8682
0.9054
0.9385
0.9669
0.9898
1.0000
1.0000
1.0000
1.0000
0.9885
0.9616
0.9252
0.8795
0.8247
0.7611
0.6889
0.6085
0.5201
0.4239
0.3197
0.2071
0.0843
0.0000
0.0000
0.0000
0.0000
0.0000
0.0000
0.0000
0.0000
0.0000
0.0000
0.0000
0.0000
0.0000
0.0000
0.0000
0.3249
0.3501
0.3929
0.4495
0.5183
0.5901
0.6609
0.7266
0.7847
0.8355
0.8778
0.9129
0.9428
0.9677
0.9882
1.0000
1.0000
1.0000
1.0000
0.9997
0.9783
0.9482
0.9096
0.8626
0.8074
0.7445
0.6741
0.5966
0.5123
0.4211
0.3232
0.2180
0.1042
0.0000
0.0000
0.0000
0.0000
0.0000
0.0000
0.0000
0.0000
0.0000
0.0000
0.0000
0.0000
0.0000
0.0000
0.0000
0.0000
0.0000
0.4336
0.4858
0.5547
0.6379
0.7196
0.7951
0.8598
0.9109
0.9515
0.9789
0.9975
1.0000
1.0000
1.0000
1.0000
1.0000
1.0000
0.9932
0.9665
0.9322
0.8903
0.8409
0.7843
0.7211
0.6516
0.5761
0.4948
0.4078
0.3152
0.2163
0.1102
0.0000
0.0000
0.0000
0.0000
0.0000
0.0000
0.0000
0.0000
0.0000
0.0000
0.0000
0.0000
0.0000
0.0000
0.0000
0.0000
0.0000
0.0000
0.0000
0.6188
0.7057
0.8111
0.9033
0.9758
1.0000
1.0000
1.0000
1.0000
1.0000
1.0000
1.0000
1.0000
1.0000
1.0000
0.9874
0.9531
0.9128
0.8662
0.8133
0.7542
0.6897
0.6202
0.5460
0.4672
0.3839
0.2959
0.2027
0.1033
0.0000
0.0000
0.0000
0.0000
0.0000
0.0000
0.0000
0.0000
0.0000
0.0000
0.0000
0.0000
0.0000
0.0000
0.0000
0.0000
0.0000
0.0000
0.0000
0.0000
0.0000
0.9958
1.0000
1.0000
1.0000
1.0000
1.0000
1.0000
1.0000
0.9838
0.9848
0.9985
1.0000
1.0000
0.9871
0.9417
0.8915
0.8378
0.7796
0.7165
0.6493
0.5786
0.5048
0.4281
0.3481
0.2646
0.1768
0.0836
0.0000
0.0000
0.0000
0.0000
0.0000
0.0000
0.0000
0.0000
0.0000
0.0000
0.0000
0.0000
0.0000
0.0000
0.0000
0.0000
0.0000
0.0000
0.0000
0.0000
0.0000
0.0000
0.0000
1.0000
1.0000
1.0000
1.0000
1.0000
1.0000
1.0000
1.0000
1.0000
0.9921
0.9172
1.0000
0.9467
0.8789
0.8118
0.7445
0.6743
0.6016
0.5275
0.4525
0.3768
0.2997
0.2205
0.1380
0.0513
0.0000
0.0000
0.0000
0.0000
0.0000
0.0000
0.0000
0.0000
0.0000
0.0000
0.0000
0.0000
0.0000
0.0000
0.0000
0.0000
0.0000
0.0000
0.0000
0.0000
0.0000
0.0000
0.0000
0.0000
0.0000
1.0000
1.0000
1.0000
1.0000
1.0000
1.0000
1.0000
1.0000
0.9491
0.9404
0.8943
0.9018
0.8105
0.7269
0.6438
0.5598
0.4768
0.3962
0.3180
0.2416
0.1656
0.0879
0.0076
0.0000
0.0000
0.0000
0.0000
0.0000
0.0000
0.0000
0.0000
0.0000
0.0000
0.0000
0.0000
0.0000
0.0000
0.0000
0.0000
0.0000
0.0000
0.0000
0.0000
0.0000
0.0000
0.0000
0.0000
0.0000
0.0000
0.0000
1.0000
1.0000
1.0000
1.0000
1.0000
1.0000
1.0000
1.0000
1.0000
0.9077
0.8758
0.7576
0.6538
0.5550
0.4584
0.3660
0.2785
0.1959
0.1174
0.0412
0.0000
0.0000
0.0000
0.0000
0.0000
0.0000
0.0000
0.0000
0.0000
0.0000
0.0000
0.0000
0.0000
0.0000
0.0000
0.0000
0.0000
0.0000
0.0000
0.0000
0.0000
0.0000
0.0000
0.0000
0.0000
0.0000
0.0000
0.0000
0.0000
0.0000
1.0000
1.0000
1.0000
1.0000
1.0000
1.0000
1.0000
0.9472
0.9668
0.8516
0.7342
0.6257
0.5205
0.4192
0.3227
0.2309
0.1424
0.0576
0.0000
0.0000
0.0000
0.0000
0.0000
0.0000
0.0000
0.0000
0.0000
0.0000
0.0000
0.0000
0.0000
0.0000
0.0000
0.0000
0.0000
0.0000
0.0000
0.0000
0.0000
0.0000
0.0000
0.0000
0.0000
0.0000
0.0000
0.0000
0.0000
0.0000
0.0000
0.0000
# OPTIMIZATION PARAMETERS 
# nelx: 50
# nely: 50
# max buckling: 13.797
# penalization: 1.484
# initial densities: 0.8
# FEA MODEL DATA 
# material: {'Ex': 10000.0, 'Ey': 2000.0, 'NUxy': 0.3}
# loads: {'Val': -10, 'direction': 'x', 'dof': array([2549, 2651, 2753], dtype=int64)}
# bc: Left Clamped
# 
