# it, buckling[l1, l2, l3, l4, l5], volume, compliance
1.0000 -0.2974 -0.2904 -0.2834 -0.2764 -0.2692 0.4000 28.6483
2.0000 -0.3004 -0.2690 -0.2496 -0.2467 -0.2297 0.4000 28.0373
3.0000 -0.2333 -0.2243 -0.2241 -0.2087 -0.2029 0.4000 25.3502
4.0000 -0.2201 -0.2131 -0.2056 -0.2024 -0.1966 0.4000 24.3972
5.0000 -0.2166 -0.2092 -0.1963 -0.1888 -0.1873 0.4000 23.0552
6.0000 -0.2164 -0.1655 -0.1613 -0.1579 -0.1538 0.4000 19.2345
7.0000 -0.1656 -0.1581 -0.1442 -0.1429 -0.1426 0.4000 19.7970
8.0000 -0.1552 -0.1405 -0.1404 -0.1399 -0.1374 0.4000 19.6686
9.0000 -0.1452 -0.1427 -0.1338 -0.1328 -0.1319 0.4000 19.6117
10.0000 -0.1382 -0.1344 -0.1340 -0.1329 -0.1252 0.4000 19.4978
11.0000 -0.1292 -0.1284 -0.1277 -0.1276 -0.1246 0.4000 19.7263
12.0000 -0.1241 -0.1223 -0.1210 -0.1199 -0.1190 0.4000 19.9758
13.0000 -0.1205 -0.1193 -0.1182 -0.1176 -0.1167 0.4000 20.0485
14.0000 -0.1184 -0.1157 -0.1152 -0.1151 -0.1145 0.4000 19.9902
15.0000 -0.1155 -0.1149 -0.1140 -0.1121 -0.1118 0.4000 20.0711
16.0000 -0.1142 -0.1122 -0.1121 -0.1109 -0.1100 0.4000 20.0711
17.0000 -0.1125 -0.1124 -0.1106 -0.1093 -0.1092 0.4000 20.0369
18.0000 -0.1114 -0.1100 -0.1096 -0.1090 -0.1086 0.4000 19.9367
19.0000 -0.1105 -0.1086 -0.1083 -0.1078 -0.1076 0.4000 19.9381
20.0000 -0.1086 -0.1080 -0.1078 -0.1073 -0.1061 0.4000 19.9780
21.0000 -0.1088 -0.1073 -0.1060 -0.1058 -0.1057 0.4000 20.0410
22.0000 -0.1070 -0.1065 -0.1058 -0.1053 -0.1046 0.4000 20.1511
23.0000 -0.1052 -0.1051 -0.1047 -0.1046 -0.1042 0.4000 20.2717
24.0000 -0.1046 -0.1044 -0.1043 -0.1041 -0.1040 0.4000 20.3175
25.0000 -0.1052 -0.1039 -0.1035 -0.1033 -0.1032 0.4000 20.3493
26.0000 -0.1041 -0.1036 -0.1033 -0.1032 -0.1032 0.4000 20.3698
27.0000 -0.1047 -0.1032 -0.1032 -0.1027 -0.1025 0.4000 20.3992
28.0000 -0.1034 -0.1034 -0.1028 -0.1024 -0.1021 0.4000 20.4254
29.0000 -0.1030 -0.1026 -0.1023 -0.1022 -0.1019 0.4000 20.4612
30.0000 -0.1052 -0.1031 -0.1020 -0.1013 -0.1012 0.4000 20.5430
31.0000 -0.1039 -0.1018 -0.1015 -0.1011 -0.1007 0.4000 20.6116
32.0000 -0.1034 -0.1013 -0.1011 -0.1005 -0.1002 0.4000 20.6465
33.0000 -0.1030 -0.1015 -0.0999 -0.0998 -0.0993 0.4000 20.6487
34.0000 -0.1013 -0.1010 -0.1007 -0.0992 -0.0989 0.4000 20.6486
35.0000 -0.1035 -0.0989 -0.0986 -0.0985 -0.0984 0.4000 20.6935
36.0000 -0.1027 -0.0994 -0.0984 -0.0980 -0.0978 0.4000 20.7487
37.0000 -0.1023 -0.0990 -0.0980 -0.0980 -0.0977 0.4000 20.7861
38.0000 -0.1016 -0.0980 -0.0976 -0.0975 -0.0974 0.4000 20.8909
39.0000 -0.1015 -0.0979 -0.0975 -0.0974 -0.0973 0.4000 20.9179
40.0000 -0.1012 -0.0976 -0.0973 -0.0971 -0.0971 0.4000 20.9524
41.0000 -0.1007 -0.0972 -0.0971 -0.0970 -0.0969 0.4000 21.0071
42.0000 -0.1003 -0.0970 -0.0969 -0.0968 -0.0966 0.4000 21.0474
43.0000 -0.1001 -0.0969 -0.0965 -0.0964 -0.0964 0.4000 21.0895
44.0000 -0.0998 -0.0966 -0.0964 -0.0963 -0.0963 0.4000 21.1145
45.0000 -0.0988 -0.0966 -0.0961 -0.0959 -0.0957 0.4000 21.2005
46.0000 -0.0977 -0.0960 -0.0959 -0.0958 -0.0956 0.4000 21.2483
47.0000 -0.0972 -0.0955 -0.0955 -0.0954 -0.0953 0.4000 21.2903
48.0000 -0.0968 -0.0954 -0.0953 -0.0951 -0.0951 0.4000 21.3348
49.0000 -0.0964 -0.0952 -0.0948 -0.0948 -0.0947 0.4000 21.4010
50.0000 -0.0965 -0.0952 -0.0950 -0.0946 -0.0945 0.4000 21.4631
51.0000 -0.0962 -0.0949 -0.0948 -0.0944 -0.0943 0.4000 21.5442
52.0000 -0.0957 -0.0945 -0.0944 -0.0941 -0.0940 0.4000 21.6044
53.0000 -0.0953 -0.0944 -0.0941 -0.0940 -0.0939 0.4000 21.6594
54.0000 -0.0951 -0.0944 -0.0941 -0.0939 -0.0939 0.4000 21.6722
55.0000 -0.0953 -0.0943 -0.0939 -0.0936 -0.0935 0.4000 21.7187
56.0000 -0.0947 -0.0941 -0.0936 -0.0935 -0.0933 0.4000 21.8265
57.0000 -0.0941 -0.0940 -0.0940 -0.0935 -0.0932 0.4000 21.9184
58.0000 -0.0936 -0.0934 -0.0933 -0.0932 -0.0932 0.4000 21.9896
59.0000 -0.0935 -0.0933 -0.0932 -0.0930 -0.0929 0.4000 22.0603
60.0000 -0.0931 -0.0929 -0.0927 -0.0926 -0.0925 0.4000 22.1376
61.0000 -0.0929 -0.0927 -0.0927 -0.0926 -0.0925 0.4000 22.1523
62.0000 -0.0928 -0.0925 -0.0923 -0.0922 -0.0921 0.4000 22.2103
63.0000 -0.0926 -0.0925 -0.0924 -0.0921 -0.0920 0.4000 22.2513
64.0000 -0.0924 -0.0922 -0.0921 -0.0919 -0.0918 0.4000 22.2822
65.0000 -0.0922 -0.0920 -0.0920 -0.0918 -0.0918 0.4000 22.3154
66.0000 -0.0920 -0.0920 -0.0919 -0.0919 -0.0918 0.4000 22.3244
67.0000 -0.0919 -0.0919 -0.0918 -0.0917 -0.0916 0.4000 22.3347
68.0000 -0.0919 -0.0918 -0.0918 -0.0917 -0.0917 0.4000 22.3409
69.0000 -0.0917 -0.0916 -0.0916 -0.0915 -0.0915 0.4000 22.3744
70.0000 -0.0916 -0.0916 -0.0915 -0.0914 -0.0914 0.4000 22.4138
71.0000 -0.0916 -0.0915 -0.0914 -0.0913 -0.0913 0.4000 22.4618
72.0000 -0.0915 -0.0914 -0.0913 -0.0913 -0.0912 0.4000 22.4757
73.0000 -0.0914 -0.0914 -0.0914 -0.0913 -0.0911 0.4000 22.4947
74.0000 -0.0915 -0.0913 -0.0912 -0.0911 -0.0911 0.4000 22.5177
75.0000 -0.0913 -0.0912 -0.0911 -0.0910 -0.0908 0.4000 22.5683
76.0000 -0.0913 -0.0912 -0.0910 -0.0909 -0.0909 0.4000 22.6088
77.0000 -0.0912 -0.0911 -0.0909 -0.0909 -0.0908 0.4000 22.6263
78.0000 -0.0910 -0.0909 -0.0909 -0.0908 -0.0907 0.4000 22.6600
79.0000 -0.0910 -0.0909 -0.0908 -0.0907 -0.0907 0.4000 22.6780
80.0000 -0.0909 -0.0908 -0.0908 -0.0907 -0.0907 0.4000 22.6811
81.0000 -0.0909 -0.0907 -0.0907 -0.0907 -0.0906 0.4000 22.6961
82.0000 -0.0908 -0.0907 -0.0907 -0.0907 -0.0906 0.4000 22.7378
83.0000 -0.0909 -0.0907 -0.0906 -0.0905 -0.0905 0.4000 22.7654
84.0000 -0.0908 -0.0906 -0.0906 -0.0905 -0.0905 0.4000 22.7795
85.0000 -0.0908 -0.0906 -0.0906 -0.0905 -0.0905 0.4000 22.7921
86.0000 -0.0907 -0.0906 -0.0905 -0.0905 -0.0904 0.4000 22.7933
87.0000 -0.0907 -0.0905 -0.0905 -0.0904 -0.0903 0.4000 22.7917
88.0000 -0.0907 -0.0905 -0.0904 -0.0903 -0.0903 0.4000 22.8256
89.0000 -0.0906 -0.0906 -0.0904 -0.0903 -0.0902 0.4000 22.8600
90.0000 -0.0905 -0.0904 -0.0903 -0.0902 -0.0902 0.4000 22.8807
91.0000 -0.0904 -0.0903 -0.0902 -0.0902 -0.0901 0.4000 22.8860
92.0000 -0.0903 -0.0902 -0.0901 -0.0901 -0.0901 0.4000 22.9008
93.0000 -0.0902 -0.0901 -0.0901 -0.0901 -0.0901 0.4000 22.9268
94.0000 -0.0902 -0.0901 -0.0901 -0.0901 -0.0900 0.4000 22.9309
95.0000 -0.0901 -0.0901 -0.0901 -0.0900 -0.0899 0.4000 22.9354
96.0000 -0.0901 -0.0900 -0.0900 -0.0900 -0.0899 0.4000 22.9407
97.0000 -0.0901 -0.0900 -0.0900 -0.0899 -0.0899 0.4000 22.9471
98.0000 -0.0900 -0.0900 -0.0899 -0.0899 -0.0899 0.4000 22.9468
99.0000 -0.0900 -0.0899 -0.0899 -0.0898 -0.0898 0.4000 22.9676
100.0000 -0.0899 -0.0899 -0.0898 -0.0898 -0.0897 0.4000 22.9731
101.0000 -0.0899 -0.0899 -0.0898 -0.0898 -0.0897 0.4000 22.9771
102.0000 -0.0899 -0.0898 -0.0898 -0.0898 -0.0897 0.4000 22.9819
103.0000 -0.0899 -0.0898 -0.0898 -0.0898 -0.0897 0.4000 22.9841
104.0000 -0.0898 -0.0898 -0.0898 -0.0898 -0.0897 0.4000 22.9853
105.0000 -0.0898 -0.0898 -0.0898 -0.0898 -0.0897 0.4000 22.9853
106.0000 -0.0898 -0.0898 -0.0897 -0.0897 -0.0897 0.4000 23.0282
107.0000 -0.0897 -0.0897 -0.0897 -0.0896 -0.0896 0.4000 23.0481
108.0000 -0.0897 -0.0897 -0.0896 -0.0896 -0.0896 0.4000 23.0520
109.0000 -0.0897 -0.0897 -0.0896 -0.0896 -0.0895 0.4000 23.0556
110.0000 -0.0897 -0.0897 -0.0896 -0.0896 -0.0895 0.4000 23.0555
111.0000 -0.0897 -0.0897 -0.0896 -0.0896 -0.0895 0.4000 23.0555
112.0000 -0.0897 -0.0897 -0.0896 -0.0896 -0.0895 0.4000 23.0555
113.0000 -0.0896 -0.0896 -0.0896 -0.0895 -0.0895 0.4000 23.0680
114.0000 -0.0896 -0.0896 -0.0896 -0.0895 -0.0895 0.4000 23.0680
115.0000 -0.0896 -0.0896 -0.0896 -0.0895 -0.0895 0.4000 23.0680
116.0000 -0.0896 -0.0896 -0.0896 -0.0895 -0.0895 0.4000 23.0680
117.0000 -0.0896 -0.0895 -0.0895 -0.0895 -0.0895 0.4000 23.1074
118.0000 -0.0896 -0.0895 -0.0895 -0.0894 -0.0894 0.4000 23.1139
119.0000 -0.0896 -0.0895 -0.0895 -0.0894 -0.0894 0.4000 23.1139
120.0000 -0.0896 -0.0895 -0.0895 -0.0894 -0.0894 0.4000 23.1139
121.0000 -0.0896 -0.0895 -0.0895 -0.0894 -0.0894 0.4000 23.1139
122.0000 -0.0896 -0.0895 -0.0895 -0.0894 -0.0894 0.4000 23.1139
123.0000 -0.0896 -0.0895 -0.0895 -0.0894 -0.0894 0.4000 23.1139
124.0000 -0.0896 -0.0895 -0.0895 -0.0894 -0.0894 0.4000 23.1139
125.0000 -0.0896 -0.0895 -0.0895 -0.0894 -0.0894 0.4000 23.1139
126.0000 -0.0896 -0.0895 -0.0895 -0.0894 -0.0894 0.4000 23.1139
127.0000 -0.0896 -0.0895 -0.0895 -0.0894 -0.0894 0.4000 23.1139
128.0000 -0.0895 -0.0895 -0.0895 -0.0894 -0.0894 0.4001 23.1037
129.0000 -0.0895 -0.0895 -0.0895 -0.0894 -0.0894 0.4001 23.1038
130.0000 -0.0895 -0.0895 -0.0895 -0.0894 -0.0894 0.4001 23.1038
131.0000 -0.0895 -0.0895 -0.0895 -0.0894 -0.0894 0.4000 23.1089
132.0000 -0.0895 -0.0895 -0.0895 -0.0894 -0.0894 0.4000 23.1089
133.0000 -0.0895 -0.0895 -0.0895 -0.0894 -0.0894 0.4000 23.1089
134.0000 -0.0895 -0.0895 -0.0895 -0.0894 -0.0894 0.4000 23.1089
135.0000 -0.0895 -0.0895 -0.0894 -0.0894 -0.0894 0.4000 23.1213
136.0000 -0.0895 -0.0895 -0.0894 -0.0894 -0.0894 0.4000 23.1213
137.0000 -0.0895 -0.0895 -0.0894 -0.0894 -0.0894 0.4000 23.1213
138.0000 -0.0895 -0.0895 -0.0894 -0.0894 -0.0894 0.4000 23.1232
139.0000 -0.0895 -0.0895 -0.0894 -0.0894 -0.0894 0.4000 23.1220
140.0000 -0.0895 -0.0895 -0.0894 -0.0894 -0.0894 0.4000 23.1220
141.0000 -0.0895 -0.0895 -0.0894 -0.0894 -0.0894 0.4000 23.1220
142.0000 -0.0895 -0.0895 -0.0894 -0.0894 -0.0894 0.4000 23.1220
143.0000 -0.0895 -0.0895 -0.0894 -0.0894 -0.0894 0.4000 23.1220
144.0000 -0.0895 -0.0895 -0.0894 -0.0894 -0.0894 0.4000 23.1220
145.0000 -0.0895 -0.0895 -0.0894 -0.0894 -0.0894 0.4000 23.1220
146.0000 -0.0895 -0.0895 -0.0894 -0.0894 -0.0894 0.4000 23.1220
147.0000 -0.0895 -0.0895 -0.0894 -0.0894 -0.0894 0.4000 23.1220
148.0000 -0.0895 -0.0895 -0.0894 -0.0894 -0.0894 0.4000 23.1220
149.0000 -0.0895 -0.0895 -0.0894 -0.0894 -0.0894 0.4000 23.1220
150.0000 -0.0895 -0.0895 -0.0894 -0.0894 -0.0894 0.4000 23.1220
# OPTIMIZATION PARAMETERS 
# nelx: 50
# nely: 50
# max buckling: 13.797
# penalization: 1.484
# initial densities: 0.8
# FEA MODEL DATA 
# material: {'Ex': 2000.0, 'Ey': 10000.0, 'NUxy': 0.3}
# loads: {'Val': -10, 'direction': 'x', 'dof': array([2549, 2651, 2753], dtype=int64)}
# bc: Left Clamped
# 
