# densities
1.0000
1.0000
1.0000
1.0000
0.8491
0.4883
0.2396
0.0407
0.0000
0.0000
0.0000
0.0000
0.0000
0.0000
0.0000
0.0000
0.0000
0.0000
0.0000
0.0000
0.0000
0.0000
0.0000
0.0000
0.0000
0.0000
0.0000
0.0000
0.0000
0.0000
1.0000
1.0000
1.0000
1.0000
1.0000
0.6090
0.1543
0.0000
0.0000
0.0000
0.0000
0.0000
0.0000
0.0000
0.0000
0.0000
0.0000
0.0000
0.0000
0.0000
0.0000
0.0000
0.0000
0.0000
0.0000
0.0000
0.0000
0.0000
0.0000
0.0000
1.0000
1.0000
1.0000
1.0000
1.0000
1.0000
1.0000
0.5372
0.1293
0.0000
0.0000
0.0000
0.0000
0.0000
0.0000
0.0000
0.0000
0.0000
0.0000
0.0000
0.0000
0.0000
0.0000
0.0000
0.0000
0.0000
0.0000
0.0000
0.0000
0.0000
1.0000
1.0000
1.0000
1.0000
1.0000
1.0000
1.0000
1.0000
0.6505
0.2757
0.0000
0.0000
0.0000
0.0000
0.0000
0.0000
0.0000
0.0000
0.0000
0.0000
0.0000
0.0000
0.0000
0.0000
0.0000
0.0000
0.0000
0.0000
0.0000
0.0000
1.0000
1.0000
1.0000
1.0000
1.0000
1.0000
1.0000
1.0000
0.9703
0.5791
0.2349
0.0000
0.0000
0.0000
0.0000
0.0000
0.0000
0.0000
0.0000
0.0000
0.0000
0.0000
0.0000
0.0000
0.0000
0.0000
0.0000
0.0000
0.0000
0.0000
0.8144
1.0000
1.0000
1.0000
1.0000
1.0000
1.0000
1.0000
1.0000
0.9738
0.6152
0.2868
0.0141
0.0000
0.0000
0.0000
0.0000
0.0000
0.0000
0.0000
0.0000
0.0000
0.0000
0.0000
0.0000
0.0000
0.0000
0.0000
0.0000
0.0000
0.6878
0.7386
0.7115
1.0000
1.0000
1.0000
1.0000
1.0000
1.0000
1.0000
0.9897
0.6445
0.3270
0.0584
0.0000
0.0000
0.0000
0.0000
0.0000
0.0000
0.0000
0.0000
0.0000
0.0000
0.0000
0.0000
0.0000
0.0000
0.0000
0.0000
0.6354
0.6088
0.4832
0.7043
0.9074
1.0000
1.0000
1.0000
1.0000
1.0000
1.0000
0.9607
0.6372
0.3345
0.0729
0.0000
0.0000
0.0000
0.0000
0.0000
0.0000
0.0000
0.0000
0.0000
0.0000
0.0000
0.0000
0.0000
0.0000
0.0000
0.5927
0.5189
0.3270
0.4662
0.5834
0.8629
1.0000
1.0000
1.0000
1.0000
1.0000
1.0000
0.9398
0.6304
0.3363
0.0789
0.0000
0.0000
0.0000
0.0000
0.0000
0.0000
0.0000
0.0000
0.0000
0.0000
0.0000
0.0000
0.0000
0.0000
0.5300
0.4199
0.1984
0.2871
0.3173
0.5468
0.9201
1.0000
1.0000
1.0000
1.0000
1.0000
1.0000
0.9258
0.6225
0.3321
0.0763
0.0000
0.0000
0.0000
0.0000
0.0000
0.0000
0.0000
0.0000
0.0000
0.0000
0.0000
0.0000
0.0000
0.4348
0.2807
0.0630
0.1373
0.1015
0.2692
0.6053
0.9250
1.0000
1.0000
1.0000
1.0000
1.0000
1.0000
0.9120
0.6106
0.3210
0.0650
0.0000
0.0000
0.0000
0.0000
0.0000
0.0000
0.0000
0.0000
0.0000
0.0000
0.0000
0.0000
0.3157
0.1014
0.0000
0.0044
0.0000
0.0424
0.3192
0.6139
0.9313
1.0000
1.0000
1.0000
1.0000
1.0000
1.0000
0.8990
0.5956
0.3037
0.0454
0.0000
0.0000
0.0000
0.0000
0.0000
0.0000
0.0000
0.0000
0.0000
0.0000
0.0000
0.1909
0.0000
0.0000
0.0000
0.0000
0.0000
0.0807
0.3227
0.6229
0.9538
1.0000
1.0000
1.0000
1.0000
1.0000
1.0000
0.8869
0.5776
0.2804
0.0182
0.0000
0.0000
0.0000
0.0000
0.0000
0.0000
0.0000
0.0000
0.0000
0.0000
0.0763
0.0000
0.0000
0.0000
0.0000
0.0000
0.0000
0.0754
0.3266
0.6411
0.9704
1.0000
1.0000
1.0000
1.0000
1.0000
1.0000
0.8755
0.5567
0.2511
0.0000
0.0000
0.0000
0.0000
0.0000
0.0000
0.0000
0.0000
0.0000
0.0000
0.0000
0.0000
0.0000
0.0000
0.0000
0.0000
0.0000
0.0000
0.0708
0.3353
0.6526
0.9842
1.0000
1.0000
1.0000
1.0000
1.0000
1.0000
0.8644
0.5323
0.2159
0.0000
0.0000
0.0000
0.0000
0.0000
0.0000
0.0000
0.0000
0.0000
0.0000
0.0000
0.0000
0.0000
0.0000
0.0000
0.0000
0.0000
0.0000
0.0687
0.3374
0.6597
0.9981
1.0000
1.0000
1.0000
1.0000
1.0000
1.0000
0.8532
0.5044
0.1746
0.0000
0.0000
0.0000
0.0000
0.0000
0.0000
0.0000
0.0000
0.0000
0.0000
0.0000
0.0000
0.0000
0.0000
0.0000
0.0000
0.0000
0.0000
0.0613
0.3347
0.6642
1.0000
1.0000
1.0000
1.0000
1.0000
1.0000
1.0000
0.8415
0.4721
0.1285
0.0000
0.0000
0.0000
0.0000
0.0000
0.0000
0.0000
0.0000
0.0000
0.0000
0.0000
0.0000
0.0000
0.0000
0.0000
0.0000
0.0000
0.0000
0.0498
0.3284
0.6657
1.0000
1.0000
1.0000
1.0000
1.0000
1.0000
1.0000
0.8283
0.4374
0.0783
0.0000
0.0000
0.0000
0.0000
0.0000
0.0000
0.0000
0.0000
0.0000
0.0000
0.0000
0.0000
0.0000
0.0000
0.0000
0.0000
0.0000
0.0000
0.0353
0.3184
0.6640
1.0000
1.0000
1.0000
1.0000
1.0000
1.0000
1.0000
0.8167
0.4010
0.0155
0.0000
0.0000
0.0000
0.0000
0.0000
0.0000
0.0000
0.0000
0.0000
0.0000
0.0000
0.0000
0.0000
0.0000
0.0000
0.0000
0.0000
0.0000
0.0183
0.3050
0.6593
1.0000
1.0000
1.0000
1.0000
1.0000
1.0000
1.0000
0.8078
0.3516
0.0000
0.0000
0.0000
0.0000
0.0000
0.0000
0.0000
0.0000
0.0000
0.0000
0.0000
0.0000
0.0000
0.0000
0.0000
0.0000
0.0000
0.0000
0.0000
0.0000
0.2889
0.6515
1.0000
1.0000
1.0000
1.0000
1.0000
1.0000
1.0000
0.7829
0.3048
0.0000
0.0000
0.0000
0.0000
0.0000
0.0000
0.0000
0.0000
0.0000
0.0000
0.0000
0.0000
0.0000
0.0000
0.0000
0.0000
0.0000
0.0000
0.0000
0.0000
0.2709
0.6407
1.0000
1.0000
1.0000
1.0000
1.0000
1.0000
1.0000
0.7576
0.3024
0.0000
0.0000
0.0000
0.0000
0.0000
0.0000
0.0000
0.0000
0.0000
0.0000
0.0000
0.0000
0.0000
0.0000
0.0000
0.0000
0.0000
0.0000
0.0000
0.0000
0.2525
0.6277
1.0000
1.0000
1.0000
1.0000
1.0000
1.0000
1.0000
0.7820
0.2268
0.0000
0.0310
0.0000
0.0000
0.0000
0.0000
0.0000
0.0000
0.0000
0.0000
0.0000
0.0000
0.0000
0.0000
0.0000
0.0000
0.0000
0.0000
0.0000
0.0000
0.2371
0.6141
1.0000
1.0000
1.0000
1.0000
1.0000
1.0000
1.0000
0.7049
0.0275
0.2336
0.0000
0.0000
0.0000
0.0000
0.0000
0.0000
0.0000
0.0000
0.0000
0.0000
0.0000
0.0000
0.0000
0.0000
0.0000
0.0000
0.0000
0.0000
0.0000
0.2292
0.6003
1.0000
1.0000
1.0000
1.0000
1.0000
1.0000
1.0000
0.4673
0.4687
0.0000
0.0000
0.0000
0.0000
0.0000
0.0000
0.0000
0.0000
0.0000
0.0000
0.0000
0.0000
0.0000
0.0000
0.0000
0.0000
0.0000
0.0000
0.0000
0.0000
0.2277
0.5883
1.0000
1.0000
1.0000
1.0000
1.0000
1.0000
1.0000
0.7808
0.0000
0.0000
0.0000
0.0000
0.0000
0.0000
0.0000
0.0000
0.0000
0.0000
0.0000
0.0000
0.0000
0.0000
0.0000
0.0000
0.0000
0.0000
0.0000
0.0000
0.0000
0.2333
0.5772
1.0000
1.0000
1.0000
1.0000
1.0000
1.0000
1.0000
0.0000
0.0000
0.0000
0.0000
0.0000
0.0000
0.0000
0.0000
0.0000
0.0000
0.0000
0.0000
0.0000
0.0000
0.0000
0.0000
0.0000
0.0000
0.0000
0.0000
0.0000
0.0446
0.2621
0.5781
1.0000
1.0000
1.0000
1.0000
1.0000
1.0000
0.0000
0.0000
0.0000
0.0000
0.0000
0.0000
0.0000
0.0000
0.0000
0.0000
0.0000
0.0000
0.0000
0.0000
0.0000
0.0000
0.0000
0.0000
0.0000
0.0000
0.0000
0.0010
0.1376
0.3352
0.6555
1.0000
1.0000
1.0000
1.0000
1.0000
0.0000
0.0000
0.0000
0.0000
0.0000
0.0000
0.0000
0.0000
0.0000
0.0000
0.0000
0.0000
0.0000
0.0000
0.0000
0.0000
0.0000
0.0000
0.0000
0.0000
0.0000
0.0143
0.1231
0.2538
0.4673
0.7268
1.0000
1.0000
1.0000
1.0000
0.0000
0.0000
0.0000
0.0000
0.0000
0.0000
0.0000
0.0000
0.0000
0.0000
0.0000
0.0000
0.0000
0.0000
0.0000
0.0000
0.0000
0.0000
0.0000
0.0000
0.0000
0.0143
0.1231
0.2538
0.4673
0.7268
1.0000
1.0000
1.0000
1.0000
0.0000
0.0000
0.0000
0.0000
0.0000
0.0000
0.0000
0.0000
0.0000
0.0000
0.0000
0.0000
0.0000
0.0000
0.0000
0.0000
0.0000
0.0000
0.0000
0.0000
0.0000
0.0010
0.1376
0.3352
0.6555
1.0000
1.0000
1.0000
1.0000
1.0000
0.0000
0.0000
0.0000
0.0000
0.0000
0.0000
0.0000
0.0000
0.0000
0.0000
0.0000
0.0000
0.0000
0.0000
0.0000
0.0000
0.0000
0.0000
0.0000
0.0000
0.0000
0.0446
0.2621
0.5781
1.0000
1.0000
1.0000
1.0000
1.0000
1.0000
0.0000
0.0000
0.0000
0.0000
0.0000
0.0000
0.0000
0.0000
0.0000
0.0000
0.0000
0.0000
0.0000
0.0000
0.0000
0.0000
0.0000
0.0000
0.0000
0.0000
0.0000
0.2333
0.5772
1.0000
1.0000
1.0000
1.0000
1.0000
1.0000
1.0000
0.0000
0.0000
0.0000
0.0000
0.0000
0.0000
0.0000
0.0000
0.0000
0.0000
0.0000
0.0000
0.0000
0.0000
0.0000
0.0000
0.0000
0.0000
0.0000
0.0000
0.2277
0.5883
1.0000
1.0000
1.0000
1.0000
1.0000
1.0000
1.0000
0.7808
0.0000
0.0000
0.0000
0.0000
0.0000
0.0000
0.0000
0.0000
0.0000
0.0000
0.0000
0.0000
0.0000
0.0000
0.0000
0.0000
0.0000
0.0000
0.0000
0.2292
0.6003
1.0000
1.0000
1.0000
1.0000
1.0000
1.0000
1.0000
0.4673
0.4687
0.0000
0.0000
0.0000
0.0000
0.0000
0.0000
0.0000
0.0000
0.0000
0.0000
0.0000
0.0000
0.0000
0.0000
0.0000
0.0000
0.0000
0.0000
0.2371
0.6141
1.0000
1.0000
1.0000
1.0000
1.0000
1.0000
1.0000
0.7049
0.0275
0.2336
0.0000
0.0000
0.0000
0.0000
0.0000
0.0000
0.0000
0.0000
0.0000
0.0000
0.0000
0.0000
0.0000
0.0000
0.0000
0.0000
0.0000
0.2525
0.6277
1.0000
1.0000
1.0000
1.0000
1.0000
1.0000
1.0000
0.7820
0.2268
0.0000
0.0310
0.0000
0.0000
0.0000
0.0000
0.0000
0.0000
0.0000
0.0000
0.0000
0.0000
0.0000
0.0000
0.0000
0.0000
0.0000
0.0000
0.2709
0.6407
1.0000
1.0000
1.0000
1.0000
1.0000
1.0000
1.0000
0.7576
0.3024
0.0000
0.0000
0.0000
0.0000
0.0000
0.0000
0.0000
0.0000
0.0000
0.0000
0.0000
0.0000
0.0000
0.0000
0.0000
0.0000
0.0000
0.0000
0.2889
0.6515
1.0000
1.0000
1.0000
1.0000
1.0000
1.0000
1.0000
0.7829
0.3048
0.0000
0.0000
0.0000
0.0000
0.0000
0.0000
0.0000
0.0000
0.0000
0.0000
0.0000
0.0000
0.0000
0.0000
0.0000
0.0000
0.0000
0.0183
0.3050
0.6593
1.0000
1.0000
1.0000
1.0000
1.0000
1.0000
1.0000
0.8078
0.3516
0.0000
0.0000
0.0000
0.0000
0.0000
0.0000
0.0000
0.0000
0.0000
0.0000
0.0000
0.0000
0.0000
0.0000
0.0000
0.0000
0.0000
0.0353
0.3184
0.6640
1.0000
1.0000
1.0000
1.0000
1.0000
1.0000
1.0000
0.8167
0.4010
0.0155
0.0000
0.0000
0.0000
0.0000
0.0000
0.0000
0.0000
0.0000
0.0000
0.0000
0.0000
0.0000
0.0000
0.0000
0.0000
0.0000
0.0498
0.3284
0.6657
1.0000
1.0000
1.0000
1.0000
1.0000
1.0000
1.0000
0.8283
0.4374
0.0783
0.0000
0.0000
0.0000
0.0000
0.0000
0.0000
0.0000
0.0000
0.0000
0.0000
0.0000
0.0000
0.0000
0.0000
0.0000
0.0000
0.0613
0.3347
0.6642
1.0000
1.0000
1.0000
1.0000
1.0000
1.0000
1.0000
0.8415
0.4721
0.1285
0.0000
0.0000
0.0000
0.0000
0.0000
0.0000
0.0000
0.0000
0.0000
0.0000
0.0000
0.0000
0.0000
0.0000
0.0000
0.0000
0.0687
0.3374
0.6597
0.9981
1.0000
1.0000
1.0000
1.0000
1.0000
1.0000
0.8532
0.5044
0.1746
0.0000
0.0000
0.0000
0.0000
0.0000
0.0000
0.0000
0.0000
0.0000
0.0000
0.0000
0.0000
0.0000
0.0000
0.0000
0.0000
0.0708
0.3353
0.6526
0.9842
1.0000
1.0000
1.0000
1.0000
1.0000
1.0000
0.8644
0.5323
0.2159
0.0000
0.0000
0.0000
0.0000
0.0000
0.0000
0.0000
0.0000
0.0000
0.0763
0.0000
0.0000
0.0000
0.0000
0.0000
0.0000
0.0754
0.3266
0.6411
0.9704
1.0000
1.0000
1.0000
1.0000
1.0000
1.0000
0.8755
0.5567
0.2511
0.0000
0.0000
0.0000
0.0000
0.0000
0.0000
0.0000
0.0000
0.0000
0.0000
0.1909
0.0000
0.0000
0.0000
0.0000
0.0000
0.0807
0.3227
0.6229
0.9538
1.0000
1.0000
1.0000
1.0000
1.0000
1.0000
0.8869
0.5776
0.2804
0.0182
0.0000
0.0000
0.0000
0.0000
0.0000
0.0000
0.0000
0.0000
0.0000
0.0000
0.3157
0.1014
0.0000
0.0044
0.0000
0.0424
0.3192
0.6139
0.9313
1.0000
1.0000
1.0000
1.0000
1.0000
1.0000
0.8990
0.5956
0.3037
0.0454
0.0000
0.0000
0.0000
0.0000
0.0000
0.0000
0.0000
0.0000
0.0000
0.0000
0.0000
0.4348
0.2807
0.0630
0.1373
0.1015
0.2692
0.6053
0.9250
1.0000
1.0000
1.0000
1.0000
1.0000
1.0000
0.9120
0.6106
0.3210
0.0650
0.0000
0.0000
0.0000
0.0000
0.0000
0.0000
0.0000
0.0000
0.0000
0.0000
0.0000
0.0000
0.5300
0.4199
0.1984
0.2871
0.3173
0.5468
0.9201
1.0000
1.0000
1.0000
1.0000
1.0000
1.0000
0.9258
0.6225
0.3321
0.0763
0.0000
0.0000
0.0000
0.0000
0.0000
0.0000
0.0000
0.0000
0.0000
0.0000
0.0000
0.0000
0.0000
0.5927
0.5189
0.3270
0.4662
0.5834
0.8629
1.0000
1.0000
1.0000
1.0000
1.0000
1.0000
0.9398
0.6304
0.3363
0.0789
0.0000
0.0000
0.0000
0.0000
0.0000
0.0000
0.0000
0.0000
0.0000
0.0000
0.0000
0.0000
0.0000
0.0000
0.6354
0.6088
0.4832
0.7043
0.9074
1.0000
1.0000
1.0000
1.0000
1.0000
1.0000
0.9607
0.6372
0.3345
0.0729
0.0000
0.0000
0.0000
0.0000
0.0000
0.0000
0.0000
0.0000
0.0000
0.0000
0.0000
0.0000
0.0000
0.0000
0.0000
0.6878
0.7386
0.7115
1.0000
1.0000
1.0000
1.0000
1.0000
1.0000
1.0000
0.9897
0.6445
0.3270
0.0584
0.0000
0.0000
0.0000
0.0000
0.0000
0.0000
0.0000
0.0000
0.0000
0.0000
0.0000
0.0000
0.0000
0.0000
0.0000
0.0000
0.8144
1.0000
1.0000
1.0000
1.0000
1.0000
1.0000
1.0000
1.0000
0.9738
0.6152
0.2868
0.0141
0.0000
0.0000
0.0000
0.0000
0.0000
0.0000
0.0000
0.0000
0.0000
0.0000
0.0000
0.0000
0.0000
0.0000
0.0000
0.0000
0.0000
1.0000
1.0000
1.0000
1.0000
1.0000
1.0000
1.0000
1.0000
0.9703
0.5791
0.2349
0.0000
0.0000
0.0000
0.0000
0.0000
0.0000
0.0000
0.0000
0.0000
0.0000
0.0000
0.0000
0.0000
0.0000
0.0000
0.0000
0.0000
0.0000
0.0000
1.0000
1.0000
1.0000
1.0000
1.0000
1.0000
1.0000
1.0000
0.6505
0.2757
0.0000
0.0000
0.0000
0.0000
0.0000
0.0000
0.0000
0.0000
0.0000
0.0000
0.0000
0.0000
0.0000
0.0000
0.0000
0.0000
0.0000
0.0000
0.0000
0.0000
1.0000
1.0000
1.0000
1.0000
1.0000
1.0000
1.0000
0.5372
0.1293
0.0000
0.0000
0.0000
0.0000
0.0000
0.0000
0.0000
0.0000
0.0000
0.0000
0.0000
0.0000
0.0000
0.0000
0.0000
0.0000
0.0000
0.0000
0.0000
0.0000
0.0000
1.0000
1.0000
1.0000
1.0000
1.0000
0.6090
0.1543
0.0000
0.0000
0.0000
0.0000
0.0000
0.0000
0.0000
0.0000
0.0000
0.0000
0.0000
0.0000
0.0000
0.0000
0.0000
0.0000
0.0000
0.0000
0.0000
0.0000
0.0000
0.0000
0.0000
1.0000
1.0000
1.0000
1.0000
0.8491
0.4883
0.2396
0.0407
0.0000
0.0000
0.0000
0.0000
0.0000
0.0000
0.0000
0.0000
0.0000
0.0000
0.0000
0.0000
0.0000
0.0000
0.0000
0.0000
0.0000
0.0000
0.0000
0.0000
0.0000
0.0000
# OPTIMIZATION PARAMETERS 
# nelx: 30
# nely: 60
# max buckling: 0.0
# penalization: 3.0
# initial densities: [0.8484 0.9965 0.7306 ... 0.3001 0.0942 0.5367]
# FEA MODEL DATA 
# material: {'Ex': 1, 'Ey': 1, 'NUxy': 0.3}
# loads: {'Val': 0.005, 'direction': 'x', 'dof': array([1859, 1921, 1983], dtype=int64)}
# bc: Left Clamped
# 
