# densities
1.0000
1.0000
1.0000
1.0000
0.5202
0.0000
0.0000
0.0000
0.0000
0.0000
0.0000
0.0000
0.0000
0.0000
0.0000
0.0000
0.0000
0.0000
0.0000
0.0000
0.0000
0.0000
0.0000
0.0000
0.0000
0.0000
0.0000
0.0000
0.0000
0.0000
1.0000
1.0000
1.0000
1.0000
0.9817
0.0000
0.0000
0.0000
0.0000
0.0000
0.0000
0.0000
0.0000
0.0000
0.0000
0.0000
0.0000
0.0000
0.0000
0.0000
0.0000
0.0000
0.0000
0.0000
0.0000
0.0000
0.0000
0.0000
0.0000
0.0000
1.0000
1.0000
1.0000
1.0000
1.0000
1.0000
0.3082
0.0000
0.0000
0.0000
0.0000
0.0000
0.0000
0.0000
0.0000
0.0000
0.0000
0.0000
0.0000
0.0000
0.0000
0.0000
0.0000
0.0000
0.0000
0.0000
0.0000
0.0000
0.0000
0.0000
1.0000
1.0000
1.0000
1.0000
1.0000
1.0000
1.0000
0.3022
0.0000
0.0000
0.0000
0.0000
0.0000
0.0000
0.0000
0.0000
0.0000
0.0000
0.0000
0.0000
0.0000
0.0000
0.0000
0.0000
0.0000
0.0000
0.0000
0.0000
0.0000
0.0000
1.0000
1.0000
1.0000
1.0000
1.0000
1.0000
1.0000
1.0000
0.2274
0.0000
0.0000
0.0000
0.0000
0.0000
0.0000
0.0000
0.0000
0.0000
0.0000
0.0000
0.0000
0.0000
0.0000
0.0000
0.0000
0.0000
0.0000
0.0000
0.0000
0.0000
0.4276
0.5552
0.6767
1.0000
1.0000
1.0000
1.0000
1.0000
1.0000
0.3003
0.0000
0.0000
0.0000
0.0000
0.0000
0.0000
0.0000
0.0000
0.0000
0.0000
0.0000
0.0000
0.0000
0.0000
0.0000
0.0000
0.0000
0.0000
0.0000
0.0000
0.0000
0.0000
0.0079
0.6458
1.0000
1.0000
1.0000
1.0000
1.0000
1.0000
0.3707
0.0000
0.0000
0.0000
0.0000
0.0000
0.0000
0.0000
0.0000
0.0000
0.0000
0.0000
0.0000
0.0000
0.0000
0.0000
0.0000
0.0000
0.0000
0.0000
0.0000
0.0000
0.0000
0.0149
0.6413
1.0000
1.0000
1.0000
1.0000
1.0000
1.0000
0.4058
0.0000
0.0000
0.0000
0.0000
0.0000
0.0000
0.0000
0.0000
0.0000
0.0000
0.0000
0.0000
0.0000
0.0000
0.0000
0.0000
0.0000
0.0000
0.0000
0.0000
0.0000
0.0000
0.0000
0.5885
1.0000
1.0000
1.0000
1.0000
1.0000
1.0000
0.4480
0.0000
0.0000
0.0000
0.0000
0.0000
0.0000
0.0000
0.0000
0.0000
0.0000
0.0000
0.0000
0.0000
0.0000
0.0000
0.0000
0.0000
0.0000
0.0000
0.0000
0.0000
0.0000
0.0000
0.5880
1.0000
1.0000
1.0000
1.0000
1.0000
1.0000
0.4915
0.0000
0.0000
0.0000
0.0000
0.0000
0.0000
0.0000
0.0000
0.0000
0.0000
0.0000
0.0000
0.0000
0.0000
0.0000
0.0000
0.0000
0.0000
0.0000
0.0000
0.0000
0.0000
0.0000
0.5701
1.0000
1.0000
1.0000
1.0000
1.0000
1.0000
0.5283
0.0000
0.0000
0.0000
0.0000
0.0000
0.0000
0.0000
0.0000
0.0000
0.0000
0.0000
0.0000
0.0000
0.0000
0.0000
0.0000
0.0000
0.0000
0.0000
0.0000
0.0000
0.0000
0.0000
0.5478
1.0000
1.0000
1.0000
1.0000
1.0000
1.0000
0.5629
0.0000
0.0000
0.0000
0.0000
0.0000
0.0000
0.0000
0.0000
0.0000
0.0000
0.0000
0.0000
0.0000
0.0000
0.0000
0.0000
0.0000
0.0000
0.0000
0.0000
0.0000
0.0000
0.0000
0.5359
1.0000
1.0000
1.0000
1.0000
1.0000
1.0000
0.5967
0.0000
0.0000
0.0000
0.0000
0.0000
0.0000
0.0000
0.0000
0.0000
0.0000
0.0000
0.0000
0.0000
0.0000
0.0000
0.0000
0.0000
0.0000
0.0000
0.0000
0.0000
0.0000
0.0000
0.5161
1.0000
1.0000
1.0000
1.0000
1.0000
1.0000
0.6287
0.0000
0.0000
0.0000
0.0000
0.0000
0.0000
0.0000
0.0000
0.0000
0.0000
0.0000
0.0000
0.0000
0.0000
0.0000
0.0000
0.0000
0.0000
0.0000
0.0000
0.0000
0.0000
0.0000
0.4920
1.0000
1.0000
1.0000
1.0000
1.0000
1.0000
0.6588
0.0000
0.0000
0.0000
0.0000
0.0000
0.0000
0.0000
0.0000
0.0000
0.0000
0.0000
0.0000
0.0000
0.0000
0.0000
0.0000
0.0000
0.0000
0.0000
0.0000
0.0000
0.0000
0.0000
0.4695
1.0000
1.0000
1.0000
1.0000
1.0000
1.0000
0.6889
0.0000
0.0000
0.0000
0.0000
0.0000
0.0000
0.0000
0.0000
0.0000
0.0000
0.0000
0.0000
0.0000
0.0000
0.0000
0.0000
0.0000
0.0000
0.0000
0.0000
0.0000
0.0000
0.0000
0.4505
1.0000
1.0000
1.0000
1.0000
1.0000
1.0000
0.7193
0.0000
0.0000
0.0000
0.0000
0.0000
0.0000
0.0000
0.0000
0.0000
0.0000
0.0000
0.0000
0.0000
0.0000
0.0000
0.0000
0.0000
0.0000
0.0000
0.0000
0.0000
0.0000
0.0000
0.4391
1.0000
1.0000
1.0000
1.0000
1.0000
1.0000
0.7499
0.0000
0.0000
0.0000
0.0000
0.0000
0.0000
0.0000
0.0000
0.0000
0.0000
0.0000
0.0000
0.0000
0.0000
0.0000
0.0000
0.0000
0.0000
0.0000
0.0000
0.0000
0.0000
0.0000
0.4398
1.0000
1.0000
1.0000
1.0000
1.0000
1.0000
0.7920
0.0000
0.0000
0.0000
0.0000
0.0000
0.0000
0.0000
0.0000
0.0000
0.0000
0.0000
0.0000
0.0000
0.0000
0.0000
0.0000
0.0000
0.0000
0.0000
0.0000
0.0000
0.0000
0.0000
0.4540
1.0000
1.0000
1.0000
1.0000
1.0000
1.0000
0.8561
0.0000
0.0000
0.0000
0.0000
0.0000
0.0000
0.0000
0.0000
0.0000
0.0000
0.0000
0.0000
0.0000
0.0000
0.0000
0.0000
0.0000
0.0000
0.0000
0.0000
0.0000
0.0000
0.0000
0.4813
1.0000
1.0000
1.0000
1.0000
1.0000
1.0000
0.8892
0.0192
0.0000
0.0000
0.0000
0.0000
0.0000
0.0000
0.0000
0.0000
0.0000
0.0000
0.0000
0.0000
0.0000
0.0000
0.0000
0.0000
0.0000
0.0000
0.0000
0.0000
0.0000
0.0000
0.5171
1.0000
1.0000
1.0000
1.0000
1.0000
1.0000
0.8944
0.0743
0.0000
0.0000
0.0000
0.0000
0.0000
0.0000
0.0000
0.0000
0.0000
0.0000
0.0000
0.0000
0.0000
0.0000
0.0000
0.0000
0.0000
0.0000
0.0000
0.0000
0.0000
0.0000
0.5453
1.0000
1.0000
1.0000
1.0000
1.0000
1.0000
1.0000
0.1502
0.0000
0.0000
0.0000
0.0000
0.0000
0.0000
0.0000
0.0000
0.0000
0.0000
0.0000
0.0000
0.0000
0.0000
0.0000
0.0000
0.0000
0.0000
0.0000
0.0000
0.0000
0.0680
0.5457
1.0000
1.0000
1.0000
1.0000
1.0000
1.0000
1.0000
0.0000
0.0000
0.0000
0.0000
0.0000
0.0000
0.0000
0.0000
0.0000
0.0000
0.0000
0.0000
0.0000
0.0000
0.0000
0.0000
0.0000
0.0000
0.0000
0.0000
0.0000
0.0000
0.1515
0.5468
1.0000
1.0000
1.0000
1.0000
1.0000
1.0000
0.5076
0.4035
0.0000
0.0000
0.0000
0.0000
0.0000
0.0000
0.0000
0.0000
0.0000
0.0000
0.0000
0.0000
0.0000
0.0000
0.0000
0.0000
0.0000
0.0000
0.0000
0.0000
0.0000
0.2245
0.5745
1.0000
1.0000
1.0000
1.0000
1.0000
1.0000
0.9869
0.0000
0.0000
0.0000
0.0000
0.0000
0.0000
0.0000
0.0000
0.0000
0.0000
0.0000
0.0000
0.0000
0.0000
0.0000
0.0000
0.0000
0.0000
0.0000
0.0000
0.0000
0.1004
0.2954
0.5646
1.0000
1.0000
1.0000
1.0000
1.0000
1.0000
0.0000
0.0000
0.0000
0.0000
0.0000
0.0000
0.0000
0.0000
0.0000
0.0000
0.0000
0.0142
0.0000
0.0000
0.0000
0.0000
0.0000
0.0000
0.0000
0.0000
0.0000
0.0538
0.2334
0.3682
0.6150
1.0000
1.0000
1.0000
1.0000
1.0000
0.0000
0.0000
0.0000
0.0000
0.0000
0.0000
0.0000
0.0000
0.0000
0.0000
0.0000
0.0087
0.0000
0.0000
0.0000
0.0000
0.0000
0.0000
0.0000
0.0000
0.0000
0.0068
0.2500
0.4010
0.5427
0.7878
1.0000
1.0000
1.0000
1.0000
0.0000
0.0000
0.0000
0.0000
0.0000
0.0000
0.0000
0.0000
0.0000
0.0000
0.0000
0.0000
0.0000
0.0000
0.0000
0.0000
0.0000
0.0000
0.0000
0.0000
0.0000
0.0000
0.2890
0.5015
0.6206
0.7553
0.8433
1.0000
1.0000
1.0000
0.0000
0.0000
0.0000
0.0000
0.0000
0.0000
0.0000
0.0000
0.0000
0.0000
0.0000
0.0000
0.0000
0.0000
0.0000
0.0000
0.0000
0.0000
0.0000
0.0000
0.0000
0.0214
0.3591
0.5996
0.7323
0.8691
0.9246
1.0000
1.0000
1.0000
0.0000
0.0000
0.0000
0.0000
0.0000
0.0000
0.0000
0.0000
0.0000
0.0000
0.0000
0.0000
0.0000
0.0000
0.0000
0.0000
0.0000
0.0000
0.0000
0.0000
0.0000
0.2221
0.5371
0.7338
0.8586
1.0000
1.0000
1.0000
1.0000
1.0000
0.0000
0.0000
0.0000
0.0000
0.0000
0.0000
0.0000
0.0000
0.0000
0.0000
0.0000
0.0000
0.0000
0.0000
0.0000
0.0000
0.0000
0.0000
0.0000
0.0000
0.1600
0.5481
0.8436
0.9588
1.0000
1.0000
1.0000
1.0000
1.0000
1.0000
0.0000
0.0000
0.0000
0.0000
0.0000
0.0000
0.0000
0.0000
0.0000
0.0000
0.0000
0.0000
0.0000
0.0000
0.0000
0.0000
0.0000
0.0000
0.0000
0.1910
0.5916
0.9354
1.0000
1.0000
1.0000
1.0000
1.0000
1.0000
1.0000
1.0000
0.0000
0.0000
0.0000
0.0000
0.0000
0.0000
0.0000
0.0000
0.0000
0.0000
0.0000
0.0000
0.0000
0.0000
0.0000
0.0000
0.0000
0.0000
0.2902
0.7089
1.0000
1.0000
1.0000
1.0000
1.0000
1.0000
1.0000
1.0000
0.9835
0.9008
0.0000
0.0000
0.0000
0.0000
0.0000
0.0000
0.0000
0.0000
0.1065
0.1357
0.0000
0.0000
0.0000
0.0000
0.0000
0.0000
0.0000
0.3908
0.8287
1.0000
1.0000
1.0000
1.0000
1.0000
0.9203
1.0000
1.0000
1.0000
0.4361
0.7104
0.0000
0.0000
0.0000
0.0000
0.0000
0.0000
0.0000
0.0000
0.0000
0.0000
0.0000
0.0000
0.0000
0.0000
0.0000
0.0000
0.4638
0.9185
1.0000
1.0000
1.0000
1.0000
0.9851
0.7810
0.7440
0.9514
1.0000
1.0000
0.2026
0.4861
0.0000
0.0000
0.0000
0.0000
0.0000
0.0000
0.0000
0.0000
0.0000
0.0000
0.0000
0.0000
0.0000
0.0000
0.0000
0.4152
0.8847
1.0000
1.0000
1.0000
1.0000
0.9203
0.7307
0.6452
0.7485
1.0000
1.0000
0.9994
0.0550
0.1974
0.0000
0.0000
0.0000
0.0000
0.0000
0.0000
0.0000
0.0000
0.0000
0.0000
0.0000
0.0000
0.0000
0.0000
0.3955
0.8415
1.0000
1.0000
1.0000
1.0000
0.8544
0.6723
0.5964
0.6797
0.8979
1.0000
1.0000
0.7185
0.0000
0.0000
0.0000
0.0000
0.0000
0.0000
0.0000
0.0000
0.0000
0.0000
0.0000
0.0000
0.0000
0.0000
0.0000
0.3549
0.8057
1.0000
1.0000
1.0000
1.0000
0.8149
0.6397
0.5526
0.6145
0.8359
1.0000
1.0000
0.9849
0.3230
0.0000
0.0000
0.0000
0.0000
0.0000
0.0000
0.0000
0.0000
0.0000
0.0000
0.0000
0.0000
0.0000
0.0000
0.2581
0.7397
1.0000
1.0000
1.0000
1.0000
0.8048
0.6319
0.5456
0.5768
0.7691
1.0000
1.0000
0.9978
0.7163
0.0000
0.0000
0.0000
0.2530
0.0000
0.0000
0.0000
0.0000
0.0000
0.0000
0.0000
0.0000
0.0000
0.0000
0.1239
0.6192
0.9945
1.0000
1.0000
1.0000
0.8186
0.6477
0.5560
0.5816
0.7396
1.0000
1.0000
1.0000
0.7565
0.1713
0.0000
0.0000
0.0000
0.7147
0.7630
0.3733
0.2101
0.0680
0.0000
0.0000
0.0000
0.0000
0.0000
0.0914
0.4684
0.8643
1.0000
1.0000
1.0000
0.8466
0.6844
0.5866
0.5940
0.7405
0.9787
1.0000
1.0000
0.9509
0.3097
0.0000
0.0000
0.0000
0.0000
0.9207
1.0000
0.7932
0.6680
0.5396
0.3789
0.3482
0.2779
0.1682
0.2214
0.4208
0.7134
0.9907
1.0000
1.0000
0.8866
0.7306
0.6383
0.6344
0.7531
0.9720
1.0000
0.9420
0.9651
0.5213
0.0000
0.0000
0.0000
0.0000
0.0000
0.7337
0.7531
0.7859
0.8054
0.7269
0.6037
0.5807
0.5132
0.4166
0.4711
0.6408
0.8602
1.0000
1.0000
0.9419
0.7930
0.7052
0.7128
0.8106
0.9846
1.0000
0.9961
0.9623
0.6410
0.0000
0.0000
0.0000
0.0000
0.0000
0.0000
0.3891
0.2948
0.4992
0.6725
0.6581
0.5927
0.6070
0.5722
0.5277
0.6171
0.7830
0.9484
1.0000
0.9991
0.8820
0.7957
0.8100
0.9110
1.0000
1.0000
1.0000
0.9779
0.5819
0.0000
0.0000
0.0000
0.0000
0.0000
0.0000
0.0000
0.1688
0.0000
0.2113
0.4576
0.4858
0.4744
0.5393
0.5592
0.5861
0.7225
0.8893
1.0000
1.0000
0.9884
0.9162
0.9202
1.0000
1.0000
1.0000
1.0000
0.8630
0.4513
0.0000
0.0000
0.0000
0.0000
0.0000
0.0000
0.0000
0.0000
0.0384
0.0000
0.0085
0.2836
0.3433
0.3898
0.5149
0.5948
0.6790
0.8389
0.9883
1.0000
1.0000
1.0000
1.0000
1.0000
1.0000
1.0000
1.0000
0.7099
0.2818
0.0000
0.0000
0.0000
0.0000
0.0000
0.0000
0.0000
0.0000
0.0000
0.0000
0.0000
0.0000
0.1868
0.2809
0.3925
0.5854
0.7258
0.8473
1.0000
1.0000
1.0000
1.0000
1.0000
1.0000
1.0000
1.0000
0.8608
0.5099
0.0724
0.0000
0.0000
0.0000
0.0000
0.0000
0.0000
0.0000
0.0000
0.0000
0.0000
0.0000
0.0000
0.0000
0.1645
0.2978
0.4775
0.7352
0.9279
1.0000
1.0000
1.0000
1.0000
1.0000
1.0000
1.0000
1.0000
0.6939
0.2620
0.0000
0.0000
0.0000
0.0000
0.0000
0.0000
0.0000
0.0000
0.0000
0.0000
0.0000
0.0000
0.0000
0.0000
0.0000
0.2629
0.4413
0.6709
0.9616
1.0000
1.0000
1.0000
1.0000
1.0000
1.0000
1.0000
0.8933
0.4794
0.0059
0.0000
0.0000
0.0000
0.0000
0.0000
0.0000
0.0000
0.0000
0.0000
0.0000
0.0000
0.0000
0.0000
0.0775
0.0000
0.1183
0.4808
0.7013
0.9556
1.0000
1.0000
1.0000
1.0000
1.0000
1.0000
1.0000
0.7095
0.2012
0.0000
0.0000
0.0000
0.0000
0.0000
0.0000
0.0000
0.0000
0.0000
0.0000
0.0000
0.0000
0.0000
0.0000
0.0000
0.2086
0.0000
0.3946
0.7714
1.0000
1.0000
1.0000
1.0000
1.0000
1.0000
1.0000
1.0000
0.6906
0.0212
0.0000
0.0000
0.0000
0.0000
0.0000
0.0000
0.0000
0.0000
0.0000
0.0000
0.0000
0.0000
0.0000
0.0000
0.0000
0.0000
0.3935
0.2822
0.7454
1.0000
1.0000
1.0000
1.0000
1.0000
1.0000
1.0000
1.0000
0.8126
0.2530
0.0000
0.0000
0.0000
0.0000
0.0000
0.0000
0.0000
0.0000
0.0000
0.0000
0.0000
0.0000
0.0000
0.0000
0.0000
0.0000
0.0000
0.6450
0.7316
1.0000
1.0000
1.0000
1.0000
1.0000
1.0000
1.0000
1.0000
0.7688
0.1105
0.0851
0.0000
0.0000
0.0000
0.0000
0.0000
0.0000
0.0000
0.0000
0.0000
0.0000
0.0000
0.0000
0.0000
0.0000
0.0000
0.0000
0.0000
0.9977
1.0000
1.0000
1.0000
1.0000
1.0000
1.0000
1.0000
0.7851
0.3377
0.2594
0.0000
0.0000
0.0000
0.0000
0.0000
0.0000
0.0000
0.0000
0.0000
0.0000
0.0000
0.0000
0.0000
0.0000
0.0000
0.0000
0.0000
0.0000
0.0000
1.0000
1.0000
1.0000
1.0000
1.0000
1.0000
1.0000
0.8457
0.2445
0.0000
0.0000
0.0000
0.0000
0.0000
0.0000
0.0000
0.0000
0.0000
0.0000
0.0000
0.0000
0.0000
0.0000
0.0000
0.0000
0.0000
0.0000
0.0000
0.0000
0.0000
1.0000
1.0000
1.0000
1.0000
1.0000
1.0000
0.5581
0.0093
0.0000
0.0000
0.0000
0.0000
0.0000
0.0000
0.0000
0.0000
0.0000
0.0000
0.0000
0.0000
0.0000
0.0000
0.0000
0.0000
0.0000
0.0000
0.0000
0.0000
0.0000
0.0000
1.0000
1.0000
1.0000
1.0000
0.3952
0.0000
0.0000
0.0000
0.0000
0.0000
0.0000
0.0000
0.0000
0.0000
0.0000
0.0000
0.0000
0.0000
0.0000
0.0000
0.0000
0.0000
0.0000
0.0000
0.0000
0.0000
0.0000
0.0000
0.0000
0.0000
1.0000
1.0000
1.0000
0.6907
0.3091
0.0000
0.0000
0.0000
0.0000
0.0000
0.0000
0.0000
0.0000
0.0000
0.0000
0.0000
0.0000
0.0000
0.0000
0.0000
0.0000
0.0000
0.0000
0.0000
0.0000
0.0000
0.0000
0.0000
0.0000
0.0000
# OPTIMIZATION PARAMETERS 
# nelx: 30
# nely: 60
# max buckling: 0.31325
# penalization: 3.0
# initial densities: [0.9995 1.     0.975  ... 0.     0.     0.1488]
# FEA MODEL DATA 
# material: {'Ex': 1, 'Ey': 1, 'NUxy': 0.3}
# loads: {'Val': 0.005, 'direction': 'x', 'dof': array([1859, 1921, 1983], dtype=int64)}
# bc: Left Clamped
# 
