# densities
1.0000
1.0000
1.0000
1.0000
0.3864
0.0000
0.0000
0.0000
0.0000
0.0000
0.0000
0.0000
0.0000
0.0000
0.0000
0.0000
0.0000
0.0000
0.0000
0.0000
0.0000
0.0000
0.0000
0.0000
0.0000
0.0000
0.0000
0.0000
0.0000
0.0000
1.0000
1.0000
1.0000
1.0000
0.9340
0.0013
0.0000
0.0000
0.0000
0.0000
0.0000
0.0000
0.0000
0.0000
0.0000
0.0000
0.0000
0.0000
0.0000
0.0000
0.0000
0.0000
0.0000
0.0000
0.0000
0.0000
0.0000
0.0000
0.0000
0.0000
1.0000
1.0000
1.0000
1.0000
1.0000
1.0000
0.1919
0.0000
0.0000
0.0000
0.0000
0.0000
0.0000
0.0000
0.0000
0.0000
0.0000
0.0000
0.0000
0.0000
0.0000
0.0000
0.0000
0.0000
0.0000
0.0000
0.0000
0.0000
0.0000
0.0000
1.0000
1.0000
1.0000
1.0000
1.0000
1.0000
1.0000
0.2612
0.0000
0.0000
0.0000
0.0000
0.0000
0.0000
0.0000
0.0000
0.0000
0.0000
0.0000
0.0000
0.0000
0.0000
0.0000
0.0000
0.0000
0.0000
0.0000
0.0000
0.0000
0.0000
0.6488
1.0000
1.0000
1.0000
1.0000
1.0000
1.0000
1.0000
0.2615
0.0000
0.0000
0.0000
0.0000
0.0000
0.0000
0.0000
0.0000
0.0000
0.0000
0.0000
0.0000
0.0000
0.0000
0.0000
0.0000
0.0000
0.0000
0.0000
0.0000
0.0000
0.0164
0.0822
0.3251
1.0000
1.0000
1.0000
1.0000
1.0000
1.0000
0.3737
0.0000
0.0000
0.0000
0.0000
0.0000
0.0000
0.0000
0.0000
0.0000
0.0000
0.0000
0.0000
0.0000
0.0000
0.0000
0.0000
0.0000
0.0000
0.0000
0.0000
0.0000
0.0000
0.0027
0.3553
1.0000
1.0000
1.0000
1.0000
1.0000
1.0000
0.4749
0.0000
0.0000
0.0000
0.0000
0.0000
0.0000
0.0000
0.0000
0.0000
0.0000
0.0000
0.0000
0.0000
0.0000
0.0000
0.0000
0.0000
0.0000
0.0000
0.0000
0.0000
0.0000
0.0003
0.2937
1.0000
1.0000
1.0000
1.0000
1.0000
1.0000
0.5390
0.0000
0.0000
0.0000
0.0000
0.0000
0.0000
0.0000
0.0000
0.0000
0.0000
0.0000
0.0000
0.0000
0.0000
0.0000
0.0000
0.0000
0.0000
0.0000
0.0000
0.0000
0.0000
0.0000
0.2041
1.0000
1.0000
1.0000
1.0000
1.0000
1.0000
0.6117
0.0000
0.0000
0.0000
0.0000
0.0000
0.0000
0.0000
0.0000
0.0000
0.0000
0.0000
0.0000
0.0000
0.0000
0.0000
0.0000
0.0000
0.0000
0.0000
0.0000
0.0000
0.0000
0.0000
0.1759
1.0000
1.0000
1.0000
1.0000
1.0000
1.0000
0.6865
0.0000
0.0000
0.0000
0.0000
0.0000
0.0000
0.0000
0.0000
0.0000
0.0000
0.0000
0.0000
0.0000
0.0000
0.0000
0.0000
0.0000
0.0000
0.0000
0.0000
0.0000
0.0000
0.0000
0.1305
1.0000
1.0000
1.0000
1.0000
1.0000
1.0000
0.7557
0.0000
0.0000
0.0000
0.0000
0.0000
0.0000
0.0000
0.0000
0.0000
0.0000
0.0000
0.0000
0.0000
0.0000
0.0000
0.0000
0.0000
0.0000
0.0000
0.0000
0.0000
0.0000
0.0000
0.0832
1.0000
1.0000
1.0000
1.0000
1.0000
1.0000
0.8220
0.0008
0.0000
0.0000
0.0000
0.0000
0.0000
0.0000
0.0000
0.0000
0.0000
0.0000
0.0000
0.0000
0.0000
0.0000
0.0000
0.0000
0.0000
0.0000
0.0000
0.0000
0.0000
0.0000
0.0427
1.0000
1.0000
1.0000
1.0000
1.0000
1.0000
0.8835
0.0000
0.0000
0.0000
0.0000
0.0000
0.0000
0.0000
0.0000
0.0000
0.0000
0.0000
0.0000
0.0000
0.0000
0.0000
0.0000
0.0000
0.0000
0.0000
0.0000
0.0000
0.0000
0.0000
0.0230
1.0000
1.0000
1.0000
1.0000
1.0000
1.0000
0.9366
0.0099
0.0000
0.0000
0.0000
0.0000
0.0000
0.0000
0.0000
0.0000
0.0000
0.0000
0.0000
0.0000
0.0000
0.0000
0.0000
0.0000
0.0000
0.0000
0.0000
0.0000
0.0000
0.0000
0.0306
1.0000
1.0000
1.0000
1.0000
1.0000
1.0000
0.9790
0.0293
0.0000
0.0000
0.0000
0.0000
0.0000
0.0000
0.0000
0.0000
0.0000
0.0000
0.0000
0.0000
0.0000
0.0000
0.0000
0.0000
0.0000
0.0000
0.0000
0.0000
0.0000
0.0000
0.0294
1.0000
1.0000
1.0000
1.0000
1.0000
1.0000
1.0000
0.0286
0.0000
0.0000
0.0000
0.0000
0.0000
0.0000
0.0000
0.0000
0.0000
0.0000
0.0000
0.0000
0.0000
0.0000
0.0000
0.0000
0.0000
0.0000
0.0000
0.0000
0.0000
0.0000
0.0224
1.0000
1.0000
1.0000
1.0000
1.0000
1.0000
1.0000
0.0048
0.0000
0.0000
0.0000
0.0000
0.0000
0.0000
0.0000
0.0000
0.0000
0.0000
0.0000
0.0000
0.0000
0.0000
0.0000
0.0000
0.0000
0.0000
0.0000
0.0000
0.0000
0.0000
0.0099
1.0000
1.0000
1.0000
1.0000
1.0000
1.0000
1.0000
0.0000
0.0000
0.0000
0.0000
0.0000
0.0000
0.0000
0.0000
0.0000
0.0000
0.0000
0.0000
0.0000
0.0000
0.0000
0.0000
0.0000
0.0000
0.0000
0.0000
0.0000
0.0000
0.0000
0.0483
1.0000
1.0000
1.0000
1.0000
1.0000
1.0000
0.9847
0.0000
0.0000
0.0000
0.0000
0.0000
0.0000
0.0000
0.0000
0.0000
0.0000
0.0000
0.0000
0.0000
0.0000
0.0000
0.0000
0.0000
0.0000
0.0000
0.0000
0.0000
0.0000
0.0000
0.1639
1.0000
1.0000
1.0000
1.0000
1.0000
1.0000
0.9970
0.0000
0.0000
0.0000
0.0000
0.0000
0.0000
0.0000
0.0000
0.0000
0.0000
0.0000
0.0000
0.0000
0.0000
0.0000
0.0000
0.0000
0.0000
0.0000
0.0000
0.0000
0.0000
0.0000
0.2628
0.9937
1.0000
1.0000
1.0000
1.0000
1.0000
1.0000
0.0010
0.0000
0.0000
0.0000
0.0000
0.0000
0.0000
0.0000
0.0000
0.0000
0.0000
0.0000
0.0000
0.0000
0.2208
0.4919
0.0449
0.0000
0.0000
0.0000
0.0000
0.0000
0.0000
0.2251
0.9289
1.0000
1.0000
1.0000
1.0000
1.0000
1.0000
0.0532
0.0000
0.0000
0.0000
0.0000
0.0000
0.0000
0.0000
0.0000
0.0000
0.0000
0.0000
0.0000
0.0144
0.0110
0.0175
0.0197
0.1819
0.0000
0.0000
0.0000
0.0000
0.0000
0.1805
0.8586
1.0000
1.0000
1.0000
1.0000
1.0000
1.0000
0.1508
0.0000
0.0000
0.0000
0.0000
0.0000
0.0000
0.0000
0.0000
0.0000
0.0000
0.0000
0.0409
0.0000
0.0000
0.0000
0.0000
0.0000
0.0000
0.0000
0.0000
0.0000
0.0000
0.1929
0.7980
1.0000
1.0000
1.0000
1.0000
1.0000
1.0000
0.0110
0.0000
0.0000
0.0000
0.0000
0.0000
0.0000
0.0000
0.0000
0.0000
0.0000
0.0000
0.0000
0.0000
0.0000
0.0000
0.0000
0.0000
0.0000
0.0000
0.0000
0.0000
0.0000
0.2548
0.7845
1.0000
1.0000
1.0000
1.0000
1.0000
0.8560
0.4423
0.0000
0.0000
0.0000
0.0000
0.0000
0.0000
0.0000
0.0000
0.0000
0.0000
0.0000
0.0000
0.0000
0.0000
0.0000
0.0000
0.0000
0.0000
0.0000
0.0000
0.0000
0.0173
0.3721
0.8160
1.0000
1.0000
1.0000
1.0000
1.0000
1.0000
0.0000
0.0000
0.0000
0.0000
0.0000
0.0000
0.0000
0.0000
0.0000
0.0000
0.0000
0.0000
0.0000
0.0000
0.0000
0.0000
0.0000
0.0000
0.0000
0.0000
0.0000
0.0000
0.2435
0.5025
0.8727
1.0000
1.0000
1.0000
1.0000
1.0000
0.0000
0.0000
0.0000
0.0000
0.0000
0.0000
0.0000
0.0000
0.0000
0.0000
0.0000
0.0000
0.0000
0.0000
0.0000
0.0000
0.0000
0.0000
0.0000
0.0000
0.0000
0.0611
0.2813
0.4417
0.6218
1.0000
1.0000
1.0000
1.0000
1.0000
0.0000
0.0000
0.0000
0.0000
0.0000
0.0000
0.0000
0.0000
0.0000
0.0000
0.0000
0.0000
0.0000
0.0000
0.0000
0.0000
0.0000
0.0000
0.0000
0.0000
0.0000
0.1250
0.3445
0.4941
0.5961
0.7414
1.0000
1.0000
1.0000
1.0000
0.0000
0.0000
0.0000
0.0000
0.0000
0.0000
0.0000
0.0374
0.1053
0.0000
0.0000
0.0000
0.0000
0.0000
0.0000
0.0000
0.0000
0.0000
0.0000
0.0000
0.0000
0.1914
0.3860
0.5418
0.6614
0.7213
0.8381
1.0000
1.0000
1.0000
0.0000
0.0000
0.0000
0.0000
0.0000
0.0000
0.0000
0.0000
0.0195
0.0007
0.0011
0.0021
0.0020
0.0006
0.0000
0.0000
0.0000
0.0000
0.0000
0.0000
0.0946
0.3131
0.4760
0.6171
0.7523
0.8258
0.9034
1.0000
1.0000
1.0000
0.0000
0.0000
0.0000
0.0000
0.0000
0.0000
0.0000
0.0000
0.0000
0.0000
0.0000
0.0000
0.0000
0.0000
0.0000
0.0000
0.0000
0.0000
0.0000
0.0538
0.3095
0.5176
0.6717
0.7958
0.9167
0.9998
1.0000
1.0000
1.0000
1.0000
0.0000
0.0000
0.0000
0.0000
0.0000
0.0000
0.0000
0.0000
0.0000
0.0000
0.0000
0.0000
0.0038
0.0031
0.0000
0.0000
0.0000
0.0000
0.0833
0.3497
0.5890
0.7798
0.9239
1.0000
1.0000
1.0000
1.0000
1.0000
1.0000
1.0000
0.0000
0.0000
0.0000
0.0000
0.0000
0.0000
0.0000
0.0000
0.0000
0.0000
0.0000
0.0000
0.0000
0.0000
0.0000
0.0000
0.0000
0.1474
0.3985
0.6474
0.8546
1.0000
1.0000
1.0000
1.0000
1.0000
1.0000
1.0000
1.0000
1.0000
0.0000
0.0000
0.0000
0.0000
0.0000
0.0000
0.0000
0.0000
0.0000
0.0000
0.0000
0.0000
0.0000
0.0000
0.0000
0.0000
0.1805
0.4431
0.6810
0.8868
0.9992
1.0000
1.0000
1.0000
1.0000
1.0000
1.0000
0.9200
0.1872
0.3816
0.0000
0.0000
0.0000
0.0000
0.0000
0.0000
0.0000
0.0000
0.0000
0.0000
0.0000
0.0000
0.0000
0.0000
0.0000
0.1946
0.4842
0.7152
0.8991
0.9998
1.0000
1.0000
1.0000
0.9464
0.8768
0.9235
1.0000
0.8579
0.0000
0.3087
0.0000
0.0000
0.0000
0.0000
0.0000
0.0000
0.0000
0.0000
0.0000
0.0000
0.0000
0.0000
0.0000
0.0000
0.1306
0.4735
0.7362
0.9138
1.0000
1.0000
1.0000
0.9827
0.8972
0.8067
0.7589
0.8464
1.0000
0.7991
0.0000
0.0000
0.0000
0.0000
0.0000
0.0000
0.0000
0.0000
0.0000
0.0000
0.0000
0.0000
0.0000
0.0000
0.0000
0.0581
0.4267
0.7221
0.9161
1.0000
1.0000
0.9999
0.9483
0.8560
0.7899
0.7484
0.7412
0.8409
0.9988
0.9829
0.2943
0.4126
0.1900
0.0000
0.0000
0.0000
0.0000
0.0000
0.0000
0.0000
0.0000
0.0000
0.0000
0.0000
0.0000
0.3795
0.6967
0.9093
1.0000
1.0000
1.0000
0.9373
0.8339
0.7372
0.7069
0.7415
0.7955
0.8984
0.9820
0.7320
0.0000
0.0726
0.5810
0.4984
0.1340
0.0000
0.0000
0.0000
0.0000
0.0000
0.0000
0.0000
0.0000
0.0000
0.3108
0.6575
0.9000
1.0000
1.0000
0.9930
0.9244
0.8461
0.7476
0.6777
0.6887
0.7765
0.8411
0.8850
0.9069
0.4000
0.0000
0.0000
0.7713
0.8027
0.5849
0.4218
0.2069
0.0000
0.0000
0.0000
0.0000
0.0000
0.0000
0.2167
0.5693
0.8571
1.0000
1.0000
1.0000
0.9420
0.8421
0.7673
0.6919
0.6818
0.7686
0.8901
0.8855
0.8048
0.6862
0.0874
0.0000
0.0000
0.7001
0.7107
0.7448
0.7247
0.5783
0.3676
0.2631
0.1038
0.0000
0.0000
0.1603
0.4543
0.7611
0.9794
1.0000
1.0000
0.9636
0.8736
0.7823
0.7047
0.6720
0.6898
0.8620
1.0000
0.8932
0.6332
0.3015
0.0000
0.0000
0.0000
0.4389
0.3645
0.6015
0.7589
0.7206
0.6047
0.5411
0.3868
0.2135
0.2377
0.4060
0.6631
0.9091
1.0000
1.0000
0.9818
0.8620
0.7776
0.7327
0.7023
0.7098
0.7391
0.8598
0.9595
0.7231
0.3309
0.0000
0.0000
0.0000
0.0000
0.1615
0.0008
0.2873
0.5715
0.6366
0.6279
0.6425
0.5391
0.4123
0.4617
0.6293
0.8437
1.0000
1.0000
1.0000
0.8887
0.7671
0.6973
0.7334
0.7807
0.8306
0.8630
0.8589
0.7561
0.3648
0.0000
0.0000
0.0000
0.0000
0.0000
0.0000
0.0000
0.0000
0.2801
0.4036
0.4790
0.5831
0.5686
0.5351
0.6397
0.8121
0.9751
1.0000
1.0000
0.9705
0.8306
0.7380
0.7214
0.8007
0.9285
0.9394
0.9354
0.8266
0.4990
0.0000
0.0000
0.0000
0.0000
0.0000
0.0000
0.0000
0.0000
0.0000
0.0000
0.1237
0.2623
0.4547
0.5460
0.6201
0.7799
0.9440
1.0000
1.0000
0.9998
0.9377
0.8469
0.8380
0.8706
0.9178
0.9807
0.9227
0.7178
0.5243
0.1197
0.0000
0.0000
0.0000
0.0000
0.0000
0.0000
0.0000
0.0000
0.0000
0.0000
0.0000
0.1181
0.3856
0.5647
0.7195
0.9016
1.0000
1.0000
1.0000
0.9636
0.9369
0.9413
0.9633
1.0000
0.9998
0.8376
0.6132
0.2678
0.0000
0.0000
0.0000
0.0000
0.0000
0.0000
0.0000
0.0000
0.0000
0.0000
0.0000
0.0000
0.0000
0.1228
0.4465
0.6735
0.8577
0.9998
1.0000
1.0000
1.0000
1.0000
0.9973
1.0000
0.9999
0.9699
0.8362
0.5380
0.1403
0.0000
0.0000
0.0000
0.0000
0.0000
0.0000
0.0000
0.0000
0.0000
0.0000
0.0000
0.0000
0.0000
0.0411
0.3125
0.6611
0.8851
1.0000
1.0000
1.0000
1.0000
1.0000
1.0000
1.0000
1.0000
0.9599
0.6342
0.3154
0.0048
0.0000
0.0000
0.0000
0.0000
0.0000
0.0000
0.0000
0.0000
0.0000
0.0000
0.0000
0.0000
0.0000
0.0910
0.3535
0.6247
0.9617
1.0000
1.0000
1.0000
1.0000
1.0000
1.0000
1.0000
1.0000
0.7949
0.6313
0.1806
0.0000
0.0000
0.0000
0.0000
0.0000
0.0000
0.0000
0.0000
0.0000
0.0000
0.0000
0.0000
0.0000
0.0000
0.0000
0.4213
0.7147
0.9713
1.0000
1.0000
1.0000
1.0000
1.0000
1.0000
1.0000
1.0000
0.6863
0.2810
0.0000
0.0000
0.0000
0.0000
0.0000
0.0000
0.0000
0.0000
0.0000
0.0000
0.0000
0.0000
0.0000
0.0000
0.1238
0.0000
0.3376
0.7714
1.0000
1.0000
1.0000
1.0000
1.0000
1.0000
1.0000
1.0000
0.9220
0.5990
0.0609
0.0000
0.0000
0.0000
0.0000
0.0000
0.0000
0.0000
0.0000
0.0000
0.0000
0.0000
0.0000
0.0000
0.0000
0.0000
0.4279
0.3967
0.7884
1.0000
1.0000
1.0000
1.0000
1.0000
1.0000
1.0000
1.0000
0.8077
0.3815
0.0687
0.0000
0.0000
0.0000
0.0000
0.0000
0.0000
0.0000
0.0000
0.0000
0.0000
0.0000
0.0000
0.0000
0.0000
0.0000
0.0000
0.7791
0.9119
1.0000
1.0000
1.0000
1.0000
1.0000
1.0000
1.0000
1.0000
0.7081
0.2953
0.0000
0.0000
0.0000
0.0000
0.0000
0.0000
0.0000
0.0000
0.0000
0.0000
0.0000
0.0000
0.0000
0.0000
0.0000
0.0000
0.0000
0.0000
1.0000
1.0000
1.0000
1.0000
1.0000
1.0000
1.0000
1.0000
0.9270
0.5262
0.1358
0.0000
0.0000
0.0000
0.0000
0.0000
0.0000
0.0000
0.0000
0.0000
0.0000
0.0000
0.0000
0.0000
0.0000
0.0000
0.0000
0.0000
0.0000
0.0000
1.0000
1.0000
1.0000
1.0000
1.0000
1.0000
1.0000
0.8389
0.3366
0.0145
0.0000
0.0000
0.0000
0.0000
0.0000
0.0000
0.0000
0.0000
0.0000
0.0000
0.0000
0.0000
0.0000
0.0000
0.0000
0.0000
0.0000
0.0000
0.0000
0.0000
1.0000
1.0000
1.0000
1.0000
1.0000
1.0000
0.8016
0.4777
0.0000
0.0000
0.0000
0.0000
0.0000
0.0000
0.0000
0.0000
0.0000
0.0000
0.0000
0.0000
0.0000
0.0000
0.0000
0.0000
0.0000
0.0000
0.0000
0.0000
0.0000
0.0000
1.0000
1.0000
1.0000
1.0000
1.0000
0.6124
0.1309
0.0000
0.0000
0.0000
0.0000
0.0000
0.0000
0.0000
0.0000
0.0000
0.0000
0.0000
0.0000
0.0000
0.0000
0.0000
0.0000
0.0000
0.0000
0.0000
0.0000
0.0000
0.0000
0.0000
1.0000
1.0000
1.0000
0.5414
0.1599
0.0000
0.0000
0.0000
0.0000
0.0000
0.0000
0.0000
0.0000
0.0000
0.0000
0.0000
0.0000
0.0000
0.0000
0.0000
0.0000
0.0000
0.0000
0.0000
0.0000
0.0000
0.0000
0.0000
0.0000
0.0000
1.0000
1.0000
0.8253
0.4730
0.2540
0.0000
0.0000
0.0000
0.0000
0.0000
0.0000
0.0000
0.0000
0.0000
0.0000
0.0000
0.0000
0.0000
0.0000
0.0000
0.0000
0.0000
0.0000
0.0000
0.0000
0.0000
0.0000
0.0000
0.0000
0.0000
# OPTIMIZATION PARAMETERS 
# nelx: 30
# nely: 60
# max buckling: 0.31325
# penalization: 3.0
# initial densities: [0.8484 0.9965 0.7306 ... 0.3001 0.0942 0.5367]
# FEA MODEL DATA 
# material: {'Ex': 1, 'Ey': 1, 'NUxy': 0.3}
# loads: {'Val': 0.005, 'direction': 'x', 'dof': array([1859, 1921, 1983], dtype=int64)}
# bc: Left Clamped
# 
