# densities
0.8484
0.9965
0.7306
0.7277
0.6358
0.5866
0.5522
0.5178
0.4872
0.4601
0.4358
0.4140
0.3943
0.3763
0.3605
0.3465
0.3348
0.3252
0.3176
0.3117
0.3074
0.3044
0.3024
0.3013
0.3006
0.3003
0.3002
0.3001
0.0942
0.5367
0.9119
1.0000
0.5562
0.5412
0.3868
0.3087
0.2506
0.1924
0.1408
0.0950
0.0539
0.0167
0.0037
0.0325
0.0108
0.0733
0.0310
0.0067
0.0026
0.0000
0.0000
0.0000
0.0000
0.0000
0.0000
0.0000
0.0000
0.0000
0.0000
0.0942
0.6828
0.5609
0.5547
0.5867
0.4810
0.4347
0.3977
0.3579
0.3216
0.2886
0.2584
0.2307
0.2052
0.1818
0.1605
0.1412
0.1243
0.1095
0.0969
0.0863
0.0775
0.0704
0.0648
0.0607
0.0577
0.0558
0.0548
0.0541
0.0000
0.3001
0.6194
0.4711
0.5054
0.5577
0.4633
0.4298
0.4011
0.3673
0.3353
0.3054
0.2775
0.2513
0.2269
0.2040
0.1828
0.1631
0.1451
0.1289
0.1144
0.1016
0.0904
0.0808
0.0728
0.0664
0.0615
0.0581
0.0562
0.0548
0.0000
0.3002
0.5765
0.3897
0.4393
0.4963
0.4196
0.4009
0.3825
0.3570
0.3312
0.3060
0.2814
0.2578
0.2352
0.2137
0.1933
0.1742
0.1563
0.1398
0.1247
0.1110
0.0987
0.0880
0.0788
0.0712
0.0652
0.0607
0.0582
0.0559
0.0000
0.3003
0.5493
0.3364
0.4028
0.4608
0.3965
0.3867
0.3760
0.3576
0.3374
0.3165
0.2954
0.2745
0.2539
0.2338
0.2142
0.1953
0.1772
0.1599
0.1436
0.1282
0.1141
0.1013
0.0899
0.0801
0.0720
0.0655
0.0620
0.0580
0.0000
0.3007
0.5308
0.3011
0.3773
0.4356
0.3778
0.3742
0.3695
0.3570
0.3421
0.3257
0.3083
0.2904
0.2721
0.2537
0.2353
0.2170
0.1990
0.1812
0.1640
0.1474
0.1316
0.1168
0.1034
0.0913
0.0809
0.0722
0.0676
0.0614
0.0000
0.3014
0.5174
0.2750
0.3580
0.4156
0.3620
0.3626
0.3625
0.3550
0.3449
0.3329
0.3193
0.3045
0.2889
0.2726
0.2557
0.2385
0.2210
0.2033
0.1856
0.1681
0.1511
0.1347
0.1193
0.1051
0.0923
0.0811
0.0753
0.0665
0.0000
0.3028
0.5072
0.2547
0.3431
0.3997
0.3491
0.3525
0.3558
0.3524
0.3464
0.3383
0.3284
0.3169
0.3041
0.2902
0.2753
0.2595
0.2430
0.2259
0.2083
0.1904
0.1725
0.1548
0.1377
0.1214
0.1063
0.0925
0.0855
0.0735
0.0000
0.3052
0.4989
0.2382
0.3311
0.3866
0.3382
0.3436
0.3493
0.3491
0.3466
0.3421
0.3356
0.3274
0.3175
0.3063
0.2937
0.2798
0.2648
0.2487
0.2317
0.2139
0.1956
0.1771
0.1586
0.1406
0.1231
0.1068
0.0985
0.0831
0.0000
0.3091
0.4918
0.2241
0.3209
0.3755
0.3287
0.3354
0.3430
0.3453
0.3457
0.3442
0.3409
0.3358
0.3290
0.3205
0.3105
0.2989
0.2859
0.2714
0.2555
0.2384
0.2203
0.2014
0.1820
0.1625
0.1430
0.1240
0.1147
0.0956
0.0017
0.3149
0.4855
0.2114
0.3119
0.3655
0.3201
0.3277
0.3367
0.3409
0.3436
0.3448
0.3443
0.3421
0.3383
0.3327
0.3255
0.3166
0.3059
0.2935
0.2793
0.2636
0.2462
0.2276
0.2078
0.1872
0.1659
0.1447
0.1346
0.1117
0.0067
0.3234
0.4795
0.1994
0.3035
0.3562
0.3119
0.3202
0.3301
0.3358
0.3404
0.3438
0.3458
0.3464
0.3454
0.3427
0.3384
0.3324
0.3245
0.3146
0.3028
0.2889
0.2730
0.2553
0.2357
0.2147
0.1921
0.1690
0.1585
0.1320
0.0457
0.3350
0.4737
0.1877
0.2955
0.3471
0.3039
0.3126
0.3231
0.3300
0.3361
0.3413
0.3455
0.3484
0.3501
0.3503
0.3490
0.3460
0.3411
0.3343
0.3253
0.3140
0.3003
0.2841
0.2656
0.2448
0.2217
0.1972
0.1868
0.1571
0.0217
0.3505
0.4679
0.1760
0.2875
0.3381
0.2958
0.3047
0.3156
0.3233
0.3306
0.3373
0.3432
0.3483
0.3523
0.3552
0.3568
0.3570
0.3554
0.3519
0.3463
0.3382
0.3274
0.3138
0.2971
0.2775
0.2546
0.2297
0.2200
0.1873
0.0364
0.3702
0.4621
0.1642
0.2795
0.3290
0.2876
0.2965
0.3076
0.3158
0.3239
0.3316
0.3390
0.3458
0.3520
0.3573
0.3617
0.3650
0.3668
0.3670
0.3651
0.3609
0.3539
0.3436
0.3299
0.3126
0.2910
0.2665
0.2584
0.2234
0.0000
0.3946
0.4562
0.1523
0.2714
0.3196
0.2791
0.2880
0.2989
0.3074
0.3159
0.3245
0.3329
0.3411
0.3489
0.3564
0.3633
0.3695
0.3748
0.3788
0.3811
0.3812
0.3787
0.3730
0.3634
0.3497
0.3307
0.3079
0.3025
0.2660
0.0489
0.4245
0.4504
0.1402
0.2632
0.3101
0.2704
0.2790
0.2897
0.2982
0.3069
0.3159
0.3249
0.3340
0.3432
0.3524
0.3615
0.3704
0.3788
0.3866
0.3932
0.3983
0.4010
0.4008
0.3968
0.3883
0.3736
0.3541
0.3531
0.3162
0.1136
0.4609
0.4445
0.1281
0.2550
0.3005
0.2615
0.2698
0.2800
0.2884
0.2970
0.3059
0.3152
0.3249
0.3349
0.3453
0.3560
0.3671
0.3784
0.3897
0.4007
0.4108
0.4195
0.4259
0.4289
0.4274
0.4190
0.4051
0.4108
0.3749
0.1915
0.5049
0.4387
0.1161
0.2469
0.2910
0.2526
0.2604
0.2701
0.2780
0.2863
0.2949
0.3041
0.3138
0.3241
0.3351
0.3469
0.3596
0.3732
0.3875
0.4025
0.4178
0.4327
0.4464
0.4579
0.4655
0.4660
0.4605
0.4762
0.4433
0.2850
0.5581
0.4332
0.1045
0.2390
0.2816
0.2439
0.2511
0.2601
0.2674
0.2751
0.2832
0.2918
0.3011
0.3112
0.3223
0.3345
0.3480
0.3630
0.3796
0.3979
0.4178
0.4389
0.4605
0.4815
0.5005
0.5126
0.5192
0.5492
0.5225
0.3970
0.6222
0.4279
0.0935
0.2314
0.2726
0.2354
0.2421
0.2503
0.2568
0.2637
0.2710
0.2789
0.2874
0.2967
0.3072
0.3190
0.3325
0.3480
0.3658
0.3864
0.4098
0.4363
0.4655
0.4968
0.5288
0.5557
0.5790
0.6288
0.6128
0.5307
0.6994
0.4229
0.0831
0.2244
0.2641
0.2274
0.2335
0.2409
0.2466
0.2526
0.2589
0.2657
0.2731
0.2813
0.2906
0.3013
0.3139
0.3287
0.3465
0.3678
0.3932
0.4234
0.4590
0.5001
0.5460
0.5904
0.6356
0.7124
0.7142
0.6904
0.7929
0.4185
0.0737
0.2179
0.2563
0.2201
0.2255
0.2321
0.2371
0.2421
0.2473
0.2529
0.2589
0.2656
0.2733
0.2823
0.2932
0.3063
0.3226
0.3428
0.3681
0.3998
0.4390
0.4876
0.5463
0.6095
0.6822
0.7942
0.8252
0.8838
0.9088
0.4145
0.0655
0.2122
0.2494
0.2136
0.2184
0.2243
0.2284
0.2325
0.2367
0.2410
0.2456
0.2506
0.2564
0.2633
0.2717
0.2823
0.2958
0.3133
0.3361
0.3659
0.4052
0.4568
0.5238
0.6035
0.7069
0.8597
0.9359
0.9772
0.9904
0.4112
0.0584
0.2073
0.2435
0.2080
0.2123
0.2175
0.2209
0.2242
0.2273
0.2304
0.2336
0.2370
0.2409
0.2455
0.2512
0.2586
0.2684
0.2816
0.2997
0.3247
0.3594
0.4079
0.4754
0.5637
0.6918
0.8793
1.0000
0.9390
0.9589
0.4084
0.0526
0.2033
0.2387
0.2035
0.2074
0.2120
0.2148
0.2173
0.2196
0.2216
0.2236
0.2255
0.2275
0.2299
0.2330
0.2371
0.2429
0.2512
0.2633
0.2809
0.3069
0.3457
0.4037
0.4865
0.6209
0.8177
0.9867
0.9912
0.9575
0.4064
0.0483
0.2002
0.2350
0.2000
0.2036
0.2078
0.2101
0.2121
0.2136
0.2149
0.2158
0.2165
0.2171
0.2177
0.2185
0.2197
0.2218
0.2254
0.2312
0.2407
0.2559
0.2805
0.3201
0.3823
0.4922
0.6539
0.9317
1.0000
1.0000
0.4050
0.0453
0.1982
0.2326
0.1977
0.2010
0.2049
0.2070
0.2085
0.2096
0.2103
0.2106
0.2105
0.2100
0.2093
0.2085
0.2076
0.2070
0.2068
0.2077
0.2102
0.2155
0.2258
0.2447
0.2780
0.3444
0.4417
0.7041
1.0000
1.0000
0.4043
0.0439
0.1972
0.2313
0.1965
0.1997
0.2035
0.2054
0.2067
0.2076
0.2080
0.2079
0.2074
0.2064
0.2051
0.2034
0.2014
0.1993
0.1972
0.1953
0.1938
0.1932
0.1945
0.1995
0.2119
0.2425
0.2867
0.4629
1.0000
1.0000
0.4043
0.0439
0.1972
0.2313
0.1965
0.1997
0.2035
0.2054
0.2067
0.2076
0.2080
0.2079
0.2074
0.2064
0.2051
0.2034
0.2014
0.1993
0.1972
0.1953
0.1938
0.1932
0.1945
0.1995
0.2119
0.2425
0.2867
0.4629
1.0000
1.0000
0.4050
0.0453
0.1982
0.2326
0.1977
0.2010
0.2049
0.2070
0.2085
0.2096
0.2103
0.2106
0.2105
0.2100
0.2093
0.2085
0.2076
0.2070
0.2068
0.2077
0.2102
0.2155
0.2258
0.2447
0.2780
0.3444
0.4417
0.7041
1.0000
1.0000
0.4064
0.0483
0.2002
0.2350
0.2000
0.2036
0.2078
0.2101
0.2121
0.2136
0.2149
0.2158
0.2165
0.2171
0.2177
0.2185
0.2197
0.2218
0.2254
0.2312
0.2407
0.2559
0.2805
0.3201
0.3823
0.4922
0.6539
0.9317
1.0000
1.0000
0.4084
0.0526
0.2033
0.2387
0.2035
0.2074
0.2120
0.2148
0.2173
0.2196
0.2216
0.2236
0.2255
0.2275
0.2299
0.2330
0.2371
0.2429
0.2512
0.2633
0.2809
0.3069
0.3457
0.4037
0.4865
0.6209
0.8177
0.9867
0.9912
0.9575
0.4112
0.0584
0.2073
0.2435
0.2080
0.2123
0.2175
0.2209
0.2242
0.2273
0.2304
0.2336
0.2370
0.2409
0.2455
0.2512
0.2586
0.2684
0.2816
0.2997
0.3247
0.3594
0.4079
0.4754
0.5637
0.6918
0.8793
1.0000
0.9390
0.9589
0.4145
0.0655
0.2122
0.2494
0.2136
0.2184
0.2243
0.2284
0.2325
0.2367
0.2410
0.2456
0.2506
0.2564
0.2633
0.2717
0.2823
0.2958
0.3133
0.3361
0.3659
0.4052
0.4568
0.5238
0.6035
0.7069
0.8597
0.9359
0.9772
0.9904
0.4185
0.0737
0.2179
0.2563
0.2201
0.2255
0.2321
0.2371
0.2421
0.2473
0.2529
0.2589
0.2656
0.2733
0.2823
0.2932
0.3063
0.3226
0.3428
0.3681
0.3998
0.4390
0.4876
0.5463
0.6095
0.6822
0.7942
0.8252
0.8838
0.9088
0.4229
0.0831
0.2244
0.2641
0.2274
0.2335
0.2409
0.2466
0.2526
0.2589
0.2657
0.2731
0.2813
0.2906
0.3013
0.3139
0.3287
0.3465
0.3678
0.3932
0.4234
0.4590
0.5001
0.5460
0.5904
0.6356
0.7124
0.7142
0.6904
0.7929
0.4279
0.0935
0.2314
0.2726
0.2354
0.2421
0.2503
0.2568
0.2637
0.2710
0.2789
0.2874
0.2967
0.3072
0.3190
0.3325
0.3480
0.3658
0.3864
0.4098
0.4363
0.4655
0.4968
0.5288
0.5557
0.5790
0.6288
0.6128
0.5307
0.6994
0.4332
0.1045
0.2390
0.2816
0.2439
0.2511
0.2601
0.2674
0.2751
0.2832
0.2918
0.3011
0.3112
0.3223
0.3345
0.3480
0.3630
0.3796
0.3979
0.4178
0.4389
0.4605
0.4815
0.5005
0.5126
0.5192
0.5492
0.5225
0.3970
0.6222
0.4387
0.1161
0.2469
0.2910
0.2526
0.2604
0.2701
0.2780
0.2863
0.2949
0.3041
0.3138
0.3241
0.3351
0.3469
0.3596
0.3732
0.3875
0.4025
0.4178
0.4327
0.4464
0.4579
0.4655
0.4660
0.4605
0.4762
0.4433
0.2850
0.5581
0.4445
0.1281
0.2550
0.3005
0.2615
0.2698
0.2800
0.2884
0.2970
0.3059
0.3152
0.3249
0.3349
0.3453
0.3560
0.3671
0.3784
0.3897
0.4007
0.4108
0.4195
0.4259
0.4289
0.4274
0.4190
0.4051
0.4108
0.3749
0.1915
0.5049
0.4504
0.1402
0.2632
0.3101
0.2704
0.2790
0.2897
0.2982
0.3069
0.3159
0.3249
0.3340
0.3432
0.3524
0.3615
0.3704
0.3788
0.3866
0.3932
0.3983
0.4010
0.4008
0.3968
0.3883
0.3736
0.3541
0.3531
0.3162
0.1136
0.4609
0.4562
0.1523
0.2714
0.3196
0.2791
0.2880
0.2989
0.3074
0.3159
0.3245
0.3329
0.3411
0.3489
0.3564
0.3633
0.3695
0.3748
0.3788
0.3811
0.3812
0.3787
0.3730
0.3634
0.3497
0.3307
0.3079
0.3025
0.2660
0.0489
0.4245
0.4621
0.1642
0.2795
0.3290
0.2876
0.2965
0.3076
0.3158
0.3239
0.3316
0.3390
0.3458
0.3520
0.3573
0.3617
0.3650
0.3668
0.3670
0.3651
0.3609
0.3539
0.3436
0.3299
0.3126
0.2910
0.2665
0.2584
0.2234
0.0000
0.3946
0.4679
0.1760
0.2875
0.3381
0.2958
0.3047
0.3156
0.3233
0.3306
0.3373
0.3432
0.3483
0.3523
0.3552
0.3568
0.3570
0.3554
0.3519
0.3463
0.3382
0.3274
0.3138
0.2971
0.2775
0.2546
0.2297
0.2200
0.1873
0.0364
0.3702
0.4737
0.1877
0.2955
0.3471
0.3039
0.3126
0.3231
0.3300
0.3361
0.3413
0.3455
0.3484
0.3501
0.3503
0.3490
0.3460
0.3411
0.3343
0.3253
0.3140
0.3003
0.2841
0.2656
0.2448
0.2217
0.1972
0.1868
0.1571
0.0217
0.3505
0.4795
0.1994
0.3035
0.3562
0.3119
0.3202
0.3301
0.3358
0.3404
0.3438
0.3458
0.3464
0.3454
0.3427
0.3384
0.3324
0.3245
0.3146
0.3028
0.2889
0.2730
0.2553
0.2357
0.2147
0.1921
0.1690
0.1585
0.1320
0.0457
0.3350
0.4855
0.2114
0.3119
0.3655
0.3201
0.3277
0.3367
0.3409
0.3436
0.3448
0.3443
0.3421
0.3383
0.3327
0.3255
0.3166
0.3059
0.2935
0.2793
0.2636
0.2462
0.2276
0.2078
0.1872
0.1659
0.1447
0.1346
0.1117
0.0067
0.3234
0.4918
0.2241
0.3209
0.3755
0.3287
0.3354
0.3430
0.3453
0.3457
0.3442
0.3409
0.3358
0.3290
0.3205
0.3105
0.2989
0.2859
0.2714
0.2555
0.2384
0.2203
0.2014
0.1820
0.1625
0.1430
0.1240
0.1147
0.0956
0.0017
0.3149
0.4989
0.2382
0.3311
0.3866
0.3382
0.3436
0.3493
0.3491
0.3466
0.3421
0.3356
0.3274
0.3175
0.3063
0.2937
0.2798
0.2648
0.2487
0.2317
0.2139
0.1956
0.1771
0.1586
0.1406
0.1231
0.1068
0.0985
0.0831
0.0000
0.3091
0.5072
0.2547
0.3431
0.3997
0.3491
0.3525
0.3558
0.3524
0.3464
0.3383
0.3284
0.3169
0.3041
0.2902
0.2753
0.2595
0.2430
0.2259
0.2083
0.1904
0.1725
0.1548
0.1377
0.1214
0.1063
0.0925
0.0855
0.0735
0.0000
0.3052
0.5174
0.2750
0.3580
0.4156
0.3620
0.3626
0.3625
0.3550
0.3449
0.3329
0.3193
0.3045
0.2889
0.2726
0.2557
0.2385
0.2210
0.2033
0.1856
0.1681
0.1511
0.1347
0.1193
0.1051
0.0923
0.0811
0.0753
0.0665
0.0000
0.3028
0.5308
0.3011
0.3773
0.4356
0.3778
0.3742
0.3695
0.3570
0.3421
0.3257
0.3083
0.2904
0.2721
0.2537
0.2353
0.2170
0.1990
0.1812
0.1640
0.1474
0.1316
0.1168
0.1034
0.0913
0.0809
0.0722
0.0676
0.0614
0.0000
0.3014
0.5493
0.3364
0.4028
0.4608
0.3965
0.3867
0.3760
0.3576
0.3374
0.3165
0.2954
0.2745
0.2539
0.2338
0.2142
0.1953
0.1772
0.1599
0.1436
0.1282
0.1141
0.1013
0.0899
0.0801
0.0720
0.0655
0.0620
0.0580
0.0000
0.3007
0.5765
0.3897
0.4393
0.4963
0.4196
0.4009
0.3825
0.3570
0.3312
0.3060
0.2814
0.2578
0.2352
0.2137
0.1933
0.1742
0.1563
0.1398
0.1247
0.1110
0.0987
0.0880
0.0788
0.0712
0.0652
0.0607
0.0582
0.0559
0.0000
0.3003
0.6194
0.4711
0.5054
0.5577
0.4633
0.4298
0.4011
0.3673
0.3353
0.3054
0.2775
0.2513
0.2269
0.2040
0.1828
0.1631
0.1451
0.1289
0.1144
0.1016
0.0904
0.0808
0.0728
0.0664
0.0615
0.0581
0.0562
0.0548
0.0000
0.3002
0.6828
0.5609
0.5547
0.5867
0.4810
0.4347
0.3977
0.3579
0.3216
0.2886
0.2584
0.2307
0.2052
0.1818
0.1605
0.1412
0.1243
0.1095
0.0969
0.0863
0.0775
0.0704
0.0648
0.0607
0.0577
0.0558
0.0548
0.0541
0.0000
0.3001
0.9119
1.0000
0.5562
0.5412
0.3868
0.3087
0.2506
0.1924
0.1408
0.0950
0.0539
0.0167
0.0037
0.0325
0.0108
0.0733
0.0310
0.0067
0.0026
0.0000
0.0000
0.0000
0.0000
0.0000
0.0000
0.0000
0.0000
0.0000
0.0000
0.0942
0.8484
0.9965
0.7306
0.7277
0.6358
0.5866
0.5522
0.5178
0.4872
0.4601
0.4358
0.4140
0.3943
0.3763
0.3605
0.3465
0.3348
0.3252
0.3176
0.3117
0.3074
0.3044
0.3024
0.3013
0.3006
0.3003
0.3002
0.3001
0.0942
0.5367
# OPTIMIZATION PARAMETERS 
# nelx: 30
# nely: 60
# max buckling: 0.0
# penalization: 1.0
# initial densities: 1.0
# FEA MODEL DATA 
# material: {'Ex': 1, 'Ey': 1, 'NUxy': 0.3}
# loads: {'Val': 0.005, 'direction': 'x', 'dof': array([1859, 1921, 1983], dtype=int64)}
# bc: Left Clamped
# 
