# densities
1.0000
1.0000
1.0000
1.0000
0.7441
0.1201
0.0000
0.0000
0.0000
0.0000
0.0000
0.0000
0.0000
0.0000
0.0000
0.0000
0.0000
0.0000
0.0000
0.0000
0.0000
0.0000
0.0000
0.0000
0.0000
0.0000
0.0000
0.0000
0.0000
0.0000
1.0000
1.0000
1.0000
1.0000
1.0000
0.3107
0.0000
0.0000
0.0000
0.0000
0.0000
0.0000
0.0000
0.0000
0.0000
0.0000
0.0000
0.0000
0.0000
0.0000
0.0000
0.0000
0.0000
0.0000
0.0000
0.0000
0.0000
0.0000
0.0000
0.0000
1.0000
1.0000
1.0000
1.0000
1.0000
1.0000
0.8089
0.0000
0.0000
0.0000
0.0000
0.0000
0.0000
0.0000
0.0000
0.0000
0.0000
0.0000
0.0000
0.0000
0.0000
0.0000
0.0000
0.0000
0.0000
0.0000
0.0000
0.0000
0.0000
0.0000
1.0000
1.0000
1.0000
1.0000
1.0000
1.0000
1.0000
0.8766
0.0000
0.0000
0.0000
0.0000
0.0000
0.0000
0.0000
0.0000
0.0000
0.0000
0.0000
0.0000
0.0000
0.0000
0.0000
0.0000
0.0000
0.0000
0.0000
0.0000
0.0000
0.0000
1.0000
1.0000
1.0000
1.0000
1.0000
1.0000
1.0000
1.0000
0.7589
0.0001
0.0000
0.0000
0.0000
0.0000
0.0000
0.0000
0.0000
0.0000
0.0000
0.0000
0.0000
0.0000
0.0000
0.0000
0.0000
0.0000
0.0000
0.0000
0.0000
0.0000
0.6287
0.9881
0.9921
1.0000
1.0000
1.0000
1.0000
1.0000
1.0000
0.8229
0.0563
0.0000
0.0000
0.0000
0.0000
0.0000
0.0000
0.0000
0.0000
0.0000
0.0000
0.0000
0.0000
0.0000
0.0000
0.0000
0.0000
0.0000
0.0000
0.0000
0.1877
0.0468
0.0905
0.9284
1.0000
1.0000
1.0000
1.0000
1.0000
1.0000
0.8913
0.1205
0.0000
0.0000
0.0000
0.0000
0.0000
0.0000
0.0000
0.0000
0.0000
0.0000
0.0000
0.0000
0.0000
0.0000
0.0000
0.0000
0.0000
0.0000
0.0000
0.0000
0.0000
0.1090
0.9120
1.0000
1.0000
1.0000
1.0000
1.0000
1.0000
0.9121
0.1605
0.0000
0.0000
0.0000
0.0000
0.0000
0.0000
0.0000
0.0000
0.0000
0.0000
0.0000
0.0000
0.0000
0.0000
0.0000
0.0000
0.0000
0.0000
0.0000
0.0000
0.0000
0.0319
0.8681
1.0000
1.0000
1.0000
1.0000
1.0000
1.0000
0.9437
0.2010
0.0000
0.0000
0.0000
0.0000
0.0000
0.0000
0.0000
0.0000
0.0000
0.0000
0.0000
0.0000
0.0000
0.0000
0.0000
0.0000
0.0000
0.0000
0.0000
0.0000
0.0000
0.0139
0.8715
1.0000
1.0000
1.0000
1.0000
1.0000
1.0000
0.9794
0.2375
0.0000
0.0000
0.0000
0.0000
0.0000
0.0000
0.0000
0.0000
0.0000
0.0000
0.0000
0.0000
0.0000
0.0000
0.0000
0.0000
0.0000
0.0000
0.0000
0.0000
0.0000
0.0208
0.8370
1.0000
1.0000
1.0000
1.0000
1.0000
1.0000
1.0000
0.2682
0.0000
0.0000
0.0000
0.0000
0.0000
0.0000
0.0000
0.0000
0.0000
0.0000
0.0000
0.0000
0.0000
0.0000
0.0000
0.0000
0.0000
0.0000
0.0000
0.0000
0.0000
0.0050
0.8073
1.0000
1.0000
1.0000
1.0000
1.0000
1.0000
0.9999
0.2959
0.0000
0.0000
0.0000
0.0000
0.0000
0.0000
0.0000
0.0000
0.0000
0.0000
0.0000
0.0000
0.0000
0.0000
0.0000
0.0000
0.0000
0.0000
0.0000
0.0000
0.0000
0.0092
0.7872
1.0000
1.0000
1.0000
1.0000
1.0000
1.0000
1.0000
0.3216
0.0000
0.0000
0.0000
0.0000
0.0000
0.0000
0.0000
0.0000
0.0000
0.0000
0.0000
0.0000
0.0000
0.0000
0.0000
0.0000
0.0000
0.0000
0.0000
0.0000
0.0000
0.0100
0.7595
1.0000
1.0000
1.0000
1.0000
1.0000
1.0000
1.0000
0.3463
0.0000
0.0000
0.0000
0.0000
0.0000
0.0000
0.0000
0.0000
0.0000
0.0000
0.0000
0.0000
0.0000
0.0000
0.0000
0.0000
0.0000
0.0000
0.0000
0.0000
0.0000
0.0099
0.7288
1.0000
1.0000
1.0000
1.0000
1.0000
1.0000
1.0000
0.3715
0.0000
0.0000
0.0000
0.0000
0.0000
0.0000
0.0000
0.0000
0.0000
0.0000
0.0000
0.0000
0.0000
0.0000
0.0000
0.0000
0.0000
0.0000
0.0000
0.0000
0.0000
0.0096
0.6977
1.0000
1.0000
1.0000
1.0000
1.0000
1.0000
1.0000
0.3982
0.0000
0.0000
0.0000
0.0000
0.0000
0.0000
0.0000
0.0000
0.0000
0.0000
0.0000
0.0000
0.0000
0.0000
0.0000
0.0000
0.0000
0.0000
0.0000
0.0000
0.0000
0.0061
0.6658
1.0000
1.0000
1.0000
1.0000
1.0000
1.0000
1.0000
0.4259
0.0000
0.0000
0.0000
0.0000
0.0000
0.0000
0.0000
0.0000
0.0000
0.0000
0.0000
0.0000
0.0000
0.0000
0.0000
0.0000
0.0000
0.0000
0.0000
0.0000
0.0000
0.0042
0.6343
1.0000
1.0000
1.0000
1.0000
1.0000
1.0000
1.0000
0.4606
0.0000
0.0000
0.0000
0.0000
0.0000
0.0000
0.0000
0.0000
0.0000
0.0000
0.0000
0.0000
0.0000
0.0000
0.0000
0.0000
0.0000
0.0000
0.0000
0.0000
0.0000
0.0030
0.6049
1.0000
1.0000
1.0000
1.0000
1.0000
1.0000
1.0000
0.5087
0.0000
0.0000
0.0000
0.0000
0.0000
0.0000
0.0000
0.0000
0.0000
0.0000
0.0000
0.0000
0.0000
0.0000
0.0000
0.0000
0.0000
0.0000
0.0000
0.0000
0.0000
0.0018
0.5798
1.0000
1.0000
1.0000
1.0000
1.0000
1.0000
1.0000
0.5375
0.0000
0.0000
0.0000
0.0000
0.0000
0.0000
0.0000
0.0000
0.0000
0.0000
0.0000
0.0000
0.0000
0.0000
0.0000
0.0000
0.0000
0.0000
0.0000
0.0000
0.0000
0.0007
0.5610
1.0000
1.0000
1.0000
1.0000
1.0000
1.0000
1.0000
0.5849
0.0000
0.0000
0.0000
0.0000
0.0000
0.0000
0.0000
0.0000
0.0000
0.0000
0.0000
0.0000
0.0000
0.0000
0.0000
0.0000
0.0000
0.0000
0.0000
0.0000
0.0000
0.0000
0.5516
1.0000
1.0000
1.0000
1.0000
1.0000
1.0000
1.0000
0.7360
0.0000
0.0000
0.0000
0.0000
0.0000
0.0000
0.0000
0.0000
0.0000
0.0000
0.0000
0.0000
0.0000
0.0000
0.0000
0.0000
0.0000
0.0000
0.0000
0.0000
0.0000
0.0000
0.5510
1.0000
1.0000
1.0000
1.0000
1.0000
1.0000
1.0000
0.6959
0.0000
0.0000
0.0000
0.0000
0.0000
0.0000
0.0000
0.0000
0.0000
0.0000
0.0000
0.0000
0.0000
0.0000
0.0000
0.0000
0.0000
0.0000
0.0000
0.0000
0.0000
0.0000
0.5478
1.0000
1.0000
1.0000
1.0000
1.0000
1.0000
1.0000
0.2975
0.1465
0.0000
0.0000
0.0000
0.0000
0.0000
0.0000
0.0000
0.0000
0.0000
0.0000
0.0000
0.0000
0.0000
0.0000
0.0000
0.0000
0.0000
0.0000
0.0000
0.0000
0.0284
0.5359
1.0000
1.0000
1.0000
1.0000
1.0000
1.0000
1.0000
0.7129
0.0000
0.0000
0.0000
0.0000
0.0000
0.0000
0.0000
0.0000
0.0000
0.0000
0.0000
0.0000
0.0000
0.0000
0.0000
0.0000
0.0000
0.0000
0.0000
0.0000
0.0000
0.1034
0.5424
1.0000
1.0000
1.0000
1.0000
1.0000
1.0000
1.0000
0.0000
0.0000
0.0000
0.0000
0.0000
0.0000
0.0000
0.0000
0.0000
0.0000
0.0000
0.0000
0.0000
0.0000
0.0000
0.0000
0.0000
0.0000
0.0000
0.0000
0.0000
0.0000
0.2321
0.5908
1.0000
1.0000
1.0000
1.0000
1.0000
1.0000
0.0000
0.0000
0.0000
0.0000
0.0000
0.0000
0.0000
0.0000
0.0000
0.0000
0.0000
0.0000
0.0000
0.0000
0.0000
0.0000
0.0000
0.0000
0.0000
0.0000
0.0000
0.0680
0.2440
0.4273
0.7329
1.0000
1.0000
1.0000
1.0000
1.0000
0.0000
0.0000
0.0000
0.0000
0.0000
0.0000
0.0000
0.0000
0.0000
0.0000
0.0000
0.0000
0.0000
0.0000
0.0000
0.0000
0.0000
0.0000
0.0000
0.0000
0.0000
0.1735
0.3862
0.5437
0.6973
0.9433
1.0000
1.0000
1.0000
1.0000
0.0000
0.0000
0.0000
0.0000
0.0000
0.0000
0.0000
0.0000
0.0000
0.0000
0.0000
0.0000
0.0000
0.0000
0.0000
0.0000
0.0000
0.0000
0.0000
0.0000
0.0000
0.2579
0.5174
0.7013
0.8157
0.8852
1.0000
1.0000
1.0000
1.0000
0.0000
0.0000
0.0000
0.0000
0.0000
0.0000
0.0000
0.0000
0.0000
0.0000
0.0000
0.0000
0.0000
0.0000
0.0000
0.0000
0.0000
0.0000
0.0000
0.0000
0.0675
0.3395
0.6009
0.8030
0.9304
0.9813
0.9993
1.0000
1.0000
1.0000
0.0000
0.0000
0.0000
0.0000
0.0000
0.0000
0.0000
0.0000
0.0000
0.0000
0.0000
0.0000
0.0000
0.0000
0.0000
0.0000
0.0000
0.0000
0.0000
0.0001
0.2384
0.4961
0.7146
0.8808
0.9993
1.0000
1.0000
1.0000
1.0000
1.0000
0.0000
0.0000
0.0000
0.0000
0.0000
0.0000
0.0000
0.0000
0.0000
0.0000
0.0000
0.0000
0.0000
0.0000
0.0000
0.0000
0.0000
0.0000
0.0000
0.1606
0.4730
0.7434
0.9409
1.0000
1.0000
1.0000
1.0000
1.0000
1.0000
1.0000
0.0000
0.0000
0.0000
0.0000
0.0000
0.0000
0.0000
0.0000
0.0000
0.0000
0.0000
0.0000
0.0000
0.0000
0.0000
0.0000
0.0000
0.0000
0.0682
0.4121
0.7469
0.9995
1.0000
1.0000
1.0000
1.0000
1.0000
1.0000
1.0000
1.0000
0.0000
0.0000
0.0000
0.0000
0.0000
0.0000
0.0000
0.0000
0.0000
0.0000
0.0000
0.0000
0.0000
0.0000
0.0000
0.0000
0.0000
0.0078
0.3624
0.7245
1.0000
1.0000
1.0000
1.0000
1.0000
1.0000
1.0000
1.0000
0.9212
0.7999
0.0000
0.0000
0.0000
0.0000
0.0000
0.0000
0.0000
0.0000
0.0000
0.0000
0.0000
0.0000
0.0000
0.0000
0.0000
0.0000
0.0000
0.3422
0.7222
1.0000
1.0000
1.0000
1.0000
1.0000
1.0000
1.0000
1.0000
1.0000
0.4423
0.4719
0.0000
0.0000
0.0000
0.0000
0.0000
0.0000
0.0000
0.0000
0.0000
0.0000
0.0000
0.0000
0.0000
0.0000
0.0000
0.0000
0.3282
0.7254
1.0000
1.0000
1.0000
1.0000
1.0000
1.0000
1.0000
1.0000
1.0000
0.8103
0.0876
0.2459
0.0000
0.0000
0.0000
0.0000
0.0000
0.0000
0.0000
0.0000
0.0000
0.0000
0.0000
0.0000
0.0000
0.0000
0.0000
0.3044
0.7125
1.0000
1.0000
1.0000
1.0000
1.0000
1.0000
1.0000
1.0000
0.9794
0.9174
0.5164
0.0000
0.0181
0.0000
0.0000
0.0000
0.0000
0.0000
0.0000
0.0000
0.0000
0.0000
0.0000
0.0000
0.0000
0.0000
0.0000
0.2753
0.6815
1.0000
1.0000
1.0000
1.0000
1.0000
1.0000
1.0000
1.0000
0.9074
0.7984
0.6921
0.2714
0.0000
0.0000
0.0000
0.0000
0.0000
0.0000
0.0000
0.0000
0.0000
0.0000
0.0000
0.0000
0.0000
0.0000
0.0000
0.2413
0.6444
1.0000
1.0000
1.0000
1.0000
1.0000
1.0000
1.0000
1.0000
0.8961
0.7481
0.6275
0.5212
0.0833
0.0000
0.0000
0.0000
0.0000
0.0000
0.0000
0.0000
0.0000
0.0000
0.0000
0.0000
0.0000
0.0000
0.0000
0.1971
0.5951
0.9827
1.0000
1.0000
1.0000
1.0000
1.0000
1.0000
1.0000
0.9103
0.7773
0.6030
0.4677
0.4045
0.0000
0.0000
0.0000
0.0528
0.0000
0.0000
0.0000
0.0000
0.0000
0.0000
0.0000
0.0000
0.0000
0.0000
0.1383
0.5392
0.9280
1.0000
1.0000
1.0000
1.0000
1.0000
1.0000
1.0000
0.9608
0.8449
0.6900
0.4734
0.3041
0.3070
0.0000
0.0000
0.0000
0.0869
0.0000
0.0000
0.0000
0.0000
0.0000
0.0000
0.0000
0.0000
0.0000
0.0721
0.4643
0.8764
1.0000
1.0000
1.0000
1.0000
1.0000
1.0000
1.0000
0.9039
0.8327
0.7386
0.5660
0.2965
0.0707
0.1226
0.0000
0.0000
0.0000
0.0864
0.0000
0.0000
0.0000
0.0000
0.0000
0.0000
0.0000
0.0000
0.0164
0.3817
0.7936
1.0000
1.0000
1.0000
1.0000
1.0000
1.0000
1.0000
0.9548
0.7955
0.6511
0.5116
0.3271
0.0270
0.0000
0.0000
0.0000
0.0000
0.0000
0.0740
0.0000
0.0000
0.0028
0.0000
0.0000
0.0000
0.0000
0.0000
0.3082
0.7128
1.0000
1.0000
1.0000
1.0000
1.0000
1.0000
1.0000
1.0000
0.9032
0.7217
0.4813
0.2415
0.0026
0.0000
0.0000
0.0000
0.0000
0.0000
0.0000
0.0771
0.0000
0.0000
0.0000
0.0000
0.0000
0.0000
0.0265
0.2468
0.6359
1.0000
1.0000
1.0000
1.0000
1.0000
1.0000
1.0000
0.9456
0.8278
0.7472
0.5719
0.3096
0.0160
0.0000
0.0000
0.0000
0.0000
0.0000
0.0000
0.0000
0.1210
0.0000
0.0000
0.0000
0.0000
0.0000
0.0472
0.2460
0.5562
0.9767
1.0000
1.0000
1.0000
1.0000
1.0000
1.0000
1.0000
0.8377
0.6024
0.4463
0.2899
0.0497
0.0000
0.0000
0.0000
0.0000
0.0000
0.0000
0.0000
0.0000
0.2199
0.0035
0.0000
0.0149
0.0000
0.0000
0.2413
0.5369
0.9008
1.0000
1.0000
1.0000
1.0000
1.0000
1.0000
1.0000
0.8847
0.6712
0.3902
0.0971
0.0000
0.0000
0.0000
0.0000
0.0000
0.0000
0.0000
0.0000
0.0000
0.0000
0.3630
0.2140
0.0358
0.0975
0.0717
0.1732
0.5336
0.9043
1.0000
1.0000
1.0000
1.0000
1.0000
1.0000
1.0000
0.8388
0.5944
0.3276
0.1090
0.0000
0.0000
0.0000
0.0000
0.0000
0.0000
0.0000
0.0000
0.0000
0.0000
0.0000
0.5082
0.4266
0.1885
0.2354
0.2648
0.4497
0.8925
1.0000
1.0000
1.0000
1.0000
1.0000
1.0000
1.0000
0.8959
0.4306
0.1662
0.0000
0.0000
0.0000
0.0000
0.0000
0.0000
0.0000
0.0000
0.0000
0.0000
0.0000
0.0000
0.0000
0.6019
0.5569
0.3422
0.4162
0.5336
0.7996
1.0000
1.0000
1.0000
1.0000
1.0000
1.0000
1.0000
0.8705
0.4935
0.0572
0.0000
0.0000
0.0000
0.0000
0.0000
0.0000
0.0000
0.0000
0.0000
0.0000
0.0000
0.0000
0.0000
0.0000
0.6366
0.5885
0.4955
0.6469
0.8825
1.0000
1.0000
1.0000
1.0000
1.0000
1.0000
1.0000
0.8121
0.3944
0.0000
0.0000
0.0000
0.0000
0.0000
0.0000
0.0000
0.0000
0.0000
0.0000
0.0000
0.0000
0.0000
0.0000
0.0000
0.0000
0.6395
0.5757
0.6564
0.9345
1.0000
1.0000
1.0000
1.0000
1.0000
1.0000
1.0000
0.9290
0.2840
0.0000
0.0000
0.0000
0.0000
0.0000
0.0000
0.0000
0.0000
0.0000
0.0000
0.0000
0.0000
0.0000
0.0000
0.0000
0.0000
0.0000
0.6442
0.6075
0.8194
1.0000
1.0000
1.0000
1.0000
1.0000
1.0000
1.0000
0.9451
0.4888
0.0000
0.0000
0.0000
0.0000
0.0000
0.0000
0.0000
0.0000
0.0000
0.0000
0.0000
0.0000
0.0000
0.0000
0.0000
0.0000
0.0000
0.0000
0.7727
0.9048
1.0000
1.0000
1.0000
1.0000
1.0000
1.0000
1.0000
0.8658
0.3656
0.0000
0.0000
0.0000
0.0000
0.0000
0.0000
0.0000
0.0000
0.0000
0.0000
0.0000
0.0000
0.0000
0.0000
0.0000
0.0000
0.0000
0.0000
0.0000
1.0000
1.0000
1.0000
1.0000
1.0000
1.0000
1.0000
1.0000
1.0000
0.3875
0.0000
0.0000
0.0000
0.0000
0.0000
0.0000
0.0000
0.0000
0.0000
0.0000
0.0000
0.0000
0.0000
0.0000
0.0000
0.0000
0.0000
0.0000
0.0000
0.0000
1.0000
1.0000
1.0000
1.0000
1.0000
1.0000
1.0000
1.0000
0.6829
0.2113
0.0000
0.0000
0.0000
0.0000
0.0000
0.0000
0.0000
0.0000
0.0000
0.0000
0.0000
0.0000
0.0000
0.0000
0.0000
0.0000
0.0000
0.0000
0.0000
0.0000
1.0000
1.0000
1.0000
1.0000
1.0000
1.0000
0.3766
0.4940
0.0486
0.0000
0.0000
0.0000
0.0000
0.0000
0.0000
0.0000
0.0000
0.0000
0.0000
0.0000
0.0000
0.0000
0.0000
0.0000
0.0000
0.0000
0.0000
0.0000
0.0000
0.0000
1.0000
1.0000
1.0000
0.9985
0.5121
0.0000
0.0000
0.0000
0.0000
0.0000
0.0000
0.0000
0.0000
0.0000
0.0000
0.0000
0.0000
0.0000
0.0000
0.0000
0.0000
0.0000
0.0000
0.0000
0.0000
0.0000
0.0000
0.0000
0.0000
0.0000
1.0000
1.0000
1.0000
0.6074
0.3950
0.2225
0.0000
0.0000
0.0000
0.0000
0.0000
0.0000
0.0000
0.0000
0.0000
0.0000
0.0000
0.0000
0.0000
0.0000
0.0000
0.0000
0.0000
0.0000
0.0000
0.0000
0.0000
0.0000
0.0000
0.0000
# OPTIMIZATION PARAMETERS 
# nelx: 30
# nely: 60
# max buckling: 0.18795
# penalization: 3.0
# initial densities: [0.8484 0.9965 0.7306 ... 0.3001 0.0942 0.5367]
# FEA MODEL DATA 
# material: {'Ex': 1, 'Ey': 1, 'NUxy': 0.3}
# loads: {'Val': 0.005, 'direction': 'x', 'dof': array([1859, 1921, 1983], dtype=int64)}
# bc: Left Clamped
# 
