# densities
0.0001
0.0001
0.0001
0.0001
0.0001
0.0001
0.0001
0.0001
0.0001
0.0000
0.0001
0.0001
0.0001
0.0001
0.0001
0.0001
0.0001
0.0000
0.0001
0.0001
0.0001
0.0001
0.0001
0.0001
0.0000
0.0001
0.0001
0.0001
0.0000
0.0001
0.0001
0.0001
0.0000
0.0001
0.0001
0.0001
0.0000
0.0000
0.0001
0.0001
0.0001
0.0001
0.0001
0.0001
0.0001
0.0000
0.0001
0.0001
0.0001
0.0001
0.0001
0.0000
0.0001
0.0001
0.0001
0.0000
0.0000
0.0001
0.0000
0.0001
0.0001
0.0001
0.0001
0.0001
0.0001
0.0001
0.0001
0.0001
0.0001
0.0001
0.0001
0.0001
0.0001
0.0001
0.0001
0.0001
0.0001
0.0001
0.0001
0.0001
0.0001
0.0001
0.0001
0.0001
0.0001
0.0001
0.0001
0.0001
0.0001
0.0001
0.0001
0.0001
0.0001
0.0001
0.0001
0.0001
0.0001
0.0001
0.0001
0.0001
0.0000
0.0000
0.0001
0.0001
0.0001
0.0001
0.0001
0.0001
0.0001
0.0000
0.0001
0.0000
0.0001
0.0000
0.0001
0.0001
0.0001
0.0001
0.0001
0.0000
0.4985
0.4544
0.5431
0.5243
0.4062
0.4656
0.0002
0.0001
0.0001
0.0001
0.0001
0.0001
0.0001
0.0001
0.0001
0.0001
0.0001
0.0001
0.0001
0.0001
0.0001
0.0001
0.0001
0.0001
0.0001
0.0001
0.0001
0.0001
0.0001
0.0001
0.0000
0.0001
0.0001
0.0001
0.0001
0.0001
0.0000
0.0001
0.0001
0.0001
0.0000
0.0001
0.0001
0.0000
0.0000
0.0001
0.0001
0.0001
0.0001
0.0001
0.0001
0.0001
0.0001
0.0001
0.0001
0.0001
0.0001
0.0001
0.0000
0.0000
0.9989
0.9989
0.9989
0.9989
0.9989
0.9992
0.9990
0.9899
0.9956
0.9935
0.9811
0.7706
0.9698
0.9800
0.9793
0.9740
0.9488
0.8074
0.4652
0.8330
0.8107
0.5208
0.2217
0.0532
0.0001
0.0001
0.0001
0.0001
0.0001
0.0001
0.0001
0.0001
0.0001
0.0001
0.0001
0.0001
0.0001
0.0001
0.0001
0.0001
0.0001
0.0001
0.0000
0.0001
0.0001
0.0001
0.0001
0.0000
0.0001
0.0001
0.0001
0.0001
0.0001
0.0001
0.0001
0.0001
0.0001
0.0001
0.0001
0.0001
0.9996
0.9997
0.9997
0.9996
0.9996
0.9996
0.9990
0.9982
0.9984
0.9995
0.9994
0.9993
0.9993
0.9993
0.9990
0.9991
0.9994
0.9993
0.9991
0.9989
0.9989
0.9989
0.9989
0.9992
0.9990
0.9995
0.9950
0.9656
0.4159
0.3661
0.5151
0.2054
0.0001
0.0001
0.0001
0.0001
0.0001
0.0001
0.0001
0.0001
0.0001
0.0001
0.0001
0.0001
0.0001
0.0001
0.0001
0.0001
0.0001
0.0001
0.0001
0.0001
0.0001
0.0001
0.0001
0.0001
0.0001
0.0001
0.0001
0.0001
0.9995
0.9995
0.9995
0.9995
0.9995
0.9994
0.9996
0.9996
0.9996
0.9997
0.9997
0.9995
0.9995
0.9995
0.9995
0.9994
0.9994
0.9994
0.9997
0.9998
0.9997
0.9994
0.9995
0.9996
0.9997
0.9917
0.9992
0.9991
0.9989
0.9985
0.9975
0.9967
0.9892
0.9747
0.9926
0.9602
0.6687
0.3954
0.0001
0.0001
0.0001
0.0001
0.0001
0.0001
0.0001
0.0001
0.0001
0.0001
0.0001
0.0001
0.0001
0.0001
0.0001
0.0001
0.0001
0.0001
0.0001
0.0001
0.0001
0.0000
0.9499
0.9740
0.9998
0.9999
0.9998
0.9761
0.9998
0.9316
0.5409
0.8025
0.9997
0.9996
0.9996
0.9996
0.9996
0.8271
0.8117
0.9995
0.9995
0.9995
0.9995
0.9995
0.9995
0.9995
0.9998
0.9996
0.9994
0.9994
0.9995
0.9992
0.9991
0.9980
0.9976
0.9985
0.9869
0.9829
0.9961
0.9987
0.9987
0.9970
0.9971
0.9938
0.2554
0.0001
0.0001
0.0001
0.0001
0.0001
0.0001
0.0001
0.0001
0.0001
0.0001
0.0001
0.0001
0.0000
0.0001
0.0001
0.0001
0.0001
0.4781
0.1686
0.0662
0.3204
0.3254
0.1642
0.0321
0.0184
0.0180
0.0071
0.0125
0.0241
0.3554
0.4046
0.9998
0.8813
0.2273
0.1230
0.2716
0.2891
0.1722
0.0751
0.1418
0.3261
0.8970
0.9584
0.9998
0.9998
0.9997
0.9996
0.9996
0.9995
0.9994
0.9994
0.9996
0.9997
0.9995
0.9995
0.9997
0.9915
0.9965
0.9979
0.9985
0.9994
0.9988
0.8478
0.0001
0.0001
0.0001
0.0001
0.0001
0.0001
0.0001
0.0001
0.0001
0.0000
0.0000
0.0001
0.0001
0.0001
0.0001
0.0007
0.0004
0.0003
0.0007
0.0281
0.0029
0.0033
0.0034
0.0030
0.0007
0.0006
0.0003
0.0012
0.0013
0.4964
0.9333
0.0008
0.0001
0.0007
0.0010
0.0011
0.0012
0.8927
0.7179
0.0106
0.0003
0.0013
0.0068
0.4143
0.9159
0.9997
0.9997
0.9599
0.1971
0.8798
0.9998
0.9997
0.9997
0.9972
0.9148
0.9994
0.9994
0.9995
0.9994
0.9991
0.9867
0.9962
0.9979
0.5772
0.0001
0.0001
0.0002
0.0001
0.0000
0.0001
0.0001
0.0001
0.0001
0.0001
0.0022
0.0010
0.0008
0.0004
0.0004
0.0002
0.0003
0.0004
0.0003
0.0003
0.0003
0.0002
0.0003
0.0003
0.0003
0.3709
0.9748
0.4562
0.0023
0.0002
0.0002
0.0004
0.1724
0.9861
0.2349
0.0026
0.0019
0.0002
0.0002
0.0003
0.0008
0.0027
0.4212
0.9999
0.7184
0.0006
0.0016
0.0024
0.0863
0.0451
0.8661
0.9997
0.9998
0.9996
0.9997
0.9997
0.9996
0.9995
0.9994
0.9996
0.9979
0.9896
0.9852
0.0001
0.0001
0.0001
0.0001
0.0001
0.0001
0.0001
0.0005
0.0004
0.0006
0.0004
0.0006
0.0005
0.0003
0.0004
0.0004
0.0005
0.0005
0.0005
0.0004
0.0005
0.0005
0.0007
0.9968
0.9968
0.0422
0.0004
0.0005
0.0150
0.9923
0.9941
0.0002
0.0003
0.0002
0.0003
0.0003
0.0002
0.0004
0.0011
0.0003
0.5236
0.9733
0.0984
0.0028
0.0005
0.0004
0.0167
0.7679
0.1125
0.0055
0.0066
0.7379
0.9999
0.9998
0.9998
0.9995
0.9997
0.9996
0.9996
0.9996
0.9991
0.9847
0.2085
0.0001
0.0001
0.0001
0.0002
0.0001
0.0002
0.0002
0.0002
0.0002
0.0002
0.0002
0.0002
0.0002
0.0002
0.0002
0.0001
0.0001
0.0002
0.0003
0.0004
0.0006
0.9974
0.9776
0.0006
0.0002
0.8401
0.9978
0.2643
0.0004
0.0004
0.0004
0.0004
0.0004
0.0005
0.0004
0.0004
0.0006
0.0815
0.9942
0.9986
0.0059
0.0018
0.0008
0.0492
0.9375
0.0004
0.0020
0.0069
0.0016
0.0011
0.0146
0.9999
0.9998
0.9999
0.9999
0.9998
0.9997
0.9997
0.9998
0.9988
0.9988
0.3143
0.0001
0.0002
0.0002
0.0002
0.0002
0.0002
0.0002
0.0002
0.0002
0.0002
0.0002
0.0002
0.0002
0.0002
0.0002
0.0002
0.0002
0.0001
0.0001
0.0001
0.3507
0.9848
0.9768
0.7527
0.0013
0.0002
0.0002
0.0002
0.0002
0.0001
0.0001
0.0001
0.0001
0.0001
0.0002
0.0001
0.2492
0.9989
0.9790
0.0005
0.0032
0.9923
0.9261
0.0076
0.0004
0.0006
0.0004
0.0004
0.0005
0.0073
0.2346
0.8575
0.1302
0.3700
0.9997
0.9998
0.9998
0.9998
0.9999
0.9998
0.8186
0.3752
0.0002
0.0002
0.0002
0.0002
0.0002
0.0002
0.0002
0.0002
0.0002
0.0002
0.0001
0.0002
0.0002
0.0002
0.0002
0.0002
0.0002
0.0002
0.0002
0.9990
0.9997
0.1082
0.0004
0.0002
0.0002
0.0002
0.0002
0.0002
0.0002
0.0002
0.0004
0.0002
0.0002
0.0002
0.0002
0.0612
0.8688
0.9996
0.7486
0.6364
0.0008
0.0009
0.0004
0.0004
0.0003
0.0002
0.0002
0.0003
0.0006
0.3097
0.7347
0.0023
0.0016
0.0004
0.2164
0.9999
0.9990
0.9998
0.9999
0.9995
0.0001
0.0001
0.0001
0.0002
0.0002
0.0001
0.0001
0.0001
0.0001
0.0001
0.0001
0.0001
0.0001
0.0001
0.0001
0.0001
0.0001
0.0001
0.0008
0.8232
0.7464
0.0073
0.0014
0.0002
0.0002
0.0001
0.0001
0.0001
0.0001
0.0001
0.0003
0.0002
0.0002
0.0002
0.0002
0.0002
0.1149
0.9851
0.9971
0.0007
0.0073
0.0003
0.0002
0.0002
0.0001
0.0003
0.0001
0.0002
0.0002
0.9929
0.9980
0.3371
0.0003
0.0002
0.0003
0.0090
0.4062
0.9987
0.9999
0.9999
0.0001
0.0001
0.0001
0.0002
0.0002
0.0001
0.0001
0.0001
0.0001
0.0001
0.0001
0.0001
0.0001
0.0001
0.0001
0.0001
0.0001
0.0001
0.0002
0.9855
0.9908
0.0038
0.0004
0.0002
0.0002
0.0001
0.0001
0.0001
0.0001
0.0001
0.0003
0.0002
0.0002
0.0002
0.0002
0.0002
0.0004
0.9850
0.9660
0.0011
0.0010
0.0002
0.0003
0.0002
0.0001
0.0003
0.0001
0.0002
0.0002
0.9931
0.9985
0.0116
0.0003
0.0002
0.0109
0.0107
0.8684
0.9987
0.9999
0.9999
0.0002
0.0002
0.0002
0.0002
0.0002
0.0002
0.0002
0.0002
0.0002
0.0002
0.0001
0.0002
0.0002
0.0002
0.0002
0.0002
0.0002
0.2212
0.8596
0.6669
0.8783
0.6348
0.0002
0.0002
0.0002
0.0002
0.0002
0.0002
0.0002
0.0002
0.0004
0.0002
0.0002
0.0002
0.0002
0.0004
0.4003
0.9139
0.8380
0.6517
0.0020
0.0002
0.0004
0.0004
0.0003
0.0002
0.0002
0.0003
0.0006
0.3211
0.8215
0.0034
0.0005
0.1504
0.9941
0.9999
0.9990
0.9998
0.9999
0.9995
0.0002
0.0002
0.0002
0.0002
0.0002
0.0002
0.0002
0.0002
0.0002
0.0002
0.0002
0.0002
0.0002
0.0002
0.0002
0.0001
0.2942
0.9963
0.5291
0.0010
0.0008
0.6925
0.9940
0.0002
0.0002
0.0002
0.0002
0.0001
0.0001
0.0001
0.0001
0.0001
0.0002
0.0001
0.0002
0.9850
0.9993
0.0301
0.0523
0.9986
0.9549
0.0003
0.0004
0.0006
0.0004
0.0004
0.0008
0.0105
0.0659
0.8237
0.2377
0.9317
0.9997
0.9998
0.9998
0.9998
0.9999
0.9994
0.2466
0.1322
0.0001
0.0002
0.0002
0.0002
0.0002
0.0002
0.0002
0.0002
0.0002
0.0002
0.0002
0.0001
0.0001
0.0002
0.0003
0.0004
0.9144
0.9300
0.0049
0.0003
0.0006
0.0365
0.9971
0.7430
0.0004
0.0004
0.0004
0.0004
0.0004
0.0005
0.0004
0.0004
0.0006
0.0006
0.6625
0.9996
0.3752
0.0268
0.0006
0.1071
0.7439
0.0008
0.0009
0.0028
0.0004
0.0006
0.5070
0.9998
0.9998
0.9999
0.9998
0.9999
0.9997
0.9997
0.9998
0.9988
0.8614
0.0002
0.0001
0.0002
0.0003
0.0002
0.0006
0.0004
0.0006
0.0005
0.0003
0.0004
0.0004
0.0005
0.0005
0.0005
0.0004
0.0005
0.0005
0.7825
0.9997
0.0104
0.0003
0.0008
0.0004
0.0030
0.2232
0.9990
0.0358
0.0003
0.0004
0.0003
0.0003
0.0007
0.0004
0.0020
0.0016
0.0012
0.9888
0.7728
0.0002
0.0016
0.0016
0.0030
0.7864
0.1700
0.0063
0.1327
0.9999
0.9999
0.9998
0.9998
0.9995
0.9997
0.9996
0.9996
0.9997
0.9991
0.7343
0.0001
0.0001
0.0001
0.0002
0.0002
0.0017
0.0009
0.0003
0.0004
0.0004
0.0002
0.0003
0.0003
0.0002
0.0003
0.0003
0.0002
0.0003
0.0002
0.7683
0.9806
0.3688
0.0008
0.0013
0.0007
0.0002
0.0014
0.0095
0.9125
0.0254
0.0069
0.0018
0.0012
0.0002
0.0006
0.0009
0.0014
0.3477
0.9998
0.7497
0.0222
0.0040
0.0041
0.1848
0.3530
0.8216
0.9997
0.9998
0.9996
0.9997
0.9997
0.9996
0.9995
0.9992
0.9997
0.9885
0.9959
0.3866
0.0001
0.0001
0.0001
0.0001
0.0001
0.0001
0.0001
0.0003
0.0003
0.0060
0.0009
0.0010
0.0003
0.0007
0.0030
0.0032
0.0030
0.0005
0.0007
0.0013
0.0015
0.7423
0.8215
0.1039
0.0008
0.0011
0.0009
0.0007
0.0003
0.0013
0.9598
0.8670
0.0884
0.0050
0.0079
0.0095
0.2482
0.5763
0.9997
0.9997
0.9997
0.5824
0.9500
0.9998
0.9997
0.9997
0.9881
0.9886
0.9994
0.9994
0.9995
0.9994
0.9976
0.9875
0.9969
0.9614
0.2786
0.0002
0.0001
0.0002
0.0002
0.0001
0.0001
0.0001
0.0000
0.0001
0.0001
0.9996
0.9161
0.8931
0.1975
0.3267
0.4015
0.0441
0.0268
0.0168
0.0232
0.0285
0.0331
0.1687
0.9294
0.7500
0.2887
0.0087
0.1353
0.3493
0.2308
0.3495
0.1438
0.1116
0.2713
0.8994
0.9940
0.9998
0.9998
0.9997
0.9996
0.9996
0.9995
0.9994
0.9994
0.9996
0.9997
0.9995
0.9995
0.9997
0.9965
0.9965
0.9979
0.9979
0.9982
0.9940
0.4008
0.0001
0.0001
0.0001
0.0001
0.0001
0.0001
0.0001
0.0001
0.0001
0.0001
0.0001
0.0001
0.0001
0.0000
0.3747
0.3767
0.8742
0.9998
0.9473
0.9473
0.9998
0.9141
0.4865
0.6096
0.9996
0.9996
0.9996
0.9996
0.8319
0.7711
0.9996
0.9995
0.9995
0.9995
0.9995
0.9995
0.9995
0.9995
0.9995
0.9995
0.9994
0.9994
0.9995
0.9997
0.9996
0.9992
0.9986
0.9951
0.9835
0.9829
0.9968
0.9985
0.9984
0.9810
0.9089
0.8980
0.0001
0.0001
0.0001
0.0001
0.0001
0.0001
0.0001
0.0001
0.0001
0.0001
0.0001
0.0001
0.0001
0.0001
0.0001
0.0001
0.0001
0.0000
0.9995
0.9995
0.9995
0.9995
0.9996
0.9994
0.9996
0.9996
0.9996
0.9997
0.9997
0.9995
0.9995
0.9995
0.9994
0.9994
0.9994
0.9994
0.9997
0.9997
0.9998
0.9997
0.9994
0.9997
0.9997
0.9997
0.9996
0.9991
0.9989
0.9959
0.9992
0.9887
0.9934
0.9815
0.9848
0.7983
0.7705
0.0063
0.0001
0.0001
0.0001
0.0001
0.0001
0.0001
0.0001
0.0001
0.0001
0.0001
0.0000
0.0001
0.0001
0.0001
0.0001
0.0001
0.0001
0.0000
0.0001
0.0001
0.0001
0.0000
0.9996
0.9998
0.9997
0.9996
0.9996
0.9996
0.9991
0.9982
0.9985
0.9992
0.9995
0.9992
0.9995
0.9988
0.9978
0.9991
0.9996
0.9998
0.9986
0.9980
0.9982
0.9988
0.9947
0.9952
0.9996
0.9952
0.9939
0.6964
0.3407
0.1573
0.0001
0.0001
0.0001
0.0001
0.0001
0.0001
0.0001
0.0001
0.0001
0.0001
0.0001
0.0001
0.0001
0.0001
0.0001
0.0001
0.0000
0.0001
0.0001
0.0001
0.0001
0.0001
0.0001
0.0001
0.0001
0.0001
0.0001
0.0001
0.0001
0.0001
0.9989
0.9990
0.9992
0.9990
0.9993
0.9995
0.9904
0.9975
0.9950
0.9847
0.9216
0.7601
0.9523
0.8486
0.7871
0.9658
0.9543
0.8248
0.6098
0.6603
0.6012
0.5290
0.2141
0.1206
0.0001
0.0001
0.0001
0.0001
0.0001
0.0001
0.0001
0.0001
0.0001
0.0001
0.0001
0.0001
0.0001
0.0001
0.0001
0.0001
0.0001
0.0000
0.0001
0.0001
0.0001
0.0000
0.0001
0.0001
0.0001
0.0001
0.0000
0.0001
0.0001
0.0000
0.0001
0.0001
0.0001
0.0000
0.0001
0.0001
0.5431
0.5431
0.5431
0.6152
0.9337
0.7361
0.4000
0.0001
0.0001
0.0001
0.0001
0.0001
0.0001
0.0001
0.0001
0.0001
0.0001
0.0001
0.0001
0.0001
0.0001
0.0001
0.0001
0.0001
0.0001
0.0001
0.0001
0.0001
0.0001
0.0001
0.0001
0.0000
0.0001
0.0001
0.0001
0.0001
0.0001
0.0001
0.0001
0.0001
0.0001
0.0000
0.0001
0.0001
0.0001
0.0001
0.0001
0.0001
0.0001
0.0001
0.0001
0.0001
0.0001
0.0001
0.0001
0.0001
0.0001
0.0001
0.0001
0.0001
0.0001
0.0001
0.0001
0.0001
0.0001
0.0001
0.0001
0.0001
0.0001
0.0001
0.0001
0.0001
0.0001
0.0001
0.0001
0.0001
0.0001
0.0001
0.0001
0.0001
0.0001
0.0001
0.0001
0.0001
0.0001
0.0001
0.0001
0.0001
0.0000
0.0001
0.0001
0.0001
0.0001
0.0001
0.0000
0.0001
0.0001
0.0001
0.0001
0.0000
0.0000
0.0001
0.0001
0.0001
0.0001
0.0001
0.0001
0.0000
0.0001
0.0001
0.0001
0.0001
0.0001
0.0001
0.0001
0.0001
0.0001
0.0001
0.0001
0.0001
0.0001
0.0001
0.0001
0.0001
0.0001
0.0001
0.0001
0.0001
0.0001
0.0001
0.0000
0.0000
0.0001
0.0001
0.0001
0.0001
0.0001
0.0001
0.0001
0.0001
0.0000
0.0001
0.0001
0.0001
0.0000
0.0001
0.0001
0.0001
0.0001
0.0001
0.0001
0.0001
0.0001
0.0000
0.0000
0.0001
0.0001
0.0000
0.0001
0.0001
0.0001
0.0000
0.0000
0.0001
0.0000
0.0000
0.0001
0.0000
0.0001
0.0001
0.0001
0.0001
0.0001
0.0001
0.0001
0.0001
0.0001
0.0001
0.0000
0.0000
# OPTIMIZATION PARAMETERS 
# nelx: 60
# nely: 30
# max buckling: 0.08
# penalization: 3.0
# initial densities: [0. 0. 0. ... 0. 0. 0.]
# FEA MODEL DATA 
# material: {'Ex': 2000.0, 'Ey': 10000.0, 'NUxy': 0.3}
# loads: {'Val': -10, 'direction': 'x', 'dof': array([1828, 1950, 2072], dtype=int64)}
# bc: Left Clamped
# 
