# densities
1.0000
1.0000
1.0000
0.8753
0.4308
0.1109
0.0000
0.0000
0.0000
0.0000
0.0000
0.0000
0.0000
0.0000
0.0000
0.0000
0.0000
0.0000
0.0000
0.0000
0.0000
0.0000
0.0000
0.0000
0.0000
0.0000
0.0000
0.0000
0.0000
0.0000
1.0000
1.0000
1.0000
0.9996
0.3904
0.0000
0.0000
0.0000
0.0000
0.0000
0.0000
0.0000
0.0000
0.0000
0.0000
0.0000
0.0000
0.0000
0.0000
0.0000
0.0000
0.0000
0.0000
0.0000
0.0000
0.0000
0.0000
0.0000
0.0000
0.0000
1.0000
1.0000
1.0000
1.0000
1.0000
0.9995
0.6688
0.2099
0.0000
0.0000
0.0000
0.0000
0.0000
0.0000
0.0000
0.0000
0.0000
0.0000
0.0000
0.0000
0.0000
0.0000
0.0000
0.0000
0.0000
0.0000
0.0000
0.0000
0.0000
0.0000
1.0000
1.0000
1.0000
1.0000
1.0000
1.0000
0.9999
0.7987
0.3392
0.0000
0.0000
0.0000
0.0000
0.0000
0.0000
0.0000
0.0000
0.0000
0.0000
0.0000
0.0000
0.0000
0.0000
0.0000
0.0000
0.0000
0.0000
0.0000
0.0000
0.0000
1.0000
1.0000
1.0000
1.0000
1.0000
1.0000
1.0000
0.9706
0.6299
0.2796
0.0000
0.0000
0.0000
0.0000
0.0000
0.0000
0.0000
0.0000
0.0000
0.0000
0.0000
0.0000
0.0000
0.0000
0.0000
0.0000
0.0000
0.0000
0.0000
0.0000
0.8279
0.9832
1.0000
1.0000
1.0000
1.0000
1.0000
1.0000
0.9213
0.6448
0.3167
0.0000
0.0000
0.0000
0.0000
0.0000
0.0000
0.0000
0.0000
0.0000
0.0000
0.0000
0.0000
0.0000
0.0000
0.0000
0.0000
0.0000
0.0000
0.0000
0.6107
0.6364
0.8477
1.0000
1.0000
1.0000
1.0000
1.0000
1.0000
0.9388
0.6773
0.3472
0.0000
0.0000
0.0000
0.0000
0.0000
0.0000
0.0000
0.0000
0.0000
0.0000
0.0000
0.0000
0.0000
0.0000
0.0000
0.0000
0.0000
0.0000
0.4615
0.3983
0.5671
0.8183
0.9460
1.0000
1.0000
1.0000
1.0000
1.0000
0.9033
0.6463
0.3337
0.0000
0.0000
0.0000
0.0000
0.0000
0.0000
0.0000
0.0000
0.0000
0.0000
0.0000
0.0000
0.0000
0.0000
0.0000
0.0000
0.0000
0.3717
0.2534
0.3461
0.5819
0.7132
0.8611
1.0000
1.0000
1.0000
1.0000
1.0000
0.8798
0.6363
0.3354
0.0000
0.0000
0.0000
0.0000
0.0000
0.0000
0.0000
0.0000
0.0000
0.0000
0.0000
0.0000
0.0000
0.0000
0.0000
0.0000
0.3268
0.1804
0.1855
0.3834
0.4933
0.6538
0.9269
1.0000
1.0000
1.0000
1.0000
1.0000
0.8814
0.6442
0.3458
0.0000
0.0000
0.0000
0.0000
0.0000
0.0000
0.0000
0.0000
0.0000
0.0000
0.0000
0.0000
0.0000
0.0000
0.0000
0.3082
0.1583
0.0863
0.2288
0.2914
0.4329
0.7375
0.9295
1.0000
1.0000
1.0000
1.0000
1.0000
0.8830
0.6476
0.3507
0.0029
0.0000
0.0000
0.0000
0.0000
0.0000
0.0000
0.0000
0.0000
0.0000
0.0000
0.0000
0.0000
0.0000
0.2841
0.1460
0.0281
0.1066
0.1127
0.1905
0.5198
0.7492
0.9008
1.0000
1.0000
1.0000
1.0000
1.0000
0.8847
0.6507
0.3540
0.0039
0.0000
0.0000
0.0000
0.0000
0.0000
0.0000
0.0000
0.0000
0.0000
0.0000
0.0000
0.0000
0.2242
0.1003
0.0000
0.0031
0.0000
0.0000
0.2793
0.5323
0.7199
0.9265
1.0000
1.0000
1.0000
1.0000
1.0000
0.8893
0.6554
0.3565
0.0018
0.0000
0.0000
0.0000
0.0000
0.0000
0.0000
0.0000
0.0000
0.0000
0.0000
0.0000
0.1098
0.0000
0.0000
0.0000
0.0000
0.0000
0.0000
0.2684
0.4957
0.7425
0.9370
1.0000
1.0000
1.0000
1.0000
1.0000
0.8952
0.6599
0.3571
0.0000
0.0000
0.0000
0.0000
0.0000
0.0000
0.0000
0.0000
0.0000
0.0000
0.0000
0.0000
0.0000
0.0000
0.0000
0.0000
0.0000
0.0000
0.0000
0.2288
0.5101
0.7471
0.9269
1.0000
1.0000
1.0000
1.0000
1.0000
0.9021
0.6644
0.3568
0.0000
0.0000
0.0000
0.0000
0.0000
0.0000
0.0000
0.0000
0.0000
0.0000
0.0000
0.0000
0.0000
0.0000
0.0000
0.0000
0.0000
0.0000
0.0000
0.2320
0.5072
0.7323
0.9230
1.0000
1.0000
1.0000
1.0000
1.0000
0.9110
0.6707
0.3543
0.0000
0.0000
0.0000
0.0000
0.0000
0.0000
0.0000
0.0000
0.0000
0.0000
0.0000
0.0000
0.0000
0.0000
0.0000
0.0000
0.0000
0.0000
0.0000
0.2235
0.4895
0.7249
0.9200
1.0000
1.0000
1.0000
1.0000
1.0000
0.9241
0.6770
0.3474
0.0000
0.0000
0.0000
0.0000
0.0000
0.0000
0.0000
0.0000
0.0000
0.0000
0.0000
0.0000
0.0000
0.0000
0.0000
0.0000
0.0000
0.0000
0.0000
0.2083
0.4805
0.7181
0.9133
1.0000
1.0000
1.0000
1.0000
1.0000
0.9388
0.6811
0.3479
0.0000
0.0000
0.0000
0.0000
0.0000
0.0000
0.0000
0.0000
0.0000
0.0000
0.0000
0.0000
0.0000
0.0000
0.0000
0.0000
0.0000
0.0000
0.0000
0.2029
0.4724
0.7068
0.9049
1.0000
1.0000
1.0000
1.0000
1.0000
0.9539
0.6994
0.3564
0.0000
0.0000
0.0000
0.0000
0.0000
0.0000
0.0000
0.0000
0.0000
0.0000
0.0000
0.0000
0.0000
0.0000
0.0000
0.0000
0.0000
0.0000
0.0000
0.2009
0.4605
0.6926
0.8949
1.0000
1.0000
1.0000
1.0000
1.0000
0.9888
0.7298
0.3364
0.0000
0.0000
0.0000
0.0000
0.0000
0.0000
0.0000
0.0000
0.0000
0.0000
0.0000
0.0000
0.0000
0.0000
0.0000
0.0000
0.0000
0.0000
0.0000
0.1995
0.4464
0.6753
0.8819
1.0000
1.0000
1.0000
1.0000
1.0000
1.0000
0.7240
0.3357
0.0000
0.0000
0.0000
0.0000
0.0000
0.0000
0.0000
0.0000
0.0000
0.0000
0.0000
0.0000
0.0000
0.0000
0.0000
0.0000
0.0000
0.0000
0.0000
0.2022
0.4313
0.6536
0.8658
1.0000
1.0000
1.0000
1.0000
1.0000
1.0000
0.7539
0.3970
0.0000
0.0000
0.0000
0.0000
0.0000
0.0000
0.0000
0.0000
0.0000
0.0000
0.0000
0.0000
0.0000
0.0000
0.0000
0.0000
0.0000
0.0000
0.0054
0.2098
0.4135
0.6269
0.8458
1.0000
1.0000
1.0000
1.0000
1.0000
1.0000
0.8860
0.2493
0.0000
0.0000
0.0000
0.0000
0.0000
0.0000
0.0000
0.0000
0.0000
0.0000
0.0000
0.0000
0.0000
0.0000
0.0000
0.0000
0.0000
0.0000
0.0525
0.2141
0.3891
0.5934
0.8170
1.0000
1.0000
1.0000
1.0000
1.0000
1.0000
0.8068
0.0000
0.0000
0.0000
0.0000
0.0000
0.0000
0.0000
0.0000
0.0000
0.0000
0.0000
0.0000
0.0000
0.0000
0.0000
0.0000
0.0000
0.0000
0.0000
0.0915
0.2142
0.3642
0.5561
0.7863
1.0000
1.0000
1.0000
1.0000
1.0000
1.0000
0.3255
0.4288
0.0000
0.0000
0.0000
0.0000
0.0000
0.0000
0.0000
0.0000
0.0000
0.0000
0.0000
0.0000
0.0000
0.0000
0.0000
0.0000
0.0000
0.0266
0.1275
0.2247
0.3502
0.5249
0.7619
1.0000
1.0000
1.0000
1.0000
1.0000
1.0000
1.0000
0.0000
0.0000
0.0000
0.0000
0.0000
0.0000
0.0000
0.0000
0.0000
0.0000
0.0000
0.0000
0.0000
0.0000
0.0000
0.0000
0.0000
0.0000
0.0965
0.1746
0.2428
0.3292
0.4717
0.7209
1.0000
1.0000
1.0000
1.0000
1.0000
1.0000
0.0000
0.0000
0.0000
0.0000
0.0000
0.0000
0.0000
0.0000
0.0000
0.0000
0.0000
0.0000
0.0000
0.0000
0.0000
0.0000
0.0000
0.0000
0.0657
0.1557
0.2032
0.2330
0.2832
0.4370
0.7519
1.0000
1.0000
1.0000
1.0000
1.0000
0.0000
0.0000
0.0000
0.0000
0.0000
0.0000
0.0000
0.0000
0.0000
0.0000
0.0000
0.0000
0.0000
0.0000
0.0000
0.0000
0.0000
0.0000
0.0208
0.1200
0.1816
0.2181
0.2493
0.3589
0.5429
0.7441
1.0000
1.0000
1.0000
1.0000
0.0000
0.0000
0.0000
0.0000
0.0000
0.0000
0.0000
0.0000
0.0000
0.0000
0.0000
0.0000
0.0000
0.0000
0.0000
0.0000
0.0000
0.0000
0.0000
0.0690
0.1562
0.2401
0.3021
0.3946
0.4600
0.3922
0.6290
1.0000
1.0000
1.0000
0.0000
0.0000
0.0000
0.0000
0.0000
0.0000
0.0000
0.0000
0.0000
0.0000
0.0000
0.0000
0.0000
0.0000
0.0000
0.0000
0.0000
0.0000
0.0000
0.0544
0.1572
0.2569
0.3289
0.4215
0.4708
0.3821
0.6213
1.0000
1.0000
1.0000
0.0000
0.0000
0.0000
0.0000
0.0000
0.0000
0.0000
0.0000
0.0000
0.0000
0.0000
0.0000
0.0000
0.0000
0.0000
0.0000
0.0000
0.0000
0.0000
0.0968
0.1927
0.2609
0.3096
0.4231
0.5838
0.7623
1.0000
1.0000
1.0000
1.0000
0.0000
0.0000
0.0000
0.0000
0.0000
0.0000
0.0000
0.0000
0.0000
0.0000
0.0000
0.0000
0.0000
0.0000
0.0000
0.0000
0.0000
0.0000
0.0166
0.1494
0.2354
0.2916
0.3525
0.5097
0.8133
1.0000
1.0000
1.0000
1.0000
1.0000
0.0000
0.0000
0.0000
0.0000
0.0000
0.0000
0.0000
0.0000
0.0000
0.0000
0.0000
0.0000
0.0000
0.0000
0.0000
0.0000
0.0000
0.0000
0.0902
0.2083
0.3027
0.3976
0.5358
0.7835
1.0000
1.0000
1.0000
1.0000
1.0000
1.0000
0.0000
0.0000
0.0000
0.0000
0.0000
0.0000
0.0000
0.0000
0.0000
0.0000
0.0000
0.0000
0.0000
0.0000
0.0000
0.0000
0.0000
0.0615
0.1842
0.3006
0.4285
0.5971
0.8296
1.0000
1.0000
1.0000
1.0000
1.0000
1.0000
1.0000
0.0000
0.0000
0.0000
0.0000
0.0000
0.0000
0.0000
0.0000
0.0000
0.0000
0.0000
0.0000
0.0000
0.0000
0.0000
0.0000
0.0403
0.1839
0.3133
0.4600
0.6351
0.8516
1.0000
1.0000
1.0000
1.0000
1.0000
1.0000
0.4569
0.0036
0.0000
0.0000
0.0000
0.0000
0.0000
0.0000
0.0000
0.0000
0.0000
0.0000
0.0000
0.0000
0.0000
0.0000
0.0000
0.0146
0.1874
0.3415
0.5017
0.6820
0.8762
1.0000
1.0000
1.0000
1.0000
1.0000
1.0000
0.8091
0.0000
0.2364
0.0000
0.0000
0.0000
0.0000
0.0000
0.0000
0.0000
0.0000
0.0000
0.0000
0.0000
0.0000
0.0000
0.0000
0.0005
0.1866
0.3669
0.5413
0.7195
0.9011
1.0000
1.0000
1.0000
1.0000
1.0000
1.0000
0.9717
0.2853
0.0000
0.0000
0.0000
0.0000
0.0000
0.0000
0.0000
0.0000
0.0000
0.0000
0.0000
0.0000
0.0000
0.0000
0.0000
0.0000
0.1783
0.3802
0.5678
0.7447
0.9112
1.0000
1.0000
1.0000
1.0000
1.0000
1.0000
0.8142
0.4370
0.0000
0.0000
0.0000
0.0000
0.0000
0.0000
0.0000
0.0000
0.0000
0.0000
0.0000
0.0000
0.0000
0.0000
0.0000
0.0000
0.1577
0.3828
0.5810
0.7588
0.9152
1.0000
1.0000
1.0000
1.0000
1.0000
1.0000
0.8213
0.4451
0.0000
0.0000
0.0000
0.0000
0.0000
0.0000
0.0000
0.0000
0.0000
0.0000
0.0000
0.0000
0.0000
0.0000
0.0000
0.0000
0.1207
0.3733
0.5847
0.7647
0.9163
1.0000
1.0000
1.0000
1.0000
1.0000
1.0000
0.8576
0.4986
0.0410
0.0000
0.0000
0.0000
0.0000
0.0000
0.0000
0.0000
0.0000
0.0000
0.0000
0.0000
0.0000
0.0000
0.0000
0.0000
0.0736
0.3473
0.5781
0.7657
0.9166
1.0000
1.0000
1.0000
1.0000
1.0000
1.0000
0.8593
0.5699
0.1310
0.0000
0.0000
0.0000
0.0000
0.0000
0.0588
0.1280
0.0000
0.0000
0.0000
0.0000
0.0000
0.0000
0.0000
0.0000
0.0405
0.3141
0.5584
0.7609
0.9178
1.0000
1.0000
1.0000
1.0000
1.0000
1.0000
0.8524
0.6008
0.2326
0.0000
0.0000
0.0000
0.0000
0.0000
0.0000
0.1512
0.2589
0.1031
0.0000
0.0554
0.0293
0.0304
0.0376
0.0313
0.0618
0.2973
0.5344
0.7472
0.9178
1.0000
1.0000
1.0000
1.0000
1.0000
1.0000
0.8503
0.6098
0.2775
0.0000
0.0000
0.0000
0.0000
0.0000
0.0000
0.0000
0.2046
0.2045
0.1992
0.1485
0.1689
0.1953
0.0849
0.0890
0.1616
0.2956
0.5256
0.7328
0.9127
1.0000
1.0000
1.0000
1.0000
1.0000
0.9909
0.8391
0.6147
0.2984
0.0000
0.0000
0.0000
0.0000
0.0000
0.0000
0.0000
0.0000
0.2422
0.2183
0.2425
0.2499
0.2094
0.1519
0.1749
0.2402
0.3154
0.5118
0.7291
0.9065
1.0000
1.0000
1.0000
1.0000
1.0000
0.9810
0.8206
0.6003
0.3025
0.0000
0.0000
0.0000
0.0000
0.0000
0.0000
0.0000
0.0000
0.0000
0.2848
0.2263
0.1841
0.2934
0.2530
0.1392
0.2712
0.3869
0.4921
0.7071
0.9045
1.0000
1.0000
1.0000
1.0000
1.0000
0.9723
0.7983
0.5701
0.2786
0.0000
0.0000
0.0000
0.0000
0.0000
0.0000
0.0000
0.0000
0.0000
0.0000
0.3028
0.2009
0.1839
0.2934
0.2747
0.2284
0.4011
0.5521
0.6776
0.8805
1.0000
1.0000
1.0000
1.0000
1.0000
0.9640
0.7726
0.5300
0.2332
0.0000
0.0000
0.0000
0.0000
0.0000
0.0000
0.0000
0.0000
0.0000
0.0000
0.0000
0.3042
0.1764
0.1822
0.3088
0.3137
0.3343
0.5522
0.7210
0.8498
1.0000
1.0000
1.0000
1.0000
1.0000
0.9578
0.7482
0.4859
0.1759
0.0000
0.0000
0.0000
0.0000
0.0000
0.0000
0.0000
0.0000
0.0000
0.0000
0.0000
0.0000
0.3019
0.1581
0.1964
0.3578
0.3994
0.4767
0.7184
0.8826
0.9942
1.0000
1.0000
1.0000
1.0000
0.9572
0.7336
0.4502
0.1202
0.0000
0.0000
0.0000
0.0000
0.0000
0.0000
0.0000
0.0000
0.0000
0.0000
0.0000
0.0000
0.0000
0.3166
0.1714
0.2582
0.4548
0.5342
0.6454
0.8876
1.0000
1.0000
1.0000
1.0000
1.0000
0.9586
0.7301
0.4318
0.0810
0.0000
0.0000
0.0000
0.0000
0.0000
0.0000
0.0000
0.0000
0.0000
0.0000
0.0000
0.0000
0.0000
0.0000
0.3637
0.2390
0.3754
0.5969
0.7021
0.8237
1.0000
1.0000
1.0000
1.0000
1.0000
0.9583
0.7294
0.4267
0.0633
0.0000
0.0000
0.0000
0.0000
0.0000
0.0000
0.0000
0.0000
0.0000
0.0000
0.0000
0.0000
0.0000
0.0000
0.0000
0.4528
0.3801
0.5576
0.7945
0.9044
1.0000
1.0000
1.0000
1.0000
1.0000
0.9799
0.7462
0.4395
0.0701
0.0000
0.0000
0.0000
0.0000
0.0000
0.0000
0.0000
0.0000
0.0000
0.0000
0.0000
0.0000
0.0000
0.0000
0.0000
0.0000
0.5922
0.6049
0.8071
1.0000
1.0000
1.0000
1.0000
1.0000
1.0000
1.0000
0.7785
0.4632
0.0876
0.0000
0.0000
0.0000
0.0000
0.0000
0.0000
0.0000
0.0000
0.0000
0.0000
0.0000
0.0000
0.0000
0.0000
0.0000
0.0000
0.0000
0.7937
0.9262
1.0000
1.0000
1.0000
1.0000
1.0000
1.0000
0.9832
0.7409
0.4352
0.0592
0.0000
0.0000
0.0000
0.0000
0.0000
0.0000
0.0000
0.0000
0.0000
0.0000
0.0000
0.0000
0.0000
0.0000
0.0000
0.0000
0.0000
0.0000
1.0000
1.0000
1.0000
1.0000
1.0000
1.0000
1.0000
0.9993
0.7107
0.3930
0.0291
0.0000
0.0000
0.0000
0.0000
0.0000
0.0000
0.0000
0.0000
0.0000
0.0000
0.0000
0.0000
0.0000
0.0000
0.0000
0.0000
0.0000
0.0000
0.0000
1.0000
1.0000
1.0000
1.0000
1.0000
1.0000
1.0000
0.8480
0.4288
0.0178
0.0000
0.0000
0.0000
0.0000
0.0000
0.0000
0.0000
0.0000
0.0000
0.0000
0.0000
0.0000
0.0000
0.0000
0.0000
0.0000
0.0000
0.0000
0.0000
0.0000
1.0000
1.0000
1.0000
1.0000
1.0000
0.9997
0.6776
0.2712
0.0000
0.0000
0.0000
0.0000
0.0000
0.0000
0.0000
0.0000
0.0000
0.0000
0.0000
0.0000
0.0000
0.0000
0.0000
0.0000
0.0000
0.0000
0.0000
0.0000
0.0000
0.0000
1.0000
1.0000
1.0000
0.9448
0.4119
0.0000
0.0000
0.0000
0.0000
0.0000
0.0000
0.0000
0.0000
0.0000
0.0000
0.0000
0.0000
0.0000
0.0000
0.0000
0.0000
0.0000
0.0000
0.0000
0.0000
0.0000
0.0000
0.0000
0.0000
0.0000
1.0000
1.0000
1.0000
0.7795
0.4461
0.1299
0.0000
0.0000
0.0000
0.0000
0.0000
0.0000
0.0000
0.0000
0.0000
0.0000
0.0000
0.0000
0.0000
0.0000
0.0000
0.0000
0.0000
0.0000
0.0000
0.0000
0.0000
0.0000
0.0000
0.0000
# OPTIMIZATION PARAMETERS 
# nelx: 30
# nely: 60
# max buckling: 0.31325
# penalization: 1.484
# initial densities: 1.0
# FEA MODEL DATA 
# material: {'Ex': 1, 'Ey': 1, 'NUxy': 0.3}
# loads: {'Val': 0.005, 'direction': 'x', 'dof': array([1859, 1921, 1983], dtype=int64)}
# bc: Left Clamped
# 
