# it, buckling[l1, l2, l3, l4, l5], volume, compliance
1.0000 -0.2654 -0.2597 -0.2424 -0.2080 -0.1958 0.4000 51.4513
2.0000 -0.1994 -0.1830 -0.1744 -0.1726 -0.1598 0.4000 42.1239
3.0000 -0.1673 -0.1656 -0.1586 -0.1561 -0.1526 0.4000 32.8761
4.0000 -0.1411 -0.1336 -0.1280 -0.1200 -0.1189 0.4000 27.4712
5.0000 -0.1252 -0.1233 -0.1179 -0.1150 -0.1139 0.4000 23.3342
6.0000 -0.1211 -0.1132 -0.1117 -0.1042 -0.0999 0.4000 19.3516
7.0000 -0.1182 -0.1176 -0.1105 -0.1052 -0.1026 0.4000 15.2425
8.0000 -0.1211 -0.1160 -0.1138 -0.1119 -0.1091 0.4000 12.1008
9.0000 -0.1276 -0.1258 -0.1210 -0.1185 -0.1120 0.4000 11.0355
10.0000 -0.1268 -0.1248 -0.1216 -0.1197 -0.1142 0.4000 9.9604
11.0000 -0.1234 -0.1227 -0.1222 -0.1189 -0.1167 0.4000 9.3436
12.0000 -0.1265 -0.1256 -0.1215 -0.1171 -0.1140 0.4000 8.8471
13.0000 -0.1353 -0.1228 -0.1191 -0.1135 -0.1110 0.4000 8.3130
14.0000 -0.1242 -0.1228 -0.1167 -0.1124 -0.1098 0.4000 8.0121
15.0000 -0.1338 -0.1317 -0.1202 -0.1167 -0.1134 0.4000 7.6440
16.0000 -0.1393 -0.1367 -0.1256 -0.1159 -0.1097 0.4000 7.3151
17.0000 -0.1268 -0.1199 -0.1109 -0.1108 -0.1045 0.4000 7.0570
18.0000 -0.1240 -0.1183 -0.1126 -0.1102 -0.1061 0.4000 6.8593
19.0000 -0.1229 -0.1196 -0.1176 -0.1107 -0.1042 0.4000 6.7389
20.0000 -0.1275 -0.1224 -0.1200 -0.1075 -0.1024 0.4000 6.5852
21.0000 -0.1352 -0.1251 -0.1200 -0.1101 -0.1087 0.4000 6.4185
22.0000 -0.1249 -0.1212 -0.1163 -0.1077 -0.1037 0.4000 6.3562
23.0000 -0.1307 -0.1228 -0.1173 -0.1104 -0.1031 0.4000 6.1608
24.0000 -0.1260 -0.1198 -0.1181 -0.1072 -0.1064 0.4000 6.0886
25.0000 -0.1221 -0.1197 -0.1163 -0.1055 -0.1043 0.4000 6.0613
26.0000 -0.1239 -0.1232 -0.1126 -0.1104 -0.1029 0.4000 5.9309
27.0000 -0.1246 -0.1203 -0.1164 -0.1043 -0.1028 0.4000 5.7903
28.0000 -0.1239 -0.1164 -0.1098 -0.1049 -0.1002 0.4000 5.6820
29.0000 -0.1202 -0.1178 -0.1124 -0.1056 -0.0969 0.4000 5.5432
30.0000 -0.1191 -0.1176 -0.1068 -0.0985 -0.0964 0.4000 5.4014
31.0000 -0.1149 -0.1084 -0.0992 -0.0922 -0.0850 0.4000 5.2080
32.0000 -0.1089 -0.0959 -0.0899 -0.0825 -0.0814 0.4000 5.0634
33.0000 -0.0983 -0.0875 -0.0800 -0.0772 -0.0691 0.4000 4.9304
34.0000 -0.0928 -0.0858 -0.0756 -0.0722 -0.0628 0.4000 4.8648
35.0000 -0.0875 -0.0827 -0.0709 -0.0631 -0.0560 0.4000 4.7781
36.0000 -0.0857 -0.0801 -0.0664 -0.0566 -0.0551 0.4000 4.7177
37.0000 -0.0848 -0.0783 -0.0617 -0.0551 -0.0522 0.4000 4.6596
38.0000 -0.0843 -0.0775 -0.0595 -0.0550 -0.0507 0.4000 4.6259
39.0000 -0.0836 -0.0764 -0.0568 -0.0549 -0.0503 0.4000 4.5653
40.0000 -0.0829 -0.0758 -0.0555 -0.0548 -0.0502 0.4000 4.5195
41.0000 -0.0824 -0.0754 -0.0549 -0.0546 -0.0501 0.4000 4.4920
42.0000 -0.0813 -0.0749 -0.0546 -0.0536 -0.0500 0.4000 4.4406
43.0000 -0.0808 -0.0745 -0.0545 -0.0531 -0.0499 0.4000 4.4144
44.0000 -0.0803 -0.0742 -0.0544 -0.0526 -0.0498 0.4000 4.3919
45.0000 -0.0798 -0.0740 -0.0544 -0.0522 -0.0497 0.4000 4.3696
46.0000 -0.0793 -0.0737 -0.0543 -0.0517 -0.0497 0.4000 4.3451
47.0000 -0.0785 -0.0733 -0.0542 -0.0510 -0.0496 0.4000 4.3112
48.0000 -0.0780 -0.0728 -0.0541 -0.0503 -0.0495 0.4000 4.2775
49.0000 -0.0777 -0.0726 -0.0541 -0.0500 -0.0494 0.4000 4.2585
50.0000 -0.0774 -0.0723 -0.0540 -0.0498 -0.0494 0.4000 4.2425
51.0000 -0.0771 -0.0720 -0.0540 -0.0494 -0.0493 0.4000 4.2206
52.0000 -0.0768 -0.0718 -0.0539 -0.0493 -0.0491 0.4000 4.2024
53.0000 -0.0764 -0.0713 -0.0538 -0.0492 -0.0486 0.4000 4.1717
54.0000 -0.0763 -0.0711 -0.0538 -0.0492 -0.0484 0.4000 4.1600
55.0000 -0.0761 -0.0708 -0.0537 -0.0491 -0.0482 0.4000 4.1434
56.0000 -0.0760 -0.0704 -0.0537 -0.0490 -0.0480 0.4000 4.1257
57.0000 -0.0758 -0.0701 -0.0536 -0.0490 -0.0478 0.4000 4.1126
58.0000 -0.0757 -0.0697 -0.0536 -0.0489 -0.0475 0.4000 4.0987
59.0000 -0.0756 -0.0693 -0.0535 -0.0489 -0.0474 0.4000 4.0857
60.0000 -0.0756 -0.0691 -0.0535 -0.0488 -0.0473 0.4000 4.0737
61.0000 -0.0754 -0.0687 -0.0534 -0.0487 -0.0471 0.4000 4.0482
62.0000 -0.0753 -0.0683 -0.0533 -0.0487 -0.0468 0.4000 4.0234
63.0000 -0.0752 -0.0679 -0.0532 -0.0486 -0.0466 0.4000 4.0079
64.0000 -0.0751 -0.0676 -0.0532 -0.0486 -0.0464 0.4000 3.9941
65.0000 -0.0750 -0.0673 -0.0532 -0.0485 -0.0463 0.4000 3.9828
66.0000 -0.0749 -0.0670 -0.0531 -0.0485 -0.0461 0.4000 3.9710
# OPTIMIZATION PARAMETERS 
# nelx: 50
# nely: 50
# max buckling: 8.278
# penalization: 6.0
# initial densities: 0.8
# FEA MODEL DATA 
# material: {'Ex': 10000.0, 'Ey': 10000.0, 'NUxy': 0.3}
# loads: {'Val': -10, 'direction': 'x', 'dof': array([2549, 2651, 2753], dtype=int64)}
# bc: Left Clamped
# 
