# it, buckling[l1, l2, l3, l4, l5], volume, compliance
1.0000 -8.1091 -4.8979 -3.0106 -2.5155 -2.4939 0.3000 0.4623
2.0000 -7.9823 -4.8613 -2.9874 -2.4815 -2.4762 0.3000 0.4617
3.0000 -7.9047 -4.8395 -2.9735 -2.4652 -2.4387 0.3000 0.4603
4.0000 -7.7661 -4.8003 -2.9486 -2.4454 -2.3530 0.3000 0.4577
5.0000 -7.5930 -4.7503 -2.9168 -2.4205 -2.2439 0.3000 0.4547
6.0000 -7.4015 -4.6933 -2.8806 -2.3925 -2.1208 0.3000 0.4515
7.0000 -7.2181 -4.6374 -2.8448 -2.3653 -2.0360 0.3000 0.4485
8.0000 -7.0179 -4.5742 -2.8048 -2.3350 -2.0170 0.3000 0.4454
9.0000 -6.8422 -4.5143 -2.7682 -2.3070 -2.0001 0.3000 0.4424
10.0000 -6.7893 -4.4932 -2.7566 -2.2975 -1.9946 0.3000 0.4407
11.0000 -6.7661 -4.4794 -2.7504 -2.2915 -1.9915 0.3000 0.4392
12.0000 -6.7296 -4.4547 -2.7393 -2.2815 -1.9865 0.3000 0.4368
13.0000 -6.7198 -4.4365 -2.7334 -2.2753 -1.9839 0.3000 0.4344
14.0000 -6.7142 -4.4178 -2.7273 -2.2697 -1.9815 0.3000 0.4317
15.0000 -6.7184 -4.4068 -2.7241 -2.2666 -1.9802 0.3000 0.4299
16.0000 -6.7137 -4.3935 -2.7188 -2.2624 -1.9784 0.3000 0.4281
17.0000 -6.7070 -4.3803 -2.7133 -2.2581 -1.9767 0.3000 0.4265
18.0000 -6.7125 -4.3745 -2.7116 -2.2568 -1.9770 0.3000 0.4253
19.0000 -6.7269 -4.3696 -2.7111 -2.2563 -1.9783 0.3000 0.4237
20.0000 -6.7495 -4.3696 -2.7135 -2.2577 -1.9805 0.3000 0.4222
21.0000 -6.7772 -4.3718 -2.7171 -2.2598 -1.9827 0.3000 0.4209
22.0000 -6.8013 -4.3742 -2.7200 -2.2614 -1.9842 0.3000 0.4198
23.0000 -6.8261 -4.3760 -2.7226 -2.2628 -1.9853 0.3000 0.4187
24.0000 -6.8404 -4.3756 -2.7233 -2.2631 -1.9854 0.3000 0.4179
25.0000 -6.8557 -4.3745 -2.7237 -2.2630 -1.9852 0.3000 0.4170
26.0000 -6.8689 -4.3741 -2.7241 -2.2631 -1.9850 0.3000 0.4163
27.0000 -6.8854 -4.3737 -2.7245 -2.2633 -1.9849 0.3000 0.4155
28.0000 -6.9027 -4.3722 -2.7244 -2.2632 -1.9845 0.3000 0.4147
29.0000 -6.9171 -4.3711 -2.7241 -2.2628 -1.9841 0.3000 0.4139
30.0000 -6.9254 -4.3694 -2.7235 -2.2621 -1.9837 0.3000 0.4134
31.0000 -6.9357 -4.3672 -2.7227 -2.2612 -1.9830 0.3000 0.4127
32.0000 -6.9471 -4.3641 -2.7215 -2.2599 -1.9821 0.3000 0.4119
33.0000 -6.9495 -4.3616 -2.7205 -2.2590 -1.9816 0.3000 0.4115
34.0000 -6.9555 -4.3564 -2.7183 -2.2573 -1.9805 0.3000 0.4106
35.0000 -6.9592 -4.3521 -2.7165 -2.2558 -1.9797 0.3000 0.4099
36.0000 -6.9596 -4.3479 -2.7142 -2.2541 -1.9788 0.3000 0.4093
37.0000 -6.9560 -4.3425 -2.7108 -2.2520 -1.9778 0.3000 0.4087
38.0000 -6.9535 -4.3368 -2.7070 -2.2498 -1.9766 0.3000 0.4079
39.0000 -6.9535 -4.3335 -2.7048 -2.2485 -1.9758 0.3000 0.4075
40.0000 -6.9530 -4.3266 -2.7007 -2.2461 -1.9745 0.3000 0.4068
41.0000 -6.9528 -4.3176 -2.6954 -2.2431 -1.9729 0.3000 0.4058
42.0000 -6.9536 -4.3113 -2.6916 -2.2410 -1.9719 0.3000 0.4051
43.0000 -6.9542 -4.3073 -2.6893 -2.2396 -1.9711 0.3000 0.4046
44.0000 -6.9552 -4.3009 -2.6854 -2.2373 -1.9701 0.3000 0.4039
45.0000 -6.9553 -4.2972 -2.6832 -2.2360 -1.9695 0.3000 0.4035
46.0000 -6.9571 -4.2925 -2.6808 -2.2345 -1.9690 0.3000 0.4031
47.0000 -6.9601 -4.2892 -2.6794 -2.2337 -1.9687 0.3000 0.4028
48.0000 -6.9659 -4.2862 -2.6783 -2.2332 -1.9686 0.3000 0.4025
49.0000 -6.9736 -4.2845 -2.6779 -2.2332 -1.9686 0.3000 0.4022
50.0000 -6.9816 -4.2834 -2.6777 -2.2335 -1.9687 0.3000 0.4020
51.0000 -6.9921 -4.2830 -2.6779 -2.2340 -1.9690 0.3000 0.4017
52.0000 -7.0128 -4.2835 -2.6788 -2.2351 -1.9698 0.3000 0.4012
53.0000 -7.0307 -4.2857 -2.6801 -2.2364 -1.9707 0.3000 0.4009
54.0000 -7.0396 -4.2872 -2.6813 -2.2371 -1.9713 0.3000 0.4007
55.0000 -7.0546 -4.2893 -2.6833 -2.2383 -1.9724 0.3000 0.4004
56.0000 -7.0791 -4.2931 -2.6864 -2.2401 -1.9741 0.3000 0.4000
57.0000 -7.0882 -4.2946 -2.6876 -2.2410 -1.9748 0.3000 0.3998
58.0000 -7.1068 -4.2977 -2.6901 -2.2427 -1.9762 0.3000 0.3995
59.0000 -7.1230 -4.3007 -2.6923 -2.2442 -1.9774 0.3000 0.3993
60.0000 -7.1490 -4.3053 -2.6957 -2.2467 -1.9791 0.3000 0.3990
61.0000 -7.1608 -4.3075 -2.6974 -2.2479 -1.9800 0.3000 0.3989
62.0000 -7.1826 -4.3114 -2.7007 -2.2501 -1.9815 0.3000 0.3987
63.0000 -7.2194 -4.3179 -2.7064 -2.2536 -1.9840 0.3000 0.3983
64.0000 -7.2411 -4.3217 -2.7099 -2.2556 -1.9855 0.3000 0.3981
65.0000 -7.2649 -4.3259 -2.7137 -2.2578 -1.9872 0.3000 0.3978
66.0000 -7.2751 -4.3278 -2.7155 -2.2588 -1.9880 0.3000 0.3977
67.0000 -7.2913 -4.3309 -2.7183 -2.2604 -1.9893 0.3000 0.3976
68.0000 -7.3167 -4.3363 -2.7228 -2.2630 -1.9915 0.3000 0.3973
# OPTIMIZATION PARAMETERS 
# nelx: 30
# nely: 60
# max buckling: 0.1253
# penalization: 3.0
# initial densities: [1. 1. 1. ... 0. 0. 0.]
# FEA MODEL DATA 
# material: {'Ex': 1, 'Ey': 1, 'NUxy': 0.3}
# loads: {'Val': 0.005, 'direction': 'x', 'dof': array([1859, 1921, 1983], dtype=int64)}
# bc: Left Clamped
# 
