# densities
1.0000
1.0000
1.0000
1.0000
0.8412
0.5287
0.3102
0.1040
0.0056
0.0000
0.0000
0.0000
0.0000
0.0000
0.0000
0.0000
0.0000
0.0000
0.0000
0.0000
0.0000
0.0000
0.0000
0.0000
0.0000
0.0000
0.0000
0.0000
0.0000
0.0000
1.0000
1.0000
1.0000
1.0000
1.0000
0.5704
0.1708
0.0000
0.0000
0.0000
0.0000
0.0000
0.0000
0.0000
0.0000
0.0000
0.0000
0.0000
0.0000
0.0000
0.0000
0.0000
0.0000
0.0000
0.0000
0.0000
0.0000
0.0000
0.0000
0.0000
1.0000
1.0000
1.0000
1.0000
1.0000
1.0000
0.9870
0.5715
0.1527
0.0000
0.0000
0.0000
0.0000
0.0000
0.0000
0.0000
0.0000
0.0000
0.0000
0.0000
0.0000
0.0000
0.0000
0.0000
0.0000
0.0000
0.0000
0.0000
0.0000
0.0000
1.0000
1.0000
1.0000
1.0000
1.0000
1.0000
1.0000
1.0000
0.6354
0.2192
0.0000
0.0000
0.0000
0.0000
0.0000
0.0000
0.0000
0.0000
0.0000
0.0000
0.0000
0.0000
0.0000
0.0000
0.0000
0.0000
0.0000
0.0000
0.0000
0.0000
1.0000
1.0000
1.0000
1.0000
1.0000
1.0000
1.0000
1.0000
0.9997
0.6210
0.2265
0.0000
0.0000
0.0000
0.0000
0.0000
0.0000
0.0000
0.0000
0.0000
0.0000
0.0000
0.0000
0.0000
0.0000
0.0000
0.0000
0.0000
0.0000
0.0000
0.8559
1.0000
1.0000
1.0000
1.0000
1.0000
1.0000
1.0000
1.0000
0.9999
0.6547
0.2662
0.0000
0.0000
0.0000
0.0000
0.0000
0.0000
0.0000
0.0000
0.0000
0.0000
0.0000
0.0000
0.0000
0.0000
0.0000
0.0000
0.0000
0.0000
0.6742
0.7086
0.8410
1.0000
1.0000
1.0000
1.0000
1.0000
1.0000
1.0000
0.9890
0.6698
0.2939
0.0000
0.0000
0.0000
0.0000
0.0000
0.0000
0.0000
0.0000
0.0000
0.0000
0.0000
0.0000
0.0000
0.0000
0.0000
0.0000
0.0000
0.5986
0.5546
0.5208
0.7453
0.9189
1.0000
1.0000
1.0000
1.0000
1.0000
1.0000
0.9624
0.6656
0.3045
0.0000
0.0000
0.0000
0.0000
0.0000
0.0000
0.0000
0.0000
0.0000
0.0000
0.0000
0.0000
0.0000
0.0000
0.0000
0.0000
0.5849
0.5086
0.3047
0.4543
0.5795
0.8100
1.0000
1.0000
1.0000
1.0000
1.0000
0.9884
0.9421
0.6655
0.3139
0.0000
0.0000
0.0000
0.0000
0.0000
0.0000
0.0000
0.0000
0.0000
0.0000
0.0000
0.0000
0.0000
0.0000
0.0000
0.5745
0.5015
0.1702
0.2493
0.3023
0.4992
0.8162
1.0000
1.0000
1.0000
1.0000
1.0000
0.9732
0.9257
0.6660
0.3196
0.0000
0.0000
0.0000
0.0000
0.0000
0.0000
0.0000
0.0000
0.0000
0.0000
0.0000
0.0000
0.0000
0.0000
0.5406
0.5913
0.0706
0.1049
0.0867
0.2256
0.5228
0.7968
1.0000
1.0000
1.0000
1.0000
0.9987
0.9609
0.9118
0.6621
0.3195
0.0000
0.0000
0.0000
0.0000
0.0000
0.0000
0.0000
0.0000
0.0000
0.0000
0.0000
0.0000
0.0000
0.4345
0.5720
0.0618
0.0000
0.0154
0.0000
0.2560
0.5180
0.7855
1.0000
1.0000
1.0000
1.0000
0.9924
0.9512
0.8999
0.6554
0.3146
0.0000
0.0000
0.0000
0.0000
0.0000
0.0000
0.0000
0.0000
0.0000
0.0000
0.0000
0.0000
0.2832
0.4244
0.0305
0.0000
0.0000
0.0000
0.0248
0.2588
0.5173
0.7996
1.0000
1.0000
1.0000
1.0000
0.9884
0.9436
0.8898
0.6467
0.3054
0.0000
0.0000
0.0000
0.0000
0.0000
0.0000
0.0000
0.0000
0.0000
0.0000
0.0000
0.0464
0.1375
0.0000
0.0000
0.0000
0.0000
0.0000
0.0272
0.2613
0.5338
0.8118
1.0000
1.0000
1.0000
1.0000
0.9865
0.9378
0.8812
0.6355
0.2918
0.0009
0.0000
0.0000
0.0000
0.0000
0.0000
0.0000
0.0000
0.0000
0.0000
0.0000
0.0000
0.0000
0.0000
0.0000
0.0000
0.0000
0.0000
0.0267
0.2743
0.5462
0.8221
1.0000
1.0000
1.0000
1.0000
0.9864
0.9335
0.8738
0.6216
0.2731
0.0006
0.0000
0.0000
0.0000
0.0000
0.0000
0.0000
0.0000
0.0000
0.0000
0.0000
0.0000
0.0000
0.0000
0.0000
0.0000
0.0000
0.0000
0.0312
0.2816
0.5551
0.8351
1.0000
1.0000
1.0000
1.0000
0.9879
0.9306
0.8678
0.6036
0.2478
0.0000
0.0000
0.0000
0.0000
0.0000
0.0000
0.0000
0.0000
0.0000
0.0000
0.0000
0.0000
0.0000
0.0000
0.0000
0.0000
0.0000
0.0000
0.0295
0.2841
0.5637
0.8496
1.0000
1.0000
1.0000
1.0000
0.9911
0.9292
0.8627
0.5797
0.2189
0.0000
0.0000
0.0000
0.0000
0.0000
0.0000
0.0000
0.0000
0.0000
0.0000
0.0000
0.0000
0.0000
0.0000
0.0000
0.0000
0.0000
0.0000
0.0219
0.2839
0.5714
0.8650
1.0000
1.0000
1.0000
1.0000
0.9959
0.9288
0.8583
0.5541
0.1857
0.0241
0.0000
0.0000
0.0000
0.0000
0.0000
0.0000
0.0000
0.0000
0.0000
0.0000
0.0000
0.0000
0.0000
0.0000
0.0000
0.0000
0.0000
0.0105
0.2811
0.5780
0.8818
1.0000
1.0000
1.0000
1.0000
1.0000
0.9290
0.8555
0.5257
0.1339
0.0000
0.0000
0.0000
0.0000
0.0000
0.0000
0.0000
0.0000
0.0000
0.0000
0.0000
0.0000
0.0000
0.0000
0.0000
0.0000
0.0000
0.0000
0.0000
0.2758
0.5840
0.8994
1.0000
1.0000
1.0000
1.0000
1.0000
0.9308
0.8561
0.4768
0.0859
0.0000
0.0000
0.0000
0.0000
0.0000
0.0000
0.0000
0.0000
0.0000
0.0000
0.0000
0.0000
0.0000
0.0000
0.0000
0.0000
0.0000
0.0000
0.0000
0.2666
0.5857
0.9166
1.0000
1.0000
1.0000
1.0000
1.0000
0.9351
0.8405
0.4187
0.0663
0.0000
0.0000
0.0000
0.0000
0.0000
0.0000
0.0000
0.0000
0.0000
0.0000
0.0000
0.0000
0.0000
0.0000
0.0000
0.0000
0.0000
0.0000
0.0000
0.2510
0.5848
0.9333
1.0000
1.0000
1.0000
1.0000
1.0000
0.9400
0.7807
0.4120
0.0000
0.0000
0.0000
0.0000
0.0000
0.0000
0.0000
0.0000
0.0000
0.0000
0.0000
0.0000
0.0000
0.0000
0.0000
0.0000
0.0000
0.0000
0.0000
0.0000
0.2298
0.5797
0.9500
1.0000
1.0000
1.0000
1.0000
1.0000
0.9493
0.8597
0.4071
0.0000
0.1673
0.0000
0.0000
0.0000
0.0000
0.0000
0.0000
0.0000
0.0000
0.0000
0.0000
0.0000
0.0000
0.0000
0.0000
0.0000
0.0000
0.0000
0.0000
0.2075
0.5745
0.9670
1.0000
1.0000
1.0000
1.0000
1.0000
1.0000
0.8259
0.0029
0.3694
0.0000
0.0000
0.0000
0.0000
0.0000
0.0000
0.0000
0.0000
0.0000
0.0000
0.0000
0.0000
0.0000
0.0000
0.0000
0.0000
0.0000
0.0000
0.0000
0.1825
0.5669
0.9844
1.0000
1.0000
1.0000
1.0000
1.0000
1.0000
0.2726
0.5794
0.0000
0.0000
0.0000
0.0000
0.0000
0.0000
0.0000
0.0000
0.0000
0.0000
0.0000
0.0000
0.0000
0.0000
0.0000
0.0000
0.0000
0.0000
0.0000
0.0000
0.1562
0.5604
1.0000
1.0000
1.0000
1.0000
1.0000
1.0000
1.0000
0.9723
0.0000
0.0000
0.0000
0.0000
0.0000
0.0000
0.0000
0.0000
0.0000
0.0000
0.0000
0.0000
0.0000
0.0000
0.0000
0.0000
0.0000
0.0000
0.0000
0.0000
0.0000
0.1778
0.5541
1.0000
1.0000
1.0000
1.0000
1.0000
1.0000
1.0000
0.0000
0.0000
0.0000
0.0000
0.0000
0.0000
0.0000
0.0000
0.0000
0.0000
0.0000
0.0000
0.0000
0.0000
0.0000
0.0000
0.0000
0.0000
0.0000
0.0000
0.0000
0.0430
0.2354
0.5544
0.9965
1.0000
1.0000
1.0000
1.0000
1.0000
0.0000
0.0000
0.0000
0.0000
0.0000
0.0000
0.0000
0.0000
0.0000
0.0000
0.0000
0.0000
0.0000
0.0000
0.0000
0.0000
0.0000
0.0000
0.0000
0.0000
0.0000
0.0322
0.1736
0.4186
0.6859
0.9989
1.0000
1.0000
1.0000
1.0000
0.0000
0.0000
0.0000
0.0000
0.0000
0.0000
0.0000
0.0000
0.0000
0.0000
0.0000
0.0000
0.0000
0.0000
0.0000
0.0000
0.0000
0.0000
0.0000
0.0000
0.0000
0.0369
0.1222
0.4228
0.6498
0.8885
1.0000
1.0000
1.0000
1.0000
0.0000
0.0000
0.0000
0.0000
0.0000
0.0000
0.0000
0.0000
0.0000
0.0000
0.0000
0.0000
0.0000
0.0000
0.0000
0.0000
0.0000
0.0000
0.0000
0.0000
0.0000
0.0369
0.1222
0.4228
0.6498
0.8885
1.0000
1.0000
1.0000
1.0000
0.0000
0.0000
0.0000
0.0000
0.0000
0.0000
0.0000
0.0000
0.0000
0.0000
0.0000
0.0000
0.0000
0.0000
0.0000
0.0000
0.0000
0.0000
0.0000
0.0000
0.0000
0.0322
0.1736
0.4186
0.6859
0.9989
1.0000
1.0000
1.0000
1.0000
0.0000
0.0000
0.0000
0.0000
0.0000
0.0000
0.0000
0.0000
0.0000
0.0000
0.0000
0.0000
0.0000
0.0000
0.0000
0.0000
0.0000
0.0000
0.0000
0.0000
0.0000
0.0430
0.2354
0.5544
0.9965
1.0000
1.0000
1.0000
1.0000
1.0000
0.0000
0.0000
0.0000
0.0000
0.0000
0.0000
0.0000
0.0000
0.0000
0.0000
0.0000
0.0000
0.0000
0.0000
0.0000
0.0000
0.0000
0.0000
0.0000
0.0000
0.0000
0.1778
0.5541
1.0000
1.0000
1.0000
1.0000
1.0000
1.0000
1.0000
0.0000
0.0000
0.0000
0.0000
0.0000
0.0000
0.0000
0.0000
0.0000
0.0000
0.0000
0.0000
0.0000
0.0000
0.0000
0.0000
0.0000
0.0000
0.0000
0.0000
0.1562
0.5604
1.0000
1.0000
1.0000
1.0000
1.0000
1.0000
1.0000
0.9723
0.0000
0.0000
0.0000
0.0000
0.0000
0.0000
0.0000
0.0000
0.0000
0.0000
0.0000
0.0000
0.0000
0.0000
0.0000
0.0000
0.0000
0.0000
0.0000
0.1825
0.5669
0.9844
1.0000
1.0000
1.0000
1.0000
1.0000
1.0000
0.2726
0.5794
0.0000
0.0000
0.0000
0.0000
0.0000
0.0000
0.0000
0.0000
0.0000
0.0000
0.0000
0.0000
0.0000
0.0000
0.0000
0.0000
0.0000
0.0000
0.2075
0.5745
0.9670
1.0000
1.0000
1.0000
1.0000
1.0000
1.0000
0.8259
0.0029
0.3694
0.0000
0.0000
0.0000
0.0000
0.0000
0.0000
0.0000
0.0000
0.0000
0.0000
0.0000
0.0000
0.0000
0.0000
0.0000
0.0000
0.0000
0.2298
0.5797
0.9500
1.0000
1.0000
1.0000
1.0000
1.0000
0.9493
0.8597
0.4071
0.0000
0.1673
0.0000
0.0000
0.0000
0.0000
0.0000
0.0000
0.0000
0.0000
0.0000
0.0000
0.0000
0.0000
0.0000
0.0000
0.0000
0.0000
0.2510
0.5848
0.9333
1.0000
1.0000
1.0000
1.0000
1.0000
0.9400
0.7807
0.4120
0.0000
0.0000
0.0000
0.0000
0.0000
0.0000
0.0000
0.0000
0.0000
0.0000
0.0000
0.0000
0.0000
0.0000
0.0000
0.0000
0.0000
0.0000
0.2666
0.5857
0.9166
1.0000
1.0000
1.0000
1.0000
1.0000
0.9351
0.8405
0.4187
0.0663
0.0000
0.0000
0.0000
0.0000
0.0000
0.0000
0.0000
0.0000
0.0000
0.0000
0.0000
0.0000
0.0000
0.0000
0.0000
0.0000
0.0000
0.2758
0.5840
0.8994
1.0000
1.0000
1.0000
1.0000
1.0000
0.9308
0.8561
0.4768
0.0859
0.0000
0.0000
0.0000
0.0000
0.0000
0.0000
0.0000
0.0000
0.0000
0.0000
0.0000
0.0000
0.0000
0.0000
0.0000
0.0000
0.0105
0.2811
0.5780
0.8818
1.0000
1.0000
1.0000
1.0000
1.0000
0.9290
0.8555
0.5257
0.1339
0.0000
0.0000
0.0000
0.0000
0.0000
0.0000
0.0000
0.0000
0.0000
0.0000
0.0000
0.0000
0.0000
0.0000
0.0000
0.0000
0.0219
0.2839
0.5714
0.8650
1.0000
1.0000
1.0000
1.0000
0.9959
0.9288
0.8583
0.5541
0.1857
0.0241
0.0000
0.0000
0.0000
0.0000
0.0000
0.0000
0.0000
0.0000
0.0000
0.0000
0.0000
0.0000
0.0000
0.0000
0.0000
0.0295
0.2841
0.5637
0.8496
1.0000
1.0000
1.0000
1.0000
0.9911
0.9292
0.8627
0.5797
0.2189
0.0000
0.0000
0.0000
0.0000
0.0000
0.0000
0.0000
0.0000
0.0000
0.0000
0.0000
0.0000
0.0000
0.0000
0.0000
0.0000
0.0312
0.2816
0.5551
0.8351
1.0000
1.0000
1.0000
1.0000
0.9879
0.9306
0.8678
0.6036
0.2478
0.0000
0.0000
0.0000
0.0000
0.0000
0.0000
0.0000
0.0000
0.0000
0.0000
0.0000
0.0000
0.0000
0.0000
0.0000
0.0000
0.0267
0.2743
0.5462
0.8221
1.0000
1.0000
1.0000
1.0000
0.9864
0.9335
0.8738
0.6216
0.2731
0.0006
0.0000
0.0000
0.0000
0.0000
0.0000
0.0000
0.0000
0.0000
0.0464
0.1375
0.0000
0.0000
0.0000
0.0000
0.0000
0.0272
0.2613
0.5338
0.8118
1.0000
1.0000
1.0000
1.0000
0.9865
0.9378
0.8812
0.6355
0.2918
0.0009
0.0000
0.0000
0.0000
0.0000
0.0000
0.0000
0.0000
0.0000
0.0000
0.2832
0.4244
0.0305
0.0000
0.0000
0.0000
0.0248
0.2588
0.5173
0.7996
1.0000
1.0000
1.0000
1.0000
0.9884
0.9436
0.8898
0.6467
0.3054
0.0000
0.0000
0.0000
0.0000
0.0000
0.0000
0.0000
0.0000
0.0000
0.0000
0.0000
0.4345
0.5720
0.0618
0.0000
0.0154
0.0000
0.2560
0.5180
0.7855
1.0000
1.0000
1.0000
1.0000
0.9924
0.9512
0.8999
0.6554
0.3146
0.0000
0.0000
0.0000
0.0000
0.0000
0.0000
0.0000
0.0000
0.0000
0.0000
0.0000
0.0000
0.5406
0.5913
0.0706
0.1049
0.0867
0.2256
0.5228
0.7968
1.0000
1.0000
1.0000
1.0000
0.9987
0.9609
0.9118
0.6621
0.3195
0.0000
0.0000
0.0000
0.0000
0.0000
0.0000
0.0000
0.0000
0.0000
0.0000
0.0000
0.0000
0.0000
0.5745
0.5015
0.1702
0.2493
0.3023
0.4992
0.8162
1.0000
1.0000
1.0000
1.0000
1.0000
0.9732
0.9257
0.6660
0.3196
0.0000
0.0000
0.0000
0.0000
0.0000
0.0000
0.0000
0.0000
0.0000
0.0000
0.0000
0.0000
0.0000
0.0000
0.5849
0.5086
0.3047
0.4543
0.5795
0.8100
1.0000
1.0000
1.0000
1.0000
1.0000
0.9884
0.9421
0.6655
0.3139
0.0000
0.0000
0.0000
0.0000
0.0000
0.0000
0.0000
0.0000
0.0000
0.0000
0.0000
0.0000
0.0000
0.0000
0.0000
0.5986
0.5546
0.5208
0.7453
0.9189
1.0000
1.0000
1.0000
1.0000
1.0000
1.0000
0.9624
0.6656
0.3045
0.0000
0.0000
0.0000
0.0000
0.0000
0.0000
0.0000
0.0000
0.0000
0.0000
0.0000
0.0000
0.0000
0.0000
0.0000
0.0000
0.6742
0.7086
0.8410
1.0000
1.0000
1.0000
1.0000
1.0000
1.0000
1.0000
0.9890
0.6698
0.2939
0.0000
0.0000
0.0000
0.0000
0.0000
0.0000
0.0000
0.0000
0.0000
0.0000
0.0000
0.0000
0.0000
0.0000
0.0000
0.0000
0.0000
0.8559
1.0000
1.0000
1.0000
1.0000
1.0000
1.0000
1.0000
1.0000
0.9999
0.6547
0.2662
0.0000
0.0000
0.0000
0.0000
0.0000
0.0000
0.0000
0.0000
0.0000
0.0000
0.0000
0.0000
0.0000
0.0000
0.0000
0.0000
0.0000
0.0000
1.0000
1.0000
1.0000
1.0000
1.0000
1.0000
1.0000
1.0000
0.9997
0.6210
0.2265
0.0000
0.0000
0.0000
0.0000
0.0000
0.0000
0.0000
0.0000
0.0000
0.0000
0.0000
0.0000
0.0000
0.0000
0.0000
0.0000
0.0000
0.0000
0.0000
1.0000
1.0000
1.0000
1.0000
1.0000
1.0000
1.0000
1.0000
0.6354
0.2192
0.0000
0.0000
0.0000
0.0000
0.0000
0.0000
0.0000
0.0000
0.0000
0.0000
0.0000
0.0000
0.0000
0.0000
0.0000
0.0000
0.0000
0.0000
0.0000
0.0000
1.0000
1.0000
1.0000
1.0000
1.0000
1.0000
0.9870
0.5715
0.1527
0.0000
0.0000
0.0000
0.0000
0.0000
0.0000
0.0000
0.0000
0.0000
0.0000
0.0000
0.0000
0.0000
0.0000
0.0000
0.0000
0.0000
0.0000
0.0000
0.0000
0.0000
1.0000
1.0000
1.0000
1.0000
1.0000
0.5704
0.1708
0.0000
0.0000
0.0000
0.0000
0.0000
0.0000
0.0000
0.0000
0.0000
0.0000
0.0000
0.0000
0.0000
0.0000
0.0000
0.0000
0.0000
0.0000
0.0000
0.0000
0.0000
0.0000
0.0000
1.0000
1.0000
1.0000
1.0000
0.8412
0.5287
0.3102
0.1040
0.0056
0.0000
0.0000
0.0000
0.0000
0.0000
0.0000
0.0000
0.0000
0.0000
0.0000
0.0000
0.0000
0.0000
0.0000
0.0000
0.0000
0.0000
0.0000
0.0000
0.0000
0.0000
# OPTIMIZATION PARAMETERS 
# nelx: 30
# nely: 60
# max buckling: 0.0
# penalization: 1.484
# initial densities: [1. 1. 1. ... 0. 0. 0.]
# FEA MODEL DATA 
# material: {'Ex': 0.2, 'Ey': 1, 'NUxy': 0.3}
# loads: {'Val': 0.005, 'direction': 'x', 'dof': array([1859, 1921, 1983], dtype=int64)}
# bc: Left Clamped
# 
