9.999999999999997780e-01
9.999999999999998890e-01
1.000000000000000000e+00
1.000000000000000000e+00
1.000000000000000000e+00
9.999999999999996669e-01
9.854586794410530315e-01
9.669638123524052498e-01
9.519050475693995317e-01
9.392890189438891646e-01
9.283520929475542749e-01
9.186504733987652660e-01
9.098727984887449161e-01
9.017869737996970780e-01
8.942186815532390254e-01
8.870351015984723198e-01
8.801336434338744574e-01
8.734344977923313991e-01
8.668759899966806959e-01
8.604094517420600718e-01
8.539977749333634849e-01
8.476115660413698905e-01
8.412288685367124152e-01
8.348328438480528968e-01
8.284112511656021027e-01
8.219559793370787570e-01
8.154607498964548951e-01
8.089226460137389774e-01
8.023395644103938906e-01
7.957115841038105986e-01
7.890401897490448846e-01
7.823275626281085415e-01
7.755769520007921303e-01
7.687917326214019909e-01
7.619753902642049104e-01
7.551328007237162465e-01
7.482676540270969401e-01
7.413847844987562219e-01
7.344883158421549041e-01
7.275828184483676964e-01
7.206727284619459661e-01
7.137622873741361618e-01
7.068560131027582516e-01
6.999570360895340793e-01
6.930703076469839630e-01
6.861983427105577960e-01
6.793446391921134087e-01
6.725122401095930957e-01
6.657038999399456092e-01
6.589222988841265671e-01
6.521699689333275707e-01
6.454492503389117619e-01
6.387619783368785331e-01
6.321100230720023694e-01
6.254949657909885108e-01
6.189189151292112667e-01
6.123838773866038254e-01
6.058916408791300556e-01
5.994451490819362460e-01
5.930474206700026008e-01
5.867015432072743009e-01
5.804128136432044061e-01
5.741868114821988556e-01
5.680318378207518393e-01
5.619573174310332764e-01
5.559746928424615930e-01
5.500991446166111354e-01
5.443472854432087615e-01
5.387408893699463519e-01
5.333042597151995690e-01
5.280653125319155761e-01
5.230553313546155714e-01
5.183077898060757249e-01
5.138574909000075408e-01
5.097397247308063095e-01
5.059875956049346701e-01
5.026303146845036984e-01
4.996905065858962547e-01
4.971803590386685845e-01
4.951000023765073643e-01
4.934354059805639570e-01
4.921573203046198941e-01
4.912229627982213076e-01
4.905786204254316551e-01
4.901644234425373559e-01
4.899203953476671258e-01
4.897959431503042249e-01
4.897373747347402717e-01
3.984627266119845634e-01
5.945961718895493853e-01
9.999999999999997780e-01
1.000000000000000000e+00
9.999999999999998890e-01
9.999999999999996669e-01
1.000000000000000000e+00
9.999999999999998890e-01
9.999999999999998890e-01
1.000000000000000000e+00
9.984105421923098467e-01
9.784846745206136065e-01
9.611072229228617703e-01
9.456326322265931061e-01
9.315956071713122899e-01
9.186451421067587386e-01
9.065144429941307536e-01
8.949982573726675827e-01
8.839373428772485664e-01
8.732071249429986803e-01
8.627104201306960984e-01
8.523711156556817992e-01
8.421300612427017329e-01
8.319408257874182366e-01
8.217681500149576213e-01
8.115852245688075506e-01
8.013723066229866410e-01
7.911158901245199937e-01
7.808059623973619967e-01
7.704368274243859060e-01
7.600054678028204114e-01
7.495113550172212147e-01
7.389564533906040067e-01
7.283442415936693948e-01
7.176791819653853821e-01
7.069663197050768400e-01
6.962113684054560547e-01
6.854212002414863392e-01
6.746022557940341002e-01
6.637615764846165334e-01
6.529055467988384986e-01
6.420420219170266396e-01
6.311772347154486207e-01
6.203179945990553446e-01
6.094714382778184669e-01
5.986432092016235051e-01
5.878402342744762921e-01
5.770671213982840886e-01
5.663297606488146840e-01
5.556327513758368974e-01
5.449807025497147572e-01
5.343779258444617541e-01
5.238289341450916847e-01
5.133373768645886903e-01
5.029066526646440716e-01
4.925401396507144147e-01
4.822404972230949771e-01
4.720110657855169922e-01
4.618553147926986457e-01
4.517770084969167654e-01
4.417805825196806646e-01
4.318708452583011614e-01
4.220530073167762519e-01
4.123349601716139179e-01
4.027258611313698777e-01
3.932377479596098069e-01
3.838853371159477446e-01
3.746854019204636232e-01
3.656599205252728524e-01
3.568340384039394575e-01
3.482388505310233251e-01
3.399096145316444217e-01
3.318865868781472606e-01
3.242145896216090395e-01
3.169410996450827134e-01
3.101148113347901858e-01
3.037849934689654807e-01
2.979977648420722436e-01
2.927933491805808086e-01
2.882020461563918334e-01
2.842402658455694953e-01
2.809074791015057082e-01
2.781842731042783456e-01
2.760313595695585986e-01
2.743926375296878994e-01
2.731982554702246935e-01
2.723710762709455890e-01
2.718317887867461868e-01
2.715193403649475146e-01
2.713367633743921647e-01
1.303829798156132536e-01
3.984627413453730171e-01
9.094091228632227297e-01
1.000000000000000000e+00
9.984491647292207395e-01
1.000000000000000000e+00
9.770691893696501484e-01
9.500525853755068528e-01
9.281694156299046261e-01
9.084619786889481796e-01
8.915610977812318261e-01
8.769426575806624768e-01
8.640386109339571741e-01
8.524736573017945851e-01
8.419572905507988203e-01
8.322617282262338989e-01
8.232084629239366791e-01
8.146570839452054180e-01
8.064965042954337360e-01
7.986382370821029086e-01
7.910111976363879416e-01
7.835591834441706371e-01
7.762367973600298177e-01
7.690080370039584778e-01
7.618438316176112668e-01
7.547211313636383867e-01
7.476217444260533362e-01
7.405318121731208070e-01
7.334406708433071076e-01
7.263402813447243922e-01
7.192248597045693970e-01
7.120902219511626718e-01
7.049337285386980678e-01
6.977548262677497615e-01
6.905532177469286825e-01
6.833298781724206350e-01
6.760861274091193307e-01
6.688234618909946194e-01
6.615447363763968802e-01
6.542524991652749478e-01
6.469493080841905996e-01
6.396391000581779229e-01
6.323248021458925949e-01
6.250094943458111008e-01
6.176965253891772978e-01
6.103887435684051121e-01
6.030905056193099911e-01
5.958047807686897013e-01
5.885348063390292150e-01
5.812832753661113516e-01
5.740531282757450615e-01
5.668471230256927340e-01
5.596687486882363505e-01
5.525205939992930970e-01
5.454053261707018097e-01
5.383258229085867708e-01
5.312841508091638021e-01
5.242835872832078969e-01
5.173265717352292237e-01
5.104166541155786829e-01
5.035572051350797329e-01
4.967528771778332852e-01
4.900080575809732109e-01
4.833282239468895680e-01
4.767205140159334054e-01
4.701925437490112603e-01
4.637548151429277676e-01
4.574184150517042191e-01
4.511972912692228110e-01
4.451073407194527376e-01
4.391670645124617911e-01
4.333979133797155603e-01
4.278232683417330096e-01
4.224697333639101937e-01
4.173645247028930916e-01
4.125353510025753234e-01
4.080094929595200481e-01
4.038113802057530233e-01
3.999628821728253292e-01
3.964804513817022924e-01
3.933740518004307796e-01
3.906463939973488508e-01
3.882920794248450602e-01
3.862988438670421076e-01
3.846498379735890927e-01
3.833244179613350400e-01
3.822998496893455500e-01
3.815472907364170219e-01
3.810693729173965649e-01
3.807416193319834719e-01
2.713386788139317551e-01
4.897377250552372718e-01
7.453919372415360733e-01
7.634211836870923307e-01
8.055395643137603923e-01
8.535905398868198768e-01
8.308401675322387714e-01
8.215145303512916275e-01
8.114033406625529299e-01
7.995665229466131230e-01
7.882097821212473709e-01
7.776473126916910728e-01
7.678516478681992607e-01
7.587662433734803091e-01
7.503045817296032372e-01
7.423746476201003031e-01
7.348904076836442201e-01
7.277758818712761757e-01
7.209653895419074754e-01
7.144034220926419598e-01
7.080425792046769473e-01
7.018437779450353853e-01
6.957742337383302500e-01
6.898070450562242550e-01
6.839194861935081748e-01
6.780927630177701060e-01
6.723116697428391797e-01
6.665636395969933847e-01
6.608386948326695487e-01
6.551288149304190789e-01
6.494279127484604563e-01
6.437308157501947514e-01
6.380337127319277712e-01
6.323342068508106539e-01
6.266305736415777039e-01
6.209220889304395419e-01
6.152084857233701687e-01
6.094894054024841967e-01
6.037659982849878926e-01
5.980391704591111468e-01
5.923102647279452349e-01
5.865813089265226044e-01
5.808540322849951032e-01
5.751302098967766563e-01
5.694117629051617113e-01
5.637007519225523122e-01
5.579999903529152538e-01
5.523124523003363207e-01
5.466401665267972554e-01
5.409857003447815504e-01
5.353513908597457016e-01
5.297394411015405868e-01
5.241530079888652160e-01
5.185947503507131184e-01
5.130674417791921682e-01
5.075741110899704145e-01
5.021169250283238350e-01
4.966991615942835669e-01
4.913230158952776039e-01
4.859925706181341676e-01
4.807108402445950390e-01
4.754822272517628123e-01
4.703107982642230622e-01
4.652004142447213608e-01
4.601566461876988590e-01
4.551849209879953451e-01
4.502922320425076785e-01
4.454858999211158688e-01
4.407741768632440493e-01
4.361661507618013744e-01
4.316716409882364047e-01
4.273017626432655258e-01
4.230676935426759266e-01
4.189824141376386479e-01
4.150577814814156996e-01
4.113049552138858811e-01
4.077345131691703650e-01
4.043542124117198711e-01
4.011715950793162677e-01
3.981918841020581357e-01
3.954191020247322386e-01
3.928574990088501417e-01
3.905113251211361769e-01
3.883881115162379771e-01
3.865000180152189380e-01
3.848627035722425593e-01
3.834932893981298774e-01
3.824016890520766099e-01
3.816599706469154252e-01
3.810811768176808334e-01
2.715302300562278948e-01
4.897986429774769945e-01
6.715328027664647648e-01
6.323067042548027317e-01
6.881762407316367458e-01
7.367681869848264897e-01
7.289335107168345429e-01
7.337064265766897186e-01
7.340170172871695042e-01
7.298835856939029920e-01
7.241132413899463716e-01
7.176626076270211652e-01
7.109808278763262157e-01
7.043184219773359622e-01
6.977968845718667268e-01
6.914669008272719131e-01
6.853417799658755305e-01
6.794159228646362569e-01
6.736736968785972390e-01
6.680960673994137400e-01
6.626623618156030071e-01
6.573527724560902508e-01
6.521490739618394095e-01
6.470345155458787634e-01
6.419944847289924539e-01
6.370156704191117791e-01
6.320866043917779953e-01
6.271975462117563849e-01
6.223399230996904397e-01
6.175067518133701139e-01
6.126923026284635254e-01
6.078913592315632330e-01
6.030996823367839044e-01
5.983141443344733856e-01
5.935321493111025415e-01
5.887520913413702983e-01
5.839722685715490469e-01
5.791916051055837622e-01
5.744100954142669080e-01
5.696274204443626532e-01
5.648440518756051576e-01
5.600604174889273201e-01
5.552779571883093013e-01
5.504971575569977960e-01
5.457194123956372600e-01
5.409458879093650419e-01
5.361782189378804242e-01
5.314192400301906982e-01
5.266703678863701166e-01
5.219339937169343857e-01
5.172119545195252854e-01
5.125063773916869181e-01
5.078197855416853868e-01
5.031548961175111856e-01
4.985144949655831992e-01
4.939016320436312446e-01
4.893187393039812871e-01
4.847689521652042144e-01
4.802542583239888807e-01
4.757790425564834558e-01
4.713461006899213324e-01
4.669595410281409120e-01
4.626228435898153135e-01
4.583393713060363583e-01
4.541130268633451483e-01
4.499482979675954453e-01
4.458496077673961278e-01
4.418220260892066764e-01
4.378705904898351764e-01
4.340002291467260354e-01
4.302157652123853038e-01
4.265222378734980224e-01
4.229244140569052290e-01
4.194272259816543835e-01
4.160349206067619487e-01
4.127498606304683126e-01
4.095740652257144898e-01
4.065083944411748695e-01
4.035533233970330369e-01
4.007105044868947696e-01
3.979828137546757572e-01
3.953774001053899645e-01
3.929061459871630579e-01
3.905880431335337355e-01
3.884503751769516899e-01
3.865261755858105386e-01
3.848490041333375578e-01
3.834443805067876965e-01
3.824579626679822653e-01
3.815986576987021039e-01
2.718707910640374981e-01
4.899322382081260918e-01
6.279425197742507514e-01
5.439743360600151068e-01
6.022818794909974294e-01
6.392867749222315155e-01
6.373567730351316074e-01
6.476749528262812916e-01
6.531846264191312201e-01
6.541501060360576103e-01
6.527137245850581637e-01
6.498340377721556482e-01
6.460954470151339946e-01
6.418769578849591317e-01
6.374129277788993519e-01
6.328455651319776498e-01
6.282595641608941239e-01
6.237043022392759761e-01
6.192062803504395641e-01
6.147785754105198341e-01
6.104254080105087077e-01
6.061457802647816084e-01
6.019362746301354372e-01
5.977910208565241357e-01
5.937041602856456546e-01
5.896689917568787020e-01
5.856789677260993976e-01
5.817281990353548871e-01
5.778107019362995755e-01
5.739214351070243136e-01
5.700559359540907645e-01
5.662098868050048361e-01
5.623795884655808930e-01
5.585620988845436674e-01
5.547546274138741573e-01
5.509552462838414044e-01
5.471619585554237108e-01
5.433731599615382324e-01
5.395882639803480929e-01
5.358065389910243725e-01
5.320277370554520324e-01
5.282514640194441169e-01
5.244785398327617143e-01
5.207091659615521451e-01
5.169442287098026112e-01
5.131843116828435081e-01
5.094305195635852046e-01
5.056849975331653146e-01
5.019493017225731268e-01
4.982252062405169712e-01
4.945148046880762371e-01
4.908197729350329830e-01
4.871426063200769430e-01
4.834856333005669859e-01
4.798518419366069043e-01
4.762444461582530653e-01
4.726659042451062942e-01
4.691195313712789305e-01
4.656073460822100496e-01
4.621333667544064161e-01
4.587007082001062774e-01
4.553130205424432142e-01
4.519734124871165326e-01
4.486848222263459252e-01
4.454494915856975212e-01
4.422706781069802306e-01
4.391505527398117392e-01
4.360914066266644573e-01
4.330946960833372272e-01
4.301608937011627831e-01
4.272892539616540142e-01
4.244777825006064154e-01
4.217238520908629384e-01
4.190222853340846432e-01
4.163677572422537221e-01
4.137515778552483536e-01
4.111638409332240007e-01
4.085957159009382389e-01
4.060367249746142382e-01
4.034817382811843323e-01
4.009289712782592718e-01
3.983844599512960105e-01
3.958647498059970071e-01
3.933979710911136296e-01
3.910253229626252658e-01
3.887974673460771746e-01
3.867667291861002221e-01
3.849792114428188805e-01
3.836771394152745374e-01
3.824437049130010036e-01
2.724799075339856547e-01
4.902028258443375530e-01
5.965964605003474253e-01
4.802227851613823928e-01
5.448870685244849854e-01
5.713321703051723599e-01
5.704253997932869913e-01
5.805636049572056034e-01
5.876131521437585326e-01
5.911495777771808013e-01
5.923997461806257414e-01
5.920311670887344890e-01
5.905456391837785590e-01
5.883137601674263140e-01
5.855954383513346517e-01
5.825693700225217375e-01
5.793569142957095686e-01
5.760400663347313710e-01
5.726734094471207515e-01
5.692928517042807890e-01
5.659214819212801117e-01
5.625734223270379974e-01
5.592571933658442296e-01
5.559767682497132046e-01
5.527337149849967934e-01
5.495275006127188222e-01
5.463566078248188740e-01
5.432187023143419946e-01
5.401108571283355086e-01
5.370300445737904438e-01
5.339734112142620059e-01
5.309379777532610145e-01
5.279209522926432419e-01
5.249199735931133759e-01
5.219327459458046325e-01
5.189571524581422235e-01
5.159914603588954263e-01
5.130338758711805447e-01
5.100835644390637746e-01
5.071397140011318916e-01
5.042015807258292126e-01
5.012687003163202037e-01
4.983411422717979322e-01
4.954191246236627211e-01
4.925032972749133209e-01
4.895938498007496031e-01
4.866918144762419907e-01
4.837984209443261241e-01
4.809156093727572912e-01
4.780444662253764965e-01
4.751875389120883142e-01
4.723460206754361290e-01
4.695227421278848623e-01
4.667197445674490242e-01
4.639396497439404188e-01
4.611861230334728945e-01
4.584614572471741312e-01
4.557694026842583623e-01
4.531120905060573301e-01
4.504930783366622449e-01
4.479158167990525685e-01
4.453835429103775723e-01
4.428992328412559298e-01
4.404654719177332201e-01
4.380837560756544735e-01
4.357558311843712229e-01
4.334823780742503851e-01
4.312634326245927130e-01
4.290977305622001303e-01
4.269823653708267330e-01
4.249120807940785505e-01
4.228791318553427603e-01
4.208748857908741758e-01
4.188862569304083183e-01
4.168994018775045163e-01
4.148963133434540596e-01
4.128568768976380032e-01
4.107633059255794139e-01
4.085955525217546680e-01
4.063411002981257014e-01
4.039923290788207666e-01
4.015519822974080721e-01
3.990367856751481646e-01
3.964788636523504661e-01
3.939262754280145051e-01
3.914400234345728480e-01
3.890841255157240219e-01
3.869198020080629741e-01
3.852945264316578466e-01
3.836530789613419312e-01
2.734564900226943984e-01
4.906811071032443627e-01
5.717328748189303145e-01
4.303509861641560685e-01
5.031141172899856739e-01
5.217490789452711164e-01
5.207351287278155771e-01
5.290774806798322905e-01
5.356273727737079771e-01
5.398758650190066399e-01
5.423495782967691081e-01
5.434067298474064556e-01
5.433821636692715007e-01
5.425606637618429762e-01
5.411657603980412068e-01
5.393663324513963131e-01
5.372874776828038268e-01
5.350204770156814504e-01
5.326315978219197111e-01
5.301680085384432584e-01
5.276636198194261107e-01
5.251419889071781144e-01
5.226194942079449568e-01
5.201071818341559405e-01
5.176120914660435890e-01
5.151384319909458886e-01
5.126887165412090663e-01
5.102636743130711805e-01
5.078630991952765017e-01
5.054859509845978094e-01
5.031307029649296769e-01
5.007958421269214089e-01
4.984795384712639166e-01
4.961799656911778378e-01
4.938957539818182862e-01
4.916248115068609925e-01
4.893658173482722806e-01
4.871171249468582154e-01
4.848776685358439642e-01
4.826469655738714337e-01
4.804237857711392556e-01
4.782080043812566572e-01
4.759991890024976580e-01
4.737974619376639218e-01
4.716032338796468659e-01
4.694165762587676483e-01
4.672384871219832925e-01
4.650698678225594906e-01
4.629125443894243075e-01
4.607673094216443443e-01
4.586366009279582712e-01
4.565217834903223526e-01
4.544254601580696717e-01
4.523498362583933674e-01
4.502971283992803220e-01
4.482711691285878319e-01
4.462742142392459033e-01
4.443102454778212196e-01
4.423814702349421757e-01
4.404913583023740697e-01
4.386432281505884268e-01
4.368403308885757674e-01
4.350855199361475800e-01
4.333811247138413814e-01
4.317286366215630222e-01
4.301285226141820517e-01
4.285808153015686628e-01
4.270837563744188659e-01
4.256345671853389856e-01
4.242276196967644797e-01
4.228550951773453748e-01
4.215050923179971543e-01
4.201643077452608677e-01
4.188143173230906013e-01
4.174343328437585821e-01
4.159992689753328476e-01
4.144806685493663823e-01
4.128525378776894961e-01
4.110868515900587550e-01
4.091629277580958179e-01
4.070657296252989110e-01
4.047918052231394004e-01
4.023533810427317725e-01
3.997804358282527337e-01
3.971217447748083829e-01
3.944405544754808757e-01
3.918068123050486018e-01
3.892933227465209534e-01
3.873546472712228739e-01
3.853073402861011409e-01
2.749378202640725966e-01
4.914600794694800046e-01
5.515305318209412500e-01
3.901870538212500183e-01
4.712908581989270762e-01
4.842180594571113827e-01
4.832801367091743572e-01
4.896613547372745123e-01
4.950803442723694658e-01
4.990923258267855878e-01
5.018734412584026083e-01
5.035676190619307047e-01
5.043595960483630014e-01
5.044345646322365706e-01
5.039562194360333036e-01
5.030601241036775084e-01
5.018547704202906967e-01
5.004246248754681270e-01
4.988350163870029497e-01
4.971350904606430254e-01
4.953622797521897714e-01
4.935442755739770648e-01
4.917014262032235461e-01
4.898488415372215798e-01
4.879969198958457599e-01
4.861531055814459212e-01
4.843225542376609072e-01
4.825083076620210742e-01
4.807122218835046534e-01
4.789348941567294626e-01
4.771761040089629868e-01
4.754353630572167311e-01
4.737119614287771396e-01
4.720044252266439311e-01
4.703122110882101414e-01
4.686336922806482730e-01
4.669679303146650473e-01
4.653136504452505817e-01
4.636694929236749863e-01
4.620353231860038212e-01
4.604099081758048495e-01
4.587931018452087173e-01
4.571845485521988106e-01
4.555842348703793565e-01
4.539923006001937433e-01
4.524089833302984975e-01
4.508348762384229991e-01
4.492711533267195190e-01
4.477190971864326019e-01
4.461797503040659807e-01
4.446548656555964762e-01
4.431461881588225626e-01
4.416560391132555163e-01
4.401866549684244068e-01
4.387403315785866620e-01
4.373204294707298545e-01
4.359292734544037984e-01
4.345709694178577220e-01
4.332478253450514072e-01
4.319634546286762466e-01
4.307208359253777985e-01
4.295232738166295805e-01
4.283737089518048213e-01
4.272745880659603590e-01
4.262273462900794119e-01
4.252323381496709853e-01
4.242889671217683900e-01
4.233950012413741915e-01
4.225469211793783653e-01
4.217380344553708360e-01
4.209590441174091424e-01
4.201960027616952753e-01
4.194328665227948227e-01
4.186482260249603793e-01
4.178165292765993466e-01
4.169080718884945469e-01
4.158879186551732166e-01
4.147232571056926886e-01
4.133790768264483106e-01
4.118258576511441560e-01
4.100395692957251037e-01
4.080074516783256389e-01
4.057328642868611723e-01
4.032373274423186604e-01
4.005639087555637468e-01
3.977705236287642498e-01
3.949288931394321911e-01
3.921202121111496686e-01
3.899011451188004740e-01
3.874947078388905619e-01
2.770841926003720368e-01
4.926498396317408601e-01
5.352078674743127040e-01
3.578544519208797792e-01
4.466094623974922184e-01
4.553207457160337590e-01
4.547356582024137950e-01
4.594480431870167081e-01
4.636739807671699798e-01
4.670839641261539388e-01
4.696940722385457567e-01
4.715358637288896704e-01
4.726920893744198660e-01
4.732675134792593830e-01
4.733680507499282708e-01
4.730905656090279576e-01
4.725185795417262691e-01
4.717215076947341434e-01
4.707559447786838769e-01
4.696667217326422339e-01
4.684894693002762400e-01
4.672517328832153649e-01
4.659747240377646316e-01
4.646747588711021004e-01
4.633638284592626055e-01
4.620509103138870644e-01
4.607425667503963207e-01
4.594434235164603919e-01
4.581564816273641649e-01
4.568836144326572923e-01
4.556255891874024244e-01
4.543827446537462844e-01
4.531551309979225395e-01
4.519418566745196930e-01
4.507428130088695917e-01
4.495569443050516090e-01
4.483835071233588376e-01
4.472218812623556250e-01
4.460706465095650164e-01
4.449296627345386557e-01
4.437981109112329459e-01
4.426755458408436761e-01
4.415620306098455017e-01
4.404573700050898322e-01
4.393614783774170141e-01
4.382748096259448944e-01
4.371974924949091346e-01
4.361310557443212055e-01
4.350762161322897503e-01
4.340343405976576641e-01
4.330065584404900747e-01
4.319946927678181003e-01
4.310008101454329554e-01
4.300272393452908570e-01
4.290759658167099810e-01
4.281503953091125303e-01
4.272523129240632933e-01
4.263862652100493533e-01
4.255540383107154212e-01
4.247599027949305883e-01
4.240062477022826237e-01
4.232966745288835320e-01
4.226339722662066922e-01
4.220211456327031541e-01
4.214595994477415286e-01
4.209504159840364301e-01
4.204928476746050414e-01
4.200852990052535985e-01
4.197241588285099412e-01
4.194032779135607458e-01
4.191132120575150055e-01
4.188399112948635317e-01
4.185669907517651223e-01
4.182720826307950723e-01
4.179277321456154048e-01
4.175020691884412938e-01
4.169562372735823308e-01
4.162524745717571806e-01
4.153495318875711217e-01
4.142093392798723572e-01
4.127977179114470374e-01
4.110900480786119360e-01
4.090763327015836115e-01
4.067643650665091481e-01
4.041849598299305790e-01
4.013848940580381774e-01
3.984332249542212878e-01
3.954166104322570097e-01
3.929819708274893131e-01
3.903154553634541335e-01
2.800790418831838324e-01
4.943754022379002744e-01
5.223204639812565331e-01
3.323383790245029723e-01
4.276034789616082188e-01
4.331751097665308414e-01
4.330823043363272173e-01
4.364797018208776413e-01
4.396569219269261808e-01
4.423865964559079988e-01
4.446238839224880279e-01
4.463495151984582798e-01
4.475881817755821279e-01
4.483902982364735834e-01
4.488170048975902438e-01
4.489309894072041618e-01
4.487908524289207501e-01
4.484485671459357281e-01
4.479488198558082002e-01
4.473286823566934300e-01
4.466189306751037202e-01
4.458440688996657131e-01
4.450240029492203986e-01
4.441740920571596862e-01
4.433064675456980797e-01
4.424302768351779935e-01
4.415525041602099687e-01
4.406784657125475957e-01
4.398116411527869807e-01
4.389547654068995941e-01
4.381091374729397248e-01
4.372757746637738752e-01
4.364551297549527087e-01
4.356469641621637523e-01
4.348512598493039505e-01
4.340675947747210106e-01
4.332953712289056014e-01
4.325344151061681908e-01
4.317836375018811457e-01
4.310427004513185389e-01
4.303111422985919088e-01
4.295884468457033534e-01
4.288747560582247820e-01
4.281700643434585007e-01
4.274740586537933429e-01
4.267872166471342599e-01
4.261096201129028205e-01
4.254424339645914155e-01
4.247866169435279837e-01
4.241430952959488465e-01
4.235130373870277243e-01
4.228978736454599985e-01
4.222991810804611057e-01
4.217196962665387683e-01
4.211606782080690725e-01
4.206259103744436900e-01
4.201162745200639481e-01
4.196364748535106326e-01
4.191879727374633879e-01
4.187755987432274507e-01
4.184009637429816908e-01
4.180681987940818578e-01
4.177797715771088272e-01
4.175393327216852524e-01
4.173487490624419038e-01
4.172098995627297469e-01
4.171225389933080341e-01
4.170865604530445969e-01
4.170990295797252223e-01
4.171557117804188808e-01
4.172484513996149724e-01
4.173650164390570461e-01
4.174906881072906195e-01
4.176045261829655075e-01
4.176802845596877534e-01
4.176862217527136378e-01
4.175829084885767650e-01
4.173299564565404740e-01
4.168813444576499050e-01
4.161919033215171759e-01
4.152167805700858749e-01
4.139181476395528692e-01
4.122691892342839615e-01
4.102598142537095538e-01
4.079018952333821613e-01
4.052267698628260195e-01
4.022952967003677882e-01
3.991975062905533944e-01
3.966506181218102389e-01
3.938796384580634524e-01
2.841239872321024706e-01
4.967726396369536723e-01
5.125857529697892545e-01
3.130352856658262239e-01
4.134401205980111627e-01
4.166975942510430797e-01
4.170835146655307302e-01
4.194756576403590453e-01
4.217939313688815473e-01
4.238875582355511318e-01
4.256967740816378631e-01
4.271845934968577785e-01
4.283465880128226044e-01
4.292004979025290101e-01
4.297769831436973331e-01
4.301125608984389670e-01
4.302450107284206404e-01
4.302101142891086583e-01
4.300405636792849484e-01
4.297645936108549503e-01
4.294067269602442893e-01
4.289870689653631497e-01
4.285226355350807426e-01
4.280267977819167124e-01
4.275105471602967944e-01
4.269823080831932072e-01
4.264487571301329716e-01
4.259151088510141347e-01
4.253849543136253297e-01
4.248612340194931614e-01
4.243455796569532423e-01
4.238394101163077132e-01
4.233433402613704377e-01
4.228576852885366777e-01
4.223824215584079389e-01
4.219176177997968624e-01
4.214628176739268484e-01
4.210180230764660192e-01
4.205826263296362222e-01
4.201562454032563565e-01
4.197384417936974033e-01
4.193290779142847535e-01
4.189278777253176989e-01
4.185353116852757460e-01
4.181508278373157195e-01
4.177747997061566632e-01
4.174075332775320502e-01
4.170494830422377674e-01
4.167019580017455871e-01
4.163653813542697590e-01
4.160408876307187254e-01
4.157296915094010337e-01
4.154326992985722944e-01
4.151527364769558304e-01
4.148905683566006530e-01
4.146498562249783526e-01
4.144311826136877208e-01
4.142385423051690441e-01
4.140734618729697836e-01
4.139407721952667596e-01
4.138416870623045085e-01
4.137806226659381803e-01
4.137597336033477236e-01
4.137832027912641264e-01
4.138536773139363523e-01
4.139737611703467324e-01
4.141444950681493209e-01
4.143674376725355324e-01
4.146416059659794873e-01
4.149652034297667269e-01
4.153327167173722634e-01
4.157356632406090657e-01
4.161627622462998888e-01
4.165969063305665077e-01
4.170159045444952750e-01
4.173909702404846045e-01
4.176857932269477658e-01
4.178600747891261236e-01
4.178659309571981506e-01
4.176533168746693891e-01
4.171678908771466743e-01
4.163590508527143519e-01
4.151811655861525341e-01
4.136034256705368173e-01
4.116138334781676011e-01
4.092237643759537580e-01
4.064799696505746462e-01
4.034728803072057390e-01
4.009638546923674496e-01
3.983066262478057173e-01
2.894410491717102074e-01
4.999895969182743816e-01
5.058272528209177832e-01
2.995826757723608069e-01
4.036290192248742081e-01
4.052446415690661996e-01
4.059751468144918718e-01
4.076085920107924698e-01
4.092461480551016217e-01
4.107902544095549668e-01
4.121859267803509863e-01
4.133944300413390227e-01
4.143991199183186258e-01
4.152000874256735474e-01
4.158090124946559607e-01
4.162443286868962034e-01
4.165280969688127666e-01
4.166828807581608451e-01
4.167308074184227218e-01
4.166918262102141113e-01
4.165839970806265447e-01
4.164227373772078633e-01
4.162213830662228053e-01
4.159908167192540307e-01
4.157401123280088928e-01
4.154764576346312577e-01
4.152057335935547266e-01
4.149324920971858566e-01
4.146601032361770800e-01
4.143913195550431028e-01
4.141278639370957193e-01
4.138712777453739666e-01
4.136222516564841412e-01
4.133814114689046137e-01
4.131487774546311331e-01
4.129245703379457733e-01
4.127086827400620606e-01
4.125010562724499841e-01
4.123014749672676560e-01
4.121096812758029970e-01
4.119251858974286029e-01
4.117481747307785156e-01
4.115780272730569789e-01
4.114154504095746123e-01
4.112599119619717580e-01
4.111115782696260768e-01
4.109709192021229751e-01
4.108378811926792218e-01
4.107137293268968148e-01
4.105986535205509158e-01
4.104935845921920956e-01
4.103994000129744246e-01
4.103167728477765674e-01
4.102475649813412950e-01
4.101930040918129183e-01
4.101555847127298371e-01
4.101364080307801641e-01
4.101380075347986764e-01
4.101623204586147264e-01
4.102133059922798419e-01
4.102926380066303502e-01
4.104040707618309414e-01
4.105499557101652819e-01
4.107347292779540693e-01
4.109616736484909549e-01
4.112344418263415569e-01
4.115554006031337253e-01
4.119280617344494577e-01
4.123539749206246996e-01
4.128345073021644773e-01
4.133676652834616938e-01
4.139501680390675897e-01
4.145757230798980952e-01
4.152333856977255544e-01
4.159074198346168205e-01
4.165751194756282527e-01
4.172068981599217352e-01
4.177660674315862854e-01
4.182073790158356008e-01
4.184790908985972502e-01
4.185213011030511909e-01
4.182724113558156098e-01
4.176690896555412813e-01
4.166585891243366202e-01
4.152022051006993841e-01
4.132866816148622058e-01
4.109393770859223194e-01
4.082458668873755747e-01
4.059797678946793220e-01
4.037212264518516558e-01
2.962686692011151646e-01
5.041833509950728320e-01
5.019493502958719544e-01
2.917837410262839604e-01
3.978911036733026596e-01
3.984406133246306547e-01
3.992937131755355251e-01
4.003577135880987403e-01
4.014642283639792142e-01
4.025519005913232862e-01
4.035770317320443445e-01
4.045059911716002432e-01
4.053189824375318384e-01
4.060078904389700649e-01
4.065735761140873428e-01
4.070230068898161302e-01
4.073672363276441555e-01
4.076189823343753793e-01
4.077918974840781807e-01
4.078989023980611472e-01
4.079523066169183920e-01
4.079629700182261787e-01
4.079405926192410936e-01
4.078932883591349645e-01
4.078280743457377566e-01
4.077505191082151925e-01
4.076654969089424929e-01
4.075765519345658783e-01
4.074866653040198905e-01
4.073980520585047116e-01
4.073124059167944067e-01
4.072310895028235511e-01
4.071549623058817180e-01
4.070845170925404544e-01
4.070201128782341415e-01
4.069617426102354329e-01
4.069098050121141563e-01
4.068639798544799180e-01
4.068244672296987829e-01
4.067910174606102491e-01
4.067632496157564947e-01
4.067414347461406621e-01
4.067249303917114811e-01
4.067143262775808621e-01
4.067092770602429574e-01
4.067097412691937364e-01
4.067161027666857942e-01
4.067281641096367473e-01
4.067468136319288274e-01
4.067722353813364444e-01
4.068049351362172383e-01
4.068453990345562987e-01
4.068943279081093656e-01
4.069522084519986982e-01
4.070207997824680235e-01
4.071013368810026400e-01
4.071951723553205449e-01
4.073037784067821687e-01
4.074290131932535308e-01
4.075738406664760616e-01
4.077403119697818878e-01
4.079312997160262078e-01
4.081494078730033559e-01
4.083991303410866025e-01
4.086841163724626025e-01
4.090091757938216777e-01
4.093777903775004945e-01
4.097956559458273973e-01
4.102669410710879649e-01
4.107964222766467000e-01
4.113865152201364173e-01
4.120396279246753557e-01
4.127559010715897703e-01
4.135322286938826752e-01
4.143613619427342631e-01
4.152298752855339004e-01
4.161178702429919607e-01
4.169971667315103270e-01
4.178300099693356695e-01
4.185682211719811696e-01
4.191523238315124078e-01
4.195144387509772144e-01
4.195780026549448261e-01
4.192706021595336008e-01
4.185258301521888602e-01
4.173034594989669666e-01
4.156049761586929070e-01
4.135039681778435727e-01
4.117520433729967566e-01
4.102521455506926151e-01
3.048680579322888828e-01
5.095248260836261478e-01
5.009235108346051790e-01
2.895691125858140813e-01
3.960947592846146281e-01
3.960903695970044991e-01
3.967822867074322080e-01
3.974194126996533627e-01
3.981141804334157319e-01
3.988300535423491278e-01
3.995349825093988949e-01
4.002025626118349000e-01
4.008143481835566013e-01
4.013594802581451626e-01
4.018334283577411625e-01
4.022365605490008100e-01
4.025727663819950730e-01
4.028479664014298356e-01
4.030695014870162574e-01
4.032447924069685885e-01
4.033814667347508931e-01
4.034863640387826855e-01
4.035659752342630191e-01
4.036257120554375133e-01
4.036706603851805686e-01
4.037046159661273892e-01
4.037313790198747698e-01
4.037533915330923096e-01
4.037730724262868498e-01
4.037920971542967030e-01
4.038118485416384296e-01
4.038335416756817509e-01
4.038579969783180346e-01
4.038855297759380014e-01
4.039167484310305922e-01
4.039514718924849257e-01
4.039903831976611182e-01
4.040330881033671329e-01
4.040799757246835155e-01
4.041308356529195178e-01
4.041854502306612140e-01
4.042440610376401011e-01
4.043060515014719192e-01
4.043719294210337267e-01
4.044414431236875718e-01
4.045143952826272815e-01
4.045909158803217553e-01
4.046709571073592304e-01
4.047548518297224285e-01
4.048428856486662730e-01
4.049348672309117658e-01
4.050311359749432238e-01
4.051320641778550224e-01
4.052373779395944120e-01
4.053485186111719374e-01
4.054661027886336533e-01
4.055909845824877680e-01
4.057242306934071285e-01
4.058668874763752266e-01
4.060214704311992939e-01
4.061894549435172141e-01
4.063733571453423954e-01
4.065755431706951639e-01
4.068005275600975468e-01
4.070521565728754121e-01
4.073357743078078186e-01
4.076563678274336411e-01
4.080209057996211919e-01
4.084367988787209747e-01
4.089113114915143288e-01
4.094522601523432614e-01
4.100670810484504658e-01
4.107637502486546355e-01
4.115475374781727980e-01
4.124213597342306636e-01
4.133836769484603435e-01
4.144270220056281984e-01
4.155365769275765064e-01
4.166876930866728612e-01
4.178424326049702264e-01
4.189502849756345793e-01
4.199449916467621891e-01
4.207455750689237384e-01
4.212662156734358065e-01
4.214168886931843327e-01
4.211301810440701843e-01
4.203770418615386806e-01
4.192103432807102181e-01
4.183236964223829846e-01
4.180289872820006636e-01
3.155276073157017303e-01
5.162017174916179174e-01
5.027807795295985427e-01
2.929768877987256048e-01
3.982229123428970841e-01
3.981332206686047925e-01
3.983381858632269457e-01
3.986542179308923961e-01
3.990294570378435934e-01
3.994441002306023392e-01
3.998759898570172777e-01
4.003057576128284945e-01
4.007181990156791218e-01
4.011026255808792240e-01
4.014525398567739267e-01
4.017650024971201050e-01
4.020397160934027769e-01
4.022782822493500832e-01
4.024836825951771946e-01
4.026594131460121129e-01
4.028094372100986531e-01
4.029374832515087990e-01
4.030472554141043551e-01
4.031419616848437859e-01
4.032248900195096741e-01
4.032982433579223591e-01
4.033647211460968940e-01
4.034257558327594140e-01
4.034831208039588168e-01
4.035380271943760366e-01
4.035913926593500678e-01
4.036443195261486538e-01
4.036974055607738809e-01
4.037509584370139737e-01
4.038055169105894682e-01
4.038610347853881510e-01
4.039181005726706353e-01
4.039766194167359048e-01
4.040367345646428410e-01
4.040985524534227991e-01
4.041618701843703865e-01
4.042269035965008195e-01
4.042931724389054460e-01
4.043610248863451773e-01
4.044302701134115940e-01
4.045005907868354789e-01
4.045718671492299356e-01
4.046441867520079727e-01
4.047174892461243845e-01
4.047918994702495166e-01
4.048667849221905257e-01
4.049422978334301648e-01
4.050180616884314633e-01
4.050938917991506183e-01
4.051700997160280204e-01
4.052470841700820392e-01
4.053250723878614736e-01
4.054046458378243178e-01
4.054860100384956034e-01
4.055712130707009866e-01
4.056608151304026966e-01
4.057570027878538155e-01
4.058618522622789992e-01
4.059794028340965588e-01
4.061137651389200576e-01
4.062699695526262311e-01
4.064548024275023708e-01
4.066753317999098338e-01
4.069423278779398245e-01
4.072647138856540505e-01
4.076555053371485604e-01
4.081266023556620048e-01
4.086937841555842166e-01
4.093709005873591988e-01
4.101716590819244335e-01
4.111078359789518410e-01
4.121870427989102192e-01
4.134114128964415658e-01
4.147754479440574071e-01
4.162593298819408094e-01
4.178310142245104664e-01
4.194385066432527731e-01
4.210090250580635352e-01
4.224558899620909358e-01
4.236771123143155959e-01
4.245823687300440130e-01
4.251127125572773391e-01
4.252894684451865581e-01
4.257157967665085585e-01
4.271761224583218719e-01
3.285721421594713920e-01
5.244248405668354707e-01
5.076085914115112674e-01
3.021436373440903878e-01
4.043567262515069816e-01
4.046191967049315719e-01
4.039848645688933759e-01
4.040569214265850029e-01
4.041824683335035751e-01
4.043509429371068276e-01
4.045486938761395090e-01
4.047622494143918170e-01
4.049800386773084737e-01
4.051929830536116772e-01
4.053946362956969418e-01
4.055808944667079752e-01
4.057494301261875824e-01
4.058994445674688478e-01
4.060311891126786588e-01
4.061456447893672106e-01
4.062440840601606595e-01
4.063280977721006049e-01
4.063991349570703071e-01
4.064588152688260458e-01
4.065088223686735835e-01
4.065501575007308133e-01
4.065844099776347309e-01
4.066123025047848616e-01
4.066349023089322334e-01
4.066530640173559585e-01
4.066673196653124434e-01
4.066785499576636154e-01
4.066871676842608307e-01
4.066935646631752443e-01
4.066980264651151034e-01
4.067008349283571800e-01
4.067022782352702759e-01
4.067027385000843154e-01
4.067019754502211315e-01
4.067004915084831973e-01
4.066980828310141072e-01
4.066948170522826644e-01
4.066906417936941298e-01
4.066854698158334780e-01
4.066793299931333872e-01
4.066717555083434466e-01
4.066624497558711249e-01
4.066515875200263364e-01
4.066388636211893948e-01
4.066240258596093282e-01
4.066063232557168838e-01
4.065854892531848286e-01
4.065605619107753865e-01
4.065315531978610508e-01
4.064975759782203379e-01
4.064588958101975624e-01
4.064150065752626384e-01
4.063661094261641349e-01
4.063114612356145683e-01
4.062526723871870971e-01
4.061893063480441213e-01
4.061230889231534080e-01
4.060557575260012597e-01
4.059905659261476285e-01
4.059315726317301309e-01
4.058831758491875941e-01
4.058532886785006788e-01
4.058487669310876789e-01
4.058824653623016032e-01
4.059649562860228045e-01
4.061125624577127113e-01
4.063418507040548744e-01
4.066743138677572644e-01
4.071323284053943725e-01
4.077397880953934073e-01
4.085217094164525498e-01
4.095024788671314253e-01
4.107033875308853110e-01
4.121429367580656811e-01
4.138274283651463548e-01
4.157535444180756601e-01
4.178988420581170593e-01
4.202167399752292920e-01
4.226400575842396146e-01
4.250758605308185833e-01
4.274253236035044368e-01
4.296085870982493393e-01
4.316083196868177874e-01
4.339133484748494141e-01
4.378091312267758939e-01
3.443775737981065177e-01
5.344393417942231439e-01
5.155519353829933760e-01
3.173043317987774836e-01
4.146704641564388227e-01
4.156994214119508757e-01
4.138593640104174520e-01
4.137422287580610480e-01
4.136702850310999269e-01
4.136323320705777573e-01
4.136241664847800648e-01
4.136367844135978022e-01
4.136619367416864423e-01
4.136927575160259107e-01
4.137239089059573938e-01
4.137515194390557483e-01
4.137726887655958086e-01
4.137856953475765875e-01
4.137893609343655799e-01
4.137832562257673374e-01
4.137670004291057468e-01
4.137407632087094500e-01
4.137045444577513997e-01
4.136588242350218714e-01
4.136040754262782504e-01
4.135404920644391025e-01
4.134687441281659215e-01
4.133891421690331636e-01
4.133020971769311713e-01
4.132082393774580420e-01
4.131078467010763644e-01
4.130015577709167940e-01
4.128897770294888137e-01
4.127728398079454908e-01
4.126509849878319258e-01
4.125246217134925231e-01
4.123940407628570726e-01
4.122597291411974063e-01
4.121215343629551220e-01
4.119799451909926802e-01
4.118350293429858255e-01
4.116866786744819984e-01
4.115352107135650805e-01
4.113802281733637267e-01
4.112218586259898112e-01
4.110596761702860480e-01
4.108932085088224384e-01
4.107226702015860376e-01
4.105475701596508764e-01
4.103673513459899502e-01
4.101812088348073537e-01
4.099884362642646218e-01
4.097878667946063258e-01
4.095791884819436901e-01
4.093609429432372715e-01
4.091332298366033848e-01
4.088945709796265038e-01
4.086451579800424727e-01
4.083831660568330579e-01
4.081096784602610272e-01
4.078235271687189467e-01
4.075258323337669908e-01
4.072177650651841452e-01
4.069018347111290623e-01
4.065813754170116145e-01
4.062603010118192581e-01
4.059464712911711737e-01
4.056466250013378017e-01
4.053738772861716355e-01
4.051403745671107171e-01
4.049634327505685638e-01
4.048637232505826189e-01
4.048661165474774504e-01
4.050000631811833673e-01
4.052980278644363610e-01
4.057967146196886365e-01
4.065365518218568286e-01
4.075592634137223946e-01
4.089089147616510322e-01
4.106248913515368471e-01
4.127418288504997590e-01
4.152830611694600660e-01
4.182502388374855218e-01
4.216248164151107924e-01
4.253557645199190773e-01
4.293683936681747526e-01
4.335846904519722322e-01
4.379543641595091130e-01
4.428449029895892841e-01
4.500195548342974528e-01
3.633834643496813288e-01
5.465338720903627490e-01
5.268193297890048088e-01
3.388009967252473831e-01
4.294360193267999226e-01
4.316277804284022745e-01
4.282123943550166234e-01
4.279430956020497390e-01
4.277123429401148424e-01
4.274927806806662622e-01
4.272947970068425860e-01
4.271124961617848159e-01
4.269404289936492569e-01
4.267740099579576674e-01
4.266095826433555227e-01
4.264443443333048589e-01
4.262758689605197215e-01
4.261025092163698846e-01
4.259227185053592324e-01
4.257355070725568624e-01
4.255397961755877922e-01
4.253349481592993975e-01
4.251203511131127488e-01
4.248957103682342584e-01
4.246608697704380986e-01
4.244155377263592044e-01
4.241598645062272244e-01
4.238939329352356955e-01
4.236177473188445508e-01
4.233318530977815963e-01
4.230363973816313461e-01
4.227318978488307510e-01
4.224188935931607047e-01
4.220975638739399294e-01
4.217684135256667410e-01
4.214317703583136399e-01
4.210882091651066417e-01
4.207380628185053428e-01
4.203816069748393391e-01
4.200190578629188765e-01
4.196509157671445278e-01
4.192769802861631145e-01
4.188977510976820695e-01
4.185128595547175645e-01
4.181222633137474110e-01
4.177258693909714493e-01
4.173229589543208662e-01
4.169139010151407532e-01
4.164979084161538614e-01
4.160744367271875244e-01
4.156424626403658062e-01
4.152010837728042913e-01
4.147490976412373520e-01
4.142856514207172713e-01
4.138092915975883912e-01
4.133196719712263212e-01
4.128146332077698433e-01
4.122943454131561269e-01
4.117561421756238405e-01
4.112004643077858956e-01
4.106258040628080197e-01
4.100324584172393982e-01
4.094210522725888479e-01
4.087931715763204465e-01
4.081512397076225152e-01
4.074986658299782905e-01
4.068421509753276100e-01
4.061882462895952117e-01
4.055487871113424014e-01
4.049366659350873143e-01
4.043687711694944897e-01
4.038677475508811177e-01
4.034599285534859470e-01
4.031788973755547900e-01
4.030629350539157163e-01
4.031576413142672899e-01
4.035160748402406572e-01
4.041993214941199675e-01
4.052753053463318822e-01
4.068193992441918594e-01
4.089104417501824851e-01
4.116311005040884097e-01
4.150552416417743196e-01
4.192481842506208811e-01
4.242486526226041388e-01
4.300619506033233619e-01
4.366624675938420297e-01
4.440019638530023904e-01
4.523509732476959644e-01
4.638610890552165023e-01
3.861273358675164635e-01
5.610666051524499931e-01
5.416951097846303131e-01
3.671018085934563691e-01
4.490375800815670226e-01
4.527731580269657163e-01
4.474199092263095867e-01
4.470205977439912770e-01
4.466592916309907735e-01
4.462678093198630958e-01
4.458824156678677375e-01
4.454993568285450234e-01
4.451153859525258660e-01
4.447281101492931987e-01
4.443359012097156668e-01
4.439374501341684653e-01
4.435315486651887351e-01
4.431172450733076307e-01
4.426934757661643571e-01
4.422594077958001968e-01
4.418139911610260984e-01
4.413565350311391411e-01
4.408863910993474633e-01
4.404030535809866365e-01
4.399062042248297888e-01
4.393955024945761512e-01
4.388709797377117194e-01
4.383327356066218372e-01
4.377807008066051386e-01
4.372155041357128624e-01
4.366373195933356821e-01
4.360467933423612941e-01
4.354445525304859732e-01
4.348308927413565561e-01
4.342064974212296313e-01
4.335718785220516458e-01
4.329276688169354514e-01
4.322743813146542324e-01
4.316124575890027404e-01
4.309422568943970244e-01
4.302644667138900703e-01
4.295790262526428815e-01
4.288863757091246343e-01
4.281864549801553954e-01
4.274790248305823659e-01
4.267643960783996104e-01
4.260416420198870346e-01
4.253113115569236991e-01
4.245723966791339343e-01
4.238245138516881783e-01
4.230665956428966701e-01
4.222975328454203758e-01
4.215162243134449871e-01
4.207214250723897986e-01
4.199119883497967054e-01
4.190869453617174778e-01
4.182441262830952078e-01
4.173832686030031214e-01
4.165014484673753015e-01
4.155985310608933947e-01
4.146726492849349688e-01
4.137235970546360164e-01
4.127513848150758391e-01
4.117566566916598947e-01
4.107408947590520665e-01
4.097068051830968782e-01
4.086593440991808102e-01
4.076044984649133118e-01
4.065521917176271871e-01
4.055141765624225014e-01
4.045063982582502993e-01
4.035503533905224760e-01
4.026722843388775841e-01
4.019061159195868038e-01
4.012924966187420006e-01
4.008811999148735872e-01
4.007331803538028980e-01
4.009232389848123024e-01
4.015390340303268690e-01
4.026880174062582030e-01
4.044940728464611057e-01
4.071055685222185749e-01
4.106883010139340540e-01
4.154274424231108598e-01
4.215123987868770183e-01
4.291129574434124905e-01
4.383526675961825769e-01
4.492718869257520398e-01
4.621330725920399507e-01
4.793100446418762650e-01
4.132735289528734479e-01
5.784860527764436045e-01
5.605601213787682058e-01
4.028334566621056823e-01
4.739990664218199923e-01
4.796439266161589554e-01
4.720080029790754694e-01
4.714864881695379761e-01
4.710141369004841039e-01
4.704434877010800209e-01
4.698568556589428069e-01
4.692521283891579742e-01
4.686276853452435720e-01
4.679833143943280538e-01
4.673194807199420042e-01
4.666366538350925075e-01
4.659352817727910323e-01
4.652155491194154280e-01
4.644774989139087151e-01
4.637210395926554263e-01
4.629458743734576887e-01
4.621518702194549744e-01
4.613389185310711182e-01
4.605069259184522146e-01
4.596559240508656941e-01
4.587858966030776142e-01
4.578972318319402546e-01
4.569902803916945921e-01
4.560653753683279743e-01
4.551233271136360670e-01
4.541646434006347821e-01
4.531902522568064806e-01
4.522010514107113188e-01
4.511975834858432122e-01
4.501807455563537896e-01
4.491513291101637551e-01
4.481100070138173685e-01
4.470576179804731654e-01
4.459947929464110894e-01
4.449222766729500900e-01
4.438407200116992746e-01
4.427504275872733985e-01
4.416517078244804884e-01
4.405447338214633635e-01
4.394293947127351219e-01
4.383061490139233407e-01
4.371743341312057662e-01
4.360344487284310011e-01
4.348856277775333679e-01
4.337274922184710668e-01
4.325591859606290335e-01
4.313793765501051092e-01
4.301873229039422375e-01
4.289817495034443096e-01
4.277617292370984314e-01
4.265259574482215266e-01
4.252726059446091389e-01
4.240007245774074507e-01
4.227079585801968853e-01
4.213936783434055755e-01
4.200557437143722650e-01
4.186938704227538000e-01
4.173071866617092951e-01
4.158959176909147182e-01
4.144606029184723095e-01
4.130030564974626617e-01
4.115264747071185059e-01
4.100356464813734170e-01
4.085383752784835232e-01
4.070438263036794679e-01
4.055662825192775656e-01
4.041234867467508596e-01
4.027396311854686828e-01
4.014452990101059493e-01
4.002793782733817807e-01
3.992903172276673907e-01
3.985408366034390859e-01
3.981102949646480593e-01
3.980981673472162585e-01
3.986330021589757910e-01
3.998759080547074629e-01
4.020356040649447071e-01
4.053762409034040171e-01
4.102297898860864933e-01
4.169987137156128121e-01
4.261300046197302183e-01
4.380553286881370134e-01
4.530854730977125211e-01
4.716789253509144908e-01
4.962029028448989298e-01
4.456717401842709148e-01
5.993797838937280353e-01
5.839243396780875450e-01
4.468339027422365550e-01
5.050273913813226878e-01
5.129290928339378386e-01
5.026928888466101197e-01
5.020410977987509460e-01
5.014669858290107252e-01
5.006890648960479195e-01
4.998667769943517247e-01
4.990000833976283023e-01
4.980881790992127134e-01
4.971328491481705747e-01
4.961366357880568900e-01
4.951019756497253566e-01
4.940311400671447140e-01
4.929258636078472922e-01
4.917877382037471046e-01
4.906179518783797544e-01
4.894177090394185026e-01
4.881880209985652863e-01
4.869299276314768554e-01
4.856443395816537612e-01
4.843320437953707036e-01
4.829939795718338202e-01
4.816312118945642595e-01
4.802448032366141151e-01
4.788358344038914916e-01
4.774054901850673938e-01
4.759549830488963296e-01
4.744855751713859537e-01
4.729987381159126425e-01
4.714953124120932482e-01
4.699765162980387156e-01
4.684434430695361140e-01
4.668969745300454166e-01
4.653383096413035158e-01
4.637684441590891327e-01
4.621883987160859686e-01
4.605988977288176800e-01
4.590006282752616129e-01
4.573937350778322086e-01
4.557787657013904203e-01
4.541558801723298844e-01
4.525256206844650020e-01
4.508876088221069889e-01
4.492424220396720180e-01
4.475895719555013086e-01
4.459285841012441964e-01
4.442592428341619049e-01
4.425798586348254626e-01
4.408904449141822224e-01
4.391898839377995079e-01
4.374775427863168975e-01
4.357521426301423362e-01
4.340123816592802997e-01
4.322568998047324751e-01
4.304843778055286729e-01
4.286937621335442095e-01
4.268830531767999759e-01
4.250522987186565183e-01
4.231998487076936155e-01
4.213260989062160289e-01
4.194305593163217827e-01
4.175143086557284167e-01
4.155790642921510791e-01
4.136282341392228390e-01
4.116670135758312421e-01
4.097018490526660450e-01
4.077440301159240832e-01
4.058064025970312128e-01
4.039089291003358229e-01
4.020758892843940280e-01
4.003400607715428272e-01
3.987434783739904343e-01
3.973426839549714096e-01
3.962118276306145770e-01
3.954495073907793312e-01
3.951891737429431006e-01
3.956103776443103959e-01
3.969619539389573348e-01
3.995898157873956635e-01
4.039735893018130408e-01
4.107695174482869915e-01
4.208229849427199132e-01
4.351028379403000801e-01
4.545216000719344285e-01
4.801416413097790992e-01
5.141181910397460975e-01
4.844345417221655459e-01
6.245372187326100333e-01
6.124764828378955750e-01
5.002213748240068591e-01
5.430819476218406994e-01
5.535515746301221673e-01
5.404423439784756811e-01
5.396240547682324973e-01
5.389446603249655743e-01
5.379025785078502819e-01
5.367838531238304789e-01
5.355899630215752438e-01
5.343191755074502280e-01
5.329750924418157343e-01
5.315621994140888873e-01
5.300849085748657874e-01
5.285473721690485682e-01
5.269533603051915760e-01
5.253064718082334217e-01
5.236099091284064366e-01
5.218668585683310379e-01
5.200802834623309279e-01
5.182529421717113616e-01
5.163875037482805741e-01
5.144858619566664570e-01
5.125505637901167644e-01
5.105836636472478318e-01
5.085874284809567270e-01
5.065641155881659419e-01
5.045155204318921838e-01
5.024438842717043885e-01
5.003508881345358761e-01
4.982387924156111980e-01
4.961087554536097732e-01
4.939626722310923035e-01
4.918016741548441040e-01
4.896272207416917377e-01
4.874408045500332465e-01
4.852438394589288495e-01
4.830376475426978455e-01
4.808231579614745121e-01
4.786012135884893937e-01
4.763720793403493081e-01
4.741365967383659452e-01
4.718952724489794970e-01
4.696487438040428120e-01
4.673971082000177857e-01
4.651411104735957425e-01
4.628806892143789153e-01
4.606154407916355775e-01
4.583457954270346857e-01
4.560700538680689253e-01
4.537892753796127221e-01
4.515025354577448802e-01
4.492096875610947504e-01
4.469098435517275814e-01
4.446023494024549660e-01
4.422862663549648188e-01
4.399612006428146316e-01
4.376261608550201521e-01
4.352799351327519273e-01
4.329229285259718618e-01
4.305535212850412075e-01
4.281722796638634532e-01
4.257784212873257923e-01
4.233723077684066749e-01
4.209551397058660660e-01
4.185288057083645930e-01
4.160961774739937447e-01
4.136613598952096904e-01
4.112314781227142113e-01
4.088145973838434588e-01
4.064246727932854242e-01
4.040777020047524037e-01
4.017972823312426223e-01
3.996145332310883647e-01
3.975725350287275250e-01
3.957306938906043903e-01
3.941721315776968715e-01
3.930152897355594366e-01
3.924305156588253629e-01
3.926704645425149187e-01
3.941177316912930495e-01
3.973557419856454387e-01
4.032776777326284035e-01
4.132016353755134652e-01
4.289010571447610665e-01
4.524211854623884088e-01
4.861768981146424307e-01
5.321748717245221583e-01
5.310957999574319466e-01
6.550768164504944258e-01
6.471733837234578957e-01
5.645821524846549311e-01
5.894696583802829792e-01
6.027932620958403875e-01
5.865492984432997270e-01
5.855006281677828106e-01
5.846854672535528596e-01
5.832877899937984889e-01
5.817784724769193838e-01
5.801595741347000956e-01
5.784258147789296256e-01
5.765821095430717635e-01
5.746347754824694398e-01
5.725901894756342259e-01
5.704548313663601045e-01
5.682350977008029380e-01
5.659372457032972870e-01
5.635675066374057351e-01
5.611316380072530752e-01
5.586354685135995757e-01
5.560839118618804422e-01
5.534821602610859870e-01
5.508339469985107373e-01
5.481439006055324192e-01
5.454156777954587421e-01
5.426530491729137928e-01
5.398597671085495486e-01
5.370384301185513465e-01
5.341924439274439163e-01
5.313243807114305106e-01
5.284371132730368847e-01
5.255325352785639170e-01
5.226130001688699123e-01
5.196801017479720786e-01
5.167356486920107184e-01
5.137818337848409911e-01
5.108198645760905210e-01
5.078518857766938233e-01
5.048785415720387082e-01
5.019011162854891683e-01
4.989201228407978417e-01
4.959367360778159095e-01
4.929517343994182510e-01
4.899658353144712986e-01
4.869797201855931013e-01
4.839944155835024797e-01
4.810102935037298688e-01
4.780274858411553418e-01
4.750465896809256683e-01
4.720668576946474571e-01
4.690902397530389845e-01
4.661161267354119175e-01
4.631452518391887541e-01
4.601773377033727686e-01
4.572127188287322119e-01
4.542515165649123055e-01
4.512941043189616086e-01
4.483402587816278095e-01
4.453903855309618298e-01
4.424450018428132125e-01
4.395039639061633086e-01
4.365677838401844646e-01
4.336365835436206684e-01
4.307103493804754768e-01
4.277905474344907422e-01
4.248780625686666701e-01
4.219742158045875491e-01
4.190815995178109876e-01
4.162030366536934034e-01
4.133430461633414987e-01
4.105085671447415985e-01
4.077077086541137096e-01
4.049529441701169574e-01
4.022620677722210103e-01
3.996598685013900698e-01
3.971838454033894128e-01
3.948890295350735435e-01
3.928593193033388387e-01
3.912253385414912743e-01
3.901966136228565696e-01
3.901216310223752370e-01
3.915892564074795468e-01
3.956135177685153326e-01
4.039186193213069598e-01
4.192586975719228004e-01
4.455088202893561222e-01
4.877183553651589509e-01
5.486211013650620361e-01
5.876659711990334101e-01
6.924718028183890484e-01
6.888510369696989599e-01
6.411656198473705270e-01
6.455044358658698078e-01
6.617555004231945315e-01
6.422938474677317711e-01
6.408461778532920095e-01
6.398554214452752964e-01
6.379784651662391282e-01
6.359511159339690245e-01
6.337772803081789252e-01
6.314422583273632261e-01
6.289519631629049146e-01
6.263147789913741104e-01
6.235397255186081455e-01
6.206365686786478042e-01
6.176155340281349604e-01
6.144867541693763702e-01
6.112603883817183670e-01
6.079458655463333416e-01
6.045525653009065081e-01
6.010886116140028435e-01
5.975621941646757085e-01
5.939798249081829074e-01
5.903485253726301618e-01
5.866742517772547405e-01
5.829625897771615328e-01
5.792188358635484979e-01
5.754469735663397811e-01
5.716514567569574989e-01
5.678360239126540865e-01
5.640041413505195722e-01
5.601585685669911996e-01
5.563018861428392636e-01
5.524365084397698800e-01
5.485644537500886653e-01
5.446885127536513771e-01
5.408097064445288593e-01
5.369309153824002312e-01
5.330520230165792794e-01
5.291754073954212378e-01
5.253011973975283411e-01
5.214314649841710336e-01
5.175668134159790990e-01
5.137085213619057011e-01
5.098575668058562549e-01
5.060153475884144880e-01
5.021825655853674464e-01
4.983602021108307634e-01
4.945488982460888860e-01
4.907498519226466405e-01
4.869651497619453817e-01
4.831951233486254105e-01
4.794416181835425839e-01
4.757051951780055798e-01
4.719876366529945355e-01
4.682904590678582113e-01
4.646149726078800390e-01
4.609626413711128134e-01
4.573354951619635345e-01
4.537351089941467075e-01
4.501632456857330711e-01
4.466212491238175653e-01
4.431105872505303744e-01
4.396323064313781837e-01
4.361886283095494643e-01
4.327806365614405015e-01
4.294096463530799879e-01
4.260771897957364995e-01
4.227840398079550366e-01
4.195321919297785307e-01
4.163231256511293332e-01
4.131586572587237494e-01
4.100412448979164903e-01
4.069758117536395603e-01
4.039690000681336879e-01
4.010338867868334933e-01
3.981914498674379299e-01
3.954788248986785271e-01
3.929632416711508758e-01
3.907678389652695650e-01
3.891282495300014688e-01
3.885012899248518892e-01
3.897953148227866760e-01
3.948250014220748838e-01
4.071222489959965274e-01
4.329264372138123540e-01
4.817604677020068671e-01
5.601542635024788774e-01
6.565356672718630771e-01
7.385684209137229894e-01
7.404076915626298661e-01
7.351999410082872277e-01
7.144553300444627109e-01
7.340673676734693620e-01
7.106439580793270094e-01
7.086929364195517778e-01
7.075012247894032491e-01
7.049569417643333225e-01
7.022215533575186797e-01
6.992920090077761053e-01
6.961379589653083899e-01
6.927695909726337975e-01
6.891995229007578105e-01
6.854419560445953463e-01
6.815122530383630473e-01
6.774264803854036510e-01
6.732006414434618113e-01
6.688500656992462101e-01
6.643893714710007448e-01
6.598321324200016047e-01
6.551910790901590564e-01
6.504779259665645075e-01
6.457029400670392105e-01
6.408757767559878360e-01
6.360050898481898196e-01
6.310985667618230766e-01
6.261628399308467596e-01
6.212038224317077972e-01
6.162269847535397638e-01
6.112371035275291353e-01
6.062383795878705239e-01
6.012340187821004767e-01
5.962273232329422523e-01
5.912207596209775318e-01
5.862169982635712095e-01
5.812187022398070946e-01
5.762272579838253472e-01
5.712451091065884334e-01
5.662722174579596368e-01
5.613114714676820105e-01
5.563627894697817933e-01
5.514292522370127791e-01
5.465109165682554559e-01
5.416098820845148820e-01
5.367271963154137682e-01
5.318649100052823542e-01
5.270237870160457971e-01
5.222060273279552911e-01
5.174124692820256666e-01
5.126465685824590501e-01
5.079102542628902706e-01
5.032055594978539492e-01
4.985352538138347334e-01
4.939013541279081432e-01
4.893073538713546555e-01
4.847561819627807522e-01
4.802510073699334248e-01
4.757955016707380302e-01
4.713934312104641755e-01
4.670484564839363362e-01
4.627644031452310402e-01
4.585448281551680050e-01
4.543929815595475485e-01
4.503124830411421309e-01
4.463069020659853336e-01
4.423792417576616343e-01
4.385322512943961581e-01
4.347679844422406292e-01
4.310881507796855416e-01
4.274937605763671211e-01
4.239847324514733340e-01
4.205593085377334339e-01
4.172146819177244836e-01
4.139472262307302142e-01
4.107511260601111047e-01
4.076201346193209507e-01
4.045459779754576601e-01
4.015222150803858803e-01
3.985490124578216498e-01
3.956462598262127650e-01
3.928874642710964427e-01
3.904789432199926580e-01
3.889589627431831453e-01
3.896868572792437924e-01
3.960233699453837852e-01
4.159296755809983592e-01
4.653390521125454482e-01
5.617770428090076429e-01
7.440313126598070426e-01
7.977499149756264174e-01
7.866402828042886597e-01
8.216561396019692598e-01
7.800190892403813248e-01
8.020389961936760237e-01
7.765092340269192928e-01
7.738235696102029326e-01
7.724466967445382526e-01
7.691880569266138501e-01
7.656339095054787158e-01
7.618142254838794480e-01
7.576920168599385885e-01
7.532857927715033153e-01
7.486168102426864479e-01
7.437085782965993097e-01
7.385849559595414338e-01
7.332703138196493553e-01
7.277881801336829604e-01
7.221604468194242621e-01
7.164081416730030405e-01
7.105502770447683636e-01
7.046046062551272193e-01
6.985868761752525025e-01
6.925115040758589302e-01
6.863909686923469478e-01
6.802367865370285704e-01
6.740584599860973691e-01
6.678641456132862197e-01
6.616615097787109656e-01
6.554568194915657564e-01
6.492556029329729084e-01
6.430625557551055138e-01
6.368808275690873710e-01
6.307144660023233929e-01
6.245652421649310337e-01
6.184365678685588286e-01
6.123302236464287507e-01
6.062478958930037631e-01
6.001912257277133289e-01
5.941606231901586099e-01
5.881583908319649723e-01
5.821850834664347163e-01
5.762435431469158376e-01
5.703337311268061871e-01
5.644580869211601737e-01
5.586176201297617938e-01
5.528150377491716227e-01
5.470510581505321213e-01
5.413290791663426527e-01
5.356503115142919880e-01
5.300197090512170917e-01
5.244391215171227971e-01
5.189124489718023314e-01
5.134429476106534551e-01
5.080341374546319955e-01
5.026908656302917500e-01
4.974175986987892650e-01
4.922195051043197767e-01
4.871019886281905964e-01
4.820702704298667207e-01
4.771303539324858178e-01
4.722875672276728443e-01
4.675482633387194054e-01
4.629173958324070415e-01
4.584014622072847822e-01
4.540055637735094241e-01
4.497357219809068885e-01
4.455967096866002564e-01
4.415931642657146550e-01
4.377295975961164043e-01
4.340088622287185394e-01
4.304334376377713656e-01
4.270030956891880392e-01
4.237172487482354644e-01
4.205727483052889570e-01
4.175640825791551158e-01
4.146813924804115814e-01
4.119085902195536164e-01
4.092228737199817834e-01
4.065908167886318481e-01
4.039668648672964935e-01
4.012949992425033363e-01
3.985295760841788271e-01
3.957220802305378982e-01
3.933290992068428915e-01
3.932346079137754025e-01
4.021193317345966300e-01
4.399613727933965324e-01
5.468621940207987198e-01
8.458694227683580813e-01
8.621915005622159400e-01
8.828490772800628994e-01
9.828683971351802606e-01
8.982884438233644797e-01
9.233470628962925364e-01
8.921030921743386966e-01
8.881876456151635013e-01
8.867555698970759348e-01
8.823508006377236423e-01
8.774035948593903456e-01
8.720913388478275241e-01
8.663576384776683348e-01
8.602354207120644913e-01
8.537645311271991888e-01
8.469848176440351040e-01
8.399343794039432209e-01
8.326502453089151823e-01
8.251668855742635422e-01
8.175156615217595846e-01
8.097261502090270513e-01
8.018247008697952927e-01
7.938350756262563257e-01
7.857784194012824575e-01
7.776733787548120169e-01
7.695357069054574728e-01
7.613797625304640215e-01
7.532165986183035900e-01
7.450562235938522626e-01
7.369076105204038774e-01
7.287773236994377068e-01
7.206714207448559062e-01
7.125940799803024417e-01
7.045488120275480437e-01
6.965391808584263655e-01
6.885661083973820817e-01
6.806327210494188540e-01
6.727398382755622741e-01
6.648888157695506118e-01
6.570807435321996959e-01
6.493155984527029245e-01
6.415951839310146676e-01
6.339206742336304101e-01
6.262932789921190624e-01
6.187142360747768244e-01
6.111853065085824932e-01
6.037082436617842163e-01
5.962859202425385696e-01
5.889199496259921451e-01
5.816146332007706699e-01
5.743726728620823785e-01
5.672000951192949225e-01
5.600998869273171588e-01
5.530780968461952440e-01
5.461392647258703770e-01
5.392899117469580617e-01
5.325369560624255705e-01
5.258879470198460915e-01
5.193511339548559924e-01
5.129350732676304370e-01
5.066480393835265383e-01
5.005002275876064832e-01
4.945006415294926350e-01
4.886605109777745204e-01
4.829890246177865887e-01
4.774977415085074339e-01
4.721967996007665480e-01
4.670979228468983835e-01
4.622115064640339721e-01
4.575488160806363558e-01
4.531208182071473356e-01
4.489374803737085640e-01
4.450088519284727817e-01
4.413435775137720674e-01
4.379508603237302067e-01
4.348385185951380016e-01
4.320139850463985964e-01
4.294806733375400865e-01
4.272389322056350802e-01
4.252826660326404773e-01
4.235934508153845202e-01
4.221310270842118517e-01
4.208161498792057920e-01
4.195079264108862449e-01
4.179846595591790170e-01
4.160134812041042518e-01
4.138526944450859335e-01
4.140202291958002823e-01
4.288318767124434383e-01
5.108074162322551182e-01
9.900338907192614002e-01
9.349673900835798745e-01
9.910726151403927986e-01
1.000000000000000000e+00
1.000000000000000000e+00
9.999999999999994449e-01
9.999999999999998890e-01
9.999999999999998890e-01
1.000000000000000000e+00
1.000000000000000000e+00
9.999999999999998890e-01
1.000000000000000000e+00
9.996896335390841326e-01
9.892518072274070207e-01
9.782874490087829500e-01
9.668737553894944936e-01
9.550820275291781458e-01
9.429781123577627433e-01
9.306222683063138934e-01
9.180686449159340956e-01
9.053667055499607930e-01
8.925590407535834991e-01
8.796835263965399054e-01
8.667726949938325820e-01
8.538537862180801685e-01
8.409505351757864400e-01
8.280820888200181029e-01
8.152638026869951648e-01
8.025088875635300045e-01
7.898275652324655560e-01
7.772271532951930961e-01
7.647137128974614839e-01
7.522905958372314572e-01
7.399609777823439316e-01
7.277260186764966665e-01
7.155859994872164620e-01
7.035413064088006374e-01
6.915918253955662953e-01
6.797371280673554228e-01
6.679776684280351873e-01
6.563119600274337495e-01
6.447408498800404342e-01
6.332639441806616754e-01
6.218817318798744997e-01
6.105958822592708612e-01
5.994073756375651874e-01
5.883194512404609222e-01
5.773350269638977128e-01
5.664575556927382571e-01
5.556925026406944745e-01
5.450445733466574572e-01
5.345210715601933504e-01
5.241277837027945585e-01
5.138732353985674406e-01
5.037653507288950561e-01
4.938152740393770279e-01
4.840342001916079218e-01
4.744337590638689206e-01
4.650264138186978591e-01
4.558255159696575354e-01
4.468460103306466924e-01
4.381036608881055394e-01
4.296135073662959436e-01
4.213930365665708999e-01
4.134593849030065438e-01
4.058319548827124534e-01
3.985296243807808225e-01
3.915728902396669597e-01
3.849823274555865260e-01
3.787801348717096395e-01
3.729896285530644451e-01
3.676346781943699016e-01
3.627419848901627386e-01
3.583409034002321136e-01
3.544660873651757083e-01
3.511579834347416940e-01
3.484649292612764793e-01
3.464461686602889889e-01
3.451792000131825855e-01
3.447631338958331848e-01
3.453290965524591360e-01
3.470536767553480950e-01
3.501806645904185777e-01
3.550573129651551363e-01
3.622036997068610042e-01
3.724709733459822814e-01
3.875894652509353500e-01
4.103032838724665066e-01
4.344883307663708338e-01
5.171442437429977224e-01
9.999999999999998890e-01
9.989138566581352574e-01
9.174441106974298155e-01
1.000000000000000000e+00
9.773920630630492656e-01
9.999999999999998890e-01
9.819804099528800512e-01
9.775412331620557671e-01
9.768584035161084200e-01
9.721830419250866440e-01
9.667389254049978398e-01
9.609326070862904690e-01
9.546862408632899033e-01
9.480482177977240799e-01
9.410751836582617047e-01
9.338175001481163751e-01
9.263215047161267313e-01
9.186291113507735195e-01
9.107787896097251368e-01
9.028049077943254286e-01
8.947389230368200108e-01
8.866074251484574731e-01
8.784346699922350732e-01
8.702408762447739754e-01
8.620427931208765049e-01
8.538558959884773314e-01
8.456914124641943253e-01
8.375590425924785976e-01
8.294670368037998509e-01
8.214214599304482389e-01
8.134268507107389468e-01
8.054868134207163743e-01
7.976029683531556946e-01
7.897775269192515157e-01
7.820106895531545588e-01
7.743029268112854302e-01
7.666534878889619264e-01
7.590627234943811974e-01
7.515300006865524018e-01
7.440555170164669940e-01
7.366380365020752663e-01
7.292785275023913050e-01
7.219760876811150974e-01
7.147313072132133183e-01
7.075450496824908786e-01
7.004176426606109063e-01
6.933517616558464436e-01
6.863485325664346881e-01
6.794107788660269653e-01
6.725418884573679534e-01
6.657449837067954679e-01
6.590246615951007580e-01
6.523850960032474555e-01
6.458315037743094233e-01
6.393694873262576461e-01
6.330064287528429645e-01
6.267492941827654818e-01
6.206062980462400125e-01
6.145861675423007764e-01
6.086974961238080795e-01
6.029500534664441469e-01
5.973545682275320790e-01
5.919217246011719835e-01
5.866633058686292479e-01
5.815909623954880203e-01
5.767177971445313078e-01
5.720570849435399063e-01
5.676225899158061639e-01
5.634289005183737986e-01
5.594913460975392550e-01
5.558260731537717492e-01
5.524494735428133740e-01
5.493804035083493797e-01
5.466394699907004551e-01
5.442504065707404193e-01
5.422414191085054291e-01
5.406455904562476045e-01
5.395041291378168680e-01
5.388699205638316503e-01
5.388105411485233365e-01
5.394161342941947712e-01
5.408062632189164498e-01
5.431429161258171101e-01
5.466499281767105423e-01
5.516403643593557060e-01
5.585604166473896459e-01
5.681472008414985009e-01
5.799189268255739993e-01
5.810694170559063121e-01
6.105436646886623908e-01
1.000000000000000000e+00
8.908740185734735917e-01
