# densities
1.0000
1.0000
1.0000
0.8236
0.6672
0.5527
0.4584
0.3764
0.3051
0.2421
0.1853
0.1336
0.0855
0.0403
0.0000
0.0169
0.0210
0.0225
0.0000
0.0000
0.0000
0.0000
0.0000
0.0000
0.0000
0.0000
0.0000
0.0000
0.0000
0.0026
1.0000
1.0000
1.0000
0.9911
0.7853
0.6065
0.4575
0.3267
0.2129
0.1131
0.0241
0.0162
0.0009
0.0000
0.0000
0.0000
0.0000
0.0000
0.0000
0.0000
0.0000
0.0000
0.0000
0.0000
0.0000
0.0000
0.0000
0.0000
0.0000
0.0000
0.9958
1.0000
0.9753
0.8955
0.7524
0.6381
0.5391
0.4477
0.3667
0.2948
0.2293
0.1689
0.1114
0.0556
0.0000
0.0163
0.0016
0.0000
0.0000
0.0003
0.0000
0.0000
0.0000
0.0000
0.0000
0.0000
0.0000
0.0000
0.0000
0.0000
0.7372
0.8813
0.8997
0.8463
0.7517
0.6716
0.5994
0.5264
0.4595
0.3991
0.3433
0.2912
0.2411
0.1915
0.1406
0.0876
0.0316
0.0020
0.0000
0.0000
0.0000
0.0000
0.0000
0.0000
0.0000
0.0000
0.0000
0.0000
0.0000
0.0000
0.6029
0.6950
0.7929
0.7964
0.7377
0.6868
0.6379
0.5806
0.5242
0.4705
0.4181
0.3666
0.3154
0.2639
0.2114
0.1576
0.1021
0.0440
0.0000
0.0005
0.0000
0.0000
0.0000
0.0000
0.0000
0.0000
0.0000
0.0000
0.0000
0.0000
0.5148
0.5727
0.6943
0.7350
0.7012
0.6760
0.6499
0.6097
0.5669
0.5237
0.4796
0.4349
0.3895
0.3429
0.2947
0.2444
0.1914
0.1349
0.0753
0.0109
0.0032
0.0000
0.0000
0.0000
0.0000
0.0000
0.0000
0.0000
0.0000
0.0000
0.4494
0.4795
0.6061
0.6704
0.6538
0.6486
0.6416
0.6173
0.5877
0.5559
0.5216
0.4852
0.4471
0.4072
0.3650
0.3199
0.2714
0.2185
0.1609
0.0977
0.0291
0.0156
0.0000
0.0000
0.0000
0.0000
0.0000
0.0000
0.0000
0.0000
0.3992
0.4065
0.5300
0.6080
0.6009
0.6097
0.6177
0.6067
0.5893
0.5686
0.5441
0.5166
0.4864
0.4534
0.4175
0.3781
0.3345
0.2861
0.2325
0.1730
0.1073
0.0344
0.0149
0.0000
0.0000
0.0000
0.0000
0.0000
0.0000
0.0000
0.3580
0.3454
0.4627
0.5485
0.5456
0.5640
0.5833
0.5832
0.5765
0.5659
0.5510
0.5325
0.5106
0.4855
0.4569
0.4243
0.3873
0.3453
0.2976
0.2435
0.1822
0.1126
0.0356
0.0126
0.0000
0.0000
0.0000
0.0000
0.0000
0.0000
0.3227
0.2923
0.4027
0.4927
0.4905
0.5150
0.5427
0.5511
0.5532
0.5516
0.5455
0.5356
0.5221
0.5052
0.4845
0.4598
0.4304
0.3958
0.3553
0.3078
0.2523
0.1873
0.1136
0.0295
0.0039
0.0000
0.0000
0.0000
0.0000
0.0000
0.2914
0.2451
0.3487
0.4408
0.4370
0.4650
0.4986
0.5134
0.5225
0.5284
0.5302
0.5282
0.5227
0.5138
0.5013
0.4847
0.4635
0.4370
0.4044
0.3646
0.3161
0.2572
0.1883
0.1073
0.0041
0.0052
0.0000
0.0000
0.0000
0.0000
0.2629
0.2023
0.2996
0.3927
0.3855
0.4153
0.4529
0.4722
0.4867
0.4987
0.5071
0.5121
0.5140
0.5128
0.5082
0.4997
0.4869
0.4690
0.4450
0.4136
0.3732
0.3219
0.2594
0.1837
0.0815
0.0034
0.0014
0.0000
0.0000
0.0000
0.2366
0.1631
0.2545
0.3482
0.3367
0.3668
0.4068
0.4292
0.4476
0.4644
0.4782
0.4892
0.4976
0.5033
0.5061
0.5056
0.5011
0.4919
0.4768
0.4545
0.4232
0.3806
0.3262
0.2574
0.1585
0.0507
0.0068
0.0000
0.0000
0.0000
0.2123
0.1274
0.2129
0.3072
0.2907
0.3202
0.3616
0.3857
0.4068
0.4271
0.4450
0.4609
0.4747
0.4866
0.4962
0.5030
0.5065
0.5058
0.4998
0.4870
0.4655
0.4328
0.3881
0.3281
0.2357
0.1312
0.0386
0.0000
0.0000
0.0000
0.1898
0.0952
0.1747
0.2696
0.2479
0.2761
0.3180
0.3428
0.3654
0.3881
0.4091
0.4286
0.4469
0.4638
0.4792
0.4926
0.5035
0.5110
0.5139
0.5108
0.4996
0.4778
0.4441
0.3946
0.3119
0.2135
0.1302
0.0137
0.0000
0.0016
0.1691
0.0666
0.1397
0.2357
0.2085
0.2350
0.2769
0.3015
0.3248
0.3487
0.3717
0.3938
0.4153
0.4362
0.4563
0.4753
0.4927
0.5077
0.5191
0.5256
0.5250
0.5147
0.4931
0.4559
0.3854
0.2965
0.2233
0.0057
0.0000
0.0036
0.1505
0.0419
0.1080
0.2054
0.1730
0.1974
0.2389
0.2628
0.2859
0.3103
0.3342
0.3578
0.3813
0.4049
0.4285
0.4519
0.4747
0.4962
0.5155
0.5311
0.5410
0.5426
0.5340
0.5103
0.4546
0.3788
0.3161
0.1007
0.0000
0.0225
0.1341
0.0212
0.0800
0.1790
0.1414
0.1636
0.2046
0.2272
0.2496
0.2739
0.2979
0.3220
0.3464
0.3714
0.3971
0.4235
0.4503
0.4771
0.5031
0.5271
0.5471
0.5605
0.5653
0.5563
0.5176
0.4583
0.4058
0.1980
0.0000
0.0000
0.1195
0.0036
0.0554
0.1560
0.1140
0.1337
0.1742
0.1955
0.2169
0.2405
0.2641
0.2878
0.3121
0.3373
0.3637
0.3915
0.4208
0.4512
0.4824
0.5134
0.5425
0.5674
0.5856
0.5922
0.5725
0.5333
0.4920
0.2986
0.0180
0.0582
0.1071
0.0129
0.0345
0.1360
0.0906
0.1077
0.1480
0.1679
0.1882
0.2111
0.2338
0.2567
0.2801
0.3044
0.3301
0.3577
0.3876
0.4198
0.4542
0.4905
0.5272
0.5624
0.5937
0.6163
0.6175
0.6015
0.5734
0.4023
0.0149
0.1411
0.0958
0.0184
0.0165
0.1182
0.0708
0.0852
0.1258
0.1444
0.1638
0.1861
0.2080
0.2297
0.2517
0.2744
0.2984
0.3243
0.3529
0.3847
0.4201
0.4592
0.5013
0.5450
0.5881
0.6266
0.6501
0.6601
0.6487
0.5095
0.1640
0.2413
0.0860
0.0203
0.0017
0.1025
0.0545
0.0659
0.1070
0.1247
0.1436
0.1655
0.1869
0.2077
0.2283
0.2490
0.2706
0.2938
0.3195
0.3487
0.3824
0.4215
0.4661
0.5155
0.5683
0.6213
0.6678
0.7051
0.7135
0.6170
0.3386
0.3612
0.0773
0.0252
0.0053
0.0886
0.0411
0.0492
0.0911
0.1082
0.1271
0.1492
0.1705
0.1908
0.2103
0.2294
0.2485
0.2684
0.2903
0.3152
0.3448
0.3806
0.4239
0.4752
0.5341
0.5990
0.6678
0.7331
0.7652
0.7250
0.5512
0.5096
0.0696
0.0335
0.0229
0.0764
0.0299
0.0348
0.0775
0.0944
0.1136
0.1365
0.1582
0.1786
0.1977
0.2157
0.2329
0.2500
0.2679
0.2878
0.3116
0.3413
0.3793
0.4277
0.4874
0.5594
0.6481
0.7397
0.7979
0.8302
0.8237
0.7009
0.0631
0.0300
0.0234
0.0663
0.0209
0.0225
0.0658
0.0827
0.1026
0.1265
0.1492
0.1702
0.1896
0.2074
0.2237
0.2390
0.2538
0.2693
0.2869
0.3090
0.3385
0.3791
0.4330
0.5046
0.6073
0.7210
0.8051
0.9289
0.8101
0.9623
0.0573
0.0293
0.0293
0.0573
0.0130
0.0119
0.0557
0.0727
0.0935
0.1187
0.1426
0.1647
0.1850
0.2033
0.2198
0.2345
0.2479
0.2605
0.2735
0.2885
0.3086
0.3379
0.3794
0.4409
0.5475
0.6733
0.7761
1.0000
1.0000
0.9600
0.0524
0.0358
0.0254
0.0504
0.0070
0.0033
0.0473
0.0644
0.0861
0.1126
0.1377
0.1610
0.1824
0.2018
0.2192
0.2346
0.2481
0.2601
0.2711
0.2819
0.2946
0.3129
0.3386
0.3805
0.4753
0.5942
0.6884
0.9955
1.0000
1.0000
0.0489
0.0326
0.0434
0.0450
0.0022
0.0000
0.0407
0.0579
0.0805
0.1081
0.1342
0.1586
0.1811
0.2017
0.2202
0.2369
0.2517
0.2649
0.2765
0.2867
0.2966
0.3084
0.3207
0.3392
0.4076
0.4918
0.5340
0.8768
1.0000
1.0000
0.0465
0.0318
0.0310
0.0421
0.0028
0.0000
0.0361
0.0534
0.0765
0.1049
0.1319
0.1571
0.1805
0.2020
0.2216
0.2395
0.2559
0.2709
0.2846
0.2969
0.3080
0.3189
0.3242
0.3232
0.3587
0.3894
0.3468
0.6151
1.0000
1.0000
0.0456
0.0309
0.0249
0.0406
0.0042
0.0000
0.0338
0.0510
0.0746
0.1034
0.1307
0.1563
0.1802
0.2022
0.2225
0.2412
0.2585
0.2748
0.2902
0.3046
0.3179
0.3303
0.3336
0.3216
0.3339
0.3230
0.2156
0.3605
1.0000
1.0000
0.0456
0.0309
0.0249
0.0406
0.0042
0.0000
0.0338
0.0510
0.0746
0.1034
0.1307
0.1563
0.1802
0.2022
0.2225
0.2412
0.2585
0.2748
0.2902
0.3046
0.3179
0.3303
0.3336
0.3216
0.3339
0.3230
0.2156
0.3605
1.0000
1.0000
0.0465
0.0318
0.0310
0.0421
0.0028
0.0000
0.0361
0.0534
0.0765
0.1049
0.1319
0.1571
0.1805
0.2020
0.2216
0.2395
0.2559
0.2709
0.2846
0.2969
0.3080
0.3189
0.3242
0.3232
0.3587
0.3894
0.3468
0.6151
1.0000
1.0000
0.0489
0.0326
0.0434
0.0450
0.0022
0.0000
0.0407
0.0579
0.0805
0.1081
0.1342
0.1586
0.1811
0.2017
0.2202
0.2369
0.2517
0.2649
0.2765
0.2867
0.2966
0.3084
0.3207
0.3392
0.4076
0.4918
0.5340
0.8768
1.0000
1.0000
0.0524
0.0358
0.0254
0.0504
0.0070
0.0033
0.0473
0.0644
0.0861
0.1126
0.1377
0.1610
0.1824
0.2018
0.2192
0.2346
0.2481
0.2601
0.2711
0.2819
0.2946
0.3129
0.3386
0.3805
0.4753
0.5942
0.6884
0.9955
1.0000
1.0000
0.0573
0.0293
0.0293
0.0573
0.0130
0.0119
0.0557
0.0727
0.0935
0.1187
0.1426
0.1647
0.1850
0.2033
0.2198
0.2345
0.2479
0.2605
0.2735
0.2885
0.3086
0.3379
0.3794
0.4409
0.5475
0.6733
0.7761
1.0000
1.0000
0.9600
0.0631
0.0300
0.0234
0.0663
0.0209
0.0225
0.0658
0.0827
0.1026
0.1265
0.1492
0.1702
0.1896
0.2074
0.2237
0.2390
0.2538
0.2693
0.2869
0.3090
0.3385
0.3791
0.4330
0.5046
0.6073
0.7210
0.8051
0.9289
0.8101
0.9623
0.0696
0.0335
0.0229
0.0764
0.0299
0.0348
0.0775
0.0944
0.1136
0.1365
0.1582
0.1786
0.1977
0.2157
0.2329
0.2500
0.2679
0.2878
0.3116
0.3413
0.3793
0.4277
0.4874
0.5594
0.6481
0.7397
0.7979
0.8302
0.8237
0.7009
0.0773
0.0252
0.0053
0.0886
0.0411
0.0492
0.0911
0.1082
0.1271
0.1492
0.1705
0.1908
0.2103
0.2294
0.2485
0.2684
0.2903
0.3152
0.3448
0.3806
0.4239
0.4752
0.5341
0.5990
0.6678
0.7331
0.7652
0.7250
0.5512
0.5096
0.0860
0.0203
0.0017
0.1025
0.0545
0.0659
0.1070
0.1247
0.1436
0.1655
0.1869
0.2077
0.2283
0.2490
0.2706
0.2938
0.3195
0.3487
0.3824
0.4215
0.4661
0.5155
0.5683
0.6213
0.6678
0.7051
0.7135
0.6170
0.3386
0.3612
0.0958
0.0184
0.0165
0.1182
0.0708
0.0852
0.1258
0.1444
0.1638
0.1861
0.2080
0.2297
0.2517
0.2744
0.2984
0.3243
0.3529
0.3847
0.4201
0.4592
0.5013
0.5450
0.5881
0.6266
0.6501
0.6601
0.6487
0.5095
0.1640
0.2413
0.1071
0.0129
0.0345
0.1360
0.0906
0.1077
0.1480
0.1679
0.1882
0.2111
0.2338
0.2567
0.2801
0.3044
0.3301
0.3577
0.3876
0.4198
0.4542
0.4905
0.5272
0.5624
0.5937
0.6163
0.6175
0.6015
0.5734
0.4023
0.0149
0.1411
0.1195
0.0036
0.0554
0.1560
0.1140
0.1337
0.1742
0.1955
0.2169
0.2405
0.2641
0.2878
0.3121
0.3373
0.3637
0.3915
0.4208
0.4512
0.4824
0.5134
0.5425
0.5674
0.5856
0.5922
0.5725
0.5333
0.4920
0.2986
0.0180
0.0582
0.1341
0.0212
0.0800
0.1790
0.1414
0.1636
0.2046
0.2272
0.2496
0.2739
0.2979
0.3220
0.3464
0.3714
0.3971
0.4235
0.4503
0.4771
0.5031
0.5271
0.5471
0.5605
0.5653
0.5563
0.5176
0.4583
0.4058
0.1980
0.0000
0.0000
0.1505
0.0419
0.1080
0.2054
0.1730
0.1974
0.2389
0.2628
0.2859
0.3103
0.3342
0.3578
0.3813
0.4049
0.4285
0.4519
0.4747
0.4962
0.5155
0.5311
0.5410
0.5426
0.5340
0.5103
0.4546
0.3788
0.3161
0.1007
0.0000
0.0225
0.1691
0.0666
0.1397
0.2357
0.2085
0.2350
0.2769
0.3015
0.3248
0.3487
0.3717
0.3938
0.4153
0.4362
0.4563
0.4753
0.4927
0.5077
0.5191
0.5256
0.5250
0.5147
0.4931
0.4559
0.3854
0.2965
0.2233
0.0057
0.0000
0.0036
0.1898
0.0952
0.1747
0.2696
0.2479
0.2761
0.3180
0.3428
0.3654
0.3881
0.4091
0.4286
0.4469
0.4638
0.4792
0.4926
0.5035
0.5110
0.5139
0.5108
0.4996
0.4778
0.4441
0.3946
0.3119
0.2135
0.1302
0.0137
0.0000
0.0016
0.2123
0.1274
0.2129
0.3072
0.2907
0.3202
0.3616
0.3857
0.4068
0.4271
0.4450
0.4609
0.4747
0.4866
0.4962
0.5030
0.5065
0.5058
0.4998
0.4870
0.4655
0.4328
0.3881
0.3281
0.2357
0.1312
0.0386
0.0000
0.0000
0.0000
0.2366
0.1631
0.2545
0.3482
0.3367
0.3668
0.4068
0.4292
0.4476
0.4644
0.4782
0.4892
0.4976
0.5033
0.5061
0.5056
0.5011
0.4919
0.4768
0.4545
0.4232
0.3806
0.3262
0.2574
0.1585
0.0507
0.0068
0.0000
0.0000
0.0000
0.2629
0.2023
0.2996
0.3927
0.3855
0.4153
0.4529
0.4722
0.4867
0.4987
0.5071
0.5121
0.5140
0.5128
0.5082
0.4997
0.4869
0.4690
0.4450
0.4136
0.3732
0.3219
0.2594
0.1837
0.0815
0.0034
0.0014
0.0000
0.0000
0.0000
0.2914
0.2451
0.3487
0.4408
0.4370
0.4650
0.4986
0.5134
0.5225
0.5284
0.5302
0.5282
0.5227
0.5138
0.5013
0.4847
0.4635
0.4370
0.4044
0.3646
0.3161
0.2572
0.1883
0.1073
0.0041
0.0052
0.0000
0.0000
0.0000
0.0000
0.3227
0.2923
0.4027
0.4927
0.4905
0.5150
0.5427
0.5511
0.5532
0.5516
0.5455
0.5356
0.5221
0.5052
0.4845
0.4598
0.4304
0.3958
0.3553
0.3078
0.2523
0.1873
0.1136
0.0295
0.0039
0.0000
0.0000
0.0000
0.0000
0.0000
0.3580
0.3454
0.4627
0.5485
0.5456
0.5640
0.5833
0.5832
0.5765
0.5659
0.5510
0.5325
0.5106
0.4855
0.4569
0.4243
0.3873
0.3453
0.2976
0.2435
0.1822
0.1126
0.0356
0.0126
0.0000
0.0000
0.0000
0.0000
0.0000
0.0000
0.3992
0.4065
0.5300
0.6080
0.6009
0.6097
0.6177
0.6067
0.5893
0.5686
0.5441
0.5166
0.4864
0.4534
0.4175
0.3781
0.3345
0.2861
0.2325
0.1730
0.1073
0.0344
0.0149
0.0000
0.0000
0.0000
0.0000
0.0000
0.0000
0.0000
0.4494
0.4795
0.6061
0.6704
0.6538
0.6486
0.6416
0.6173
0.5877
0.5559
0.5216
0.4852
0.4471
0.4072
0.3650
0.3199
0.2714
0.2185
0.1609
0.0977
0.0291
0.0156
0.0000
0.0000
0.0000
0.0000
0.0000
0.0000
0.0000
0.0000
0.5148
0.5727
0.6943
0.7350
0.7012
0.6760
0.6499
0.6097
0.5669
0.5237
0.4796
0.4349
0.3895
0.3429
0.2947
0.2444
0.1914
0.1349
0.0753
0.0109
0.0032
0.0000
0.0000
0.0000
0.0000
0.0000
0.0000
0.0000
0.0000
0.0000
0.6029
0.6950
0.7929
0.7964
0.7377
0.6868
0.6379
0.5806
0.5242
0.4705
0.4181
0.3666
0.3154
0.2639
0.2114
0.1576
0.1021
0.0440
0.0000
0.0005
0.0000
0.0000
0.0000
0.0000
0.0000
0.0000
0.0000
0.0000
0.0000
0.0000
0.7372
0.8813
0.8997
0.8463
0.7517
0.6716
0.5994
0.5264
0.4595
0.3991
0.3433
0.2912
0.2411
0.1915
0.1406
0.0876
0.0316
0.0020
0.0000
0.0000
0.0000
0.0000
0.0000
0.0000
0.0000
0.0000
0.0000
0.0000
0.0000
0.0000
0.9958
1.0000
0.9753
0.8955
0.7524
0.6381
0.5391
0.4477
0.3667
0.2948
0.2293
0.1689
0.1114
0.0556
0.0000
0.0163
0.0016
0.0000
0.0000
0.0003
0.0000
0.0000
0.0000
0.0000
0.0000
0.0000
0.0000
0.0000
0.0000
0.0000
1.0000
1.0000
1.0000
0.9911
0.7853
0.6065
0.4575
0.3267
0.2129
0.1131
0.0241
0.0162
0.0009
0.0000
0.0000
0.0000
0.0000
0.0000
0.0000
0.0000
0.0000
0.0000
0.0000
0.0000
0.0000
0.0000
0.0000
0.0000
0.0000
0.0000
1.0000
1.0000
1.0000
0.8236
0.6672
0.5527
0.4584
0.3764
0.3051
0.2421
0.1853
0.1336
0.0855
0.0403
0.0000
0.0169
0.0210
0.0225
0.0000
0.0000
0.0000
0.0000
0.0000
0.0000
0.0000
0.0000
0.0000
0.0000
0.0000
0.0026
# OPTIMIZATION PARAMETERS 
# nelx: 30
# nely: 60
# max buckling: 0.0
# penalization: 1.0
# initial densities: 0.5
# FEA MODEL DATA 
# material: {'Ex': 0.2, 'Ey': 1, 'NUxy': 0.3}
# loads: {'Val': 0.005, 'direction': 'x', 'dof': array([1859, 1921, 1983], dtype=int64)}
# bc: Left Clamped
# 
