# densities
0.9995
1.0000
0.9750
0.8528
0.7061
0.5918
0.5215
0.4462
0.3783
0.3205
0.2618
0.2016
0.1308
0.0656
0.0030
0.0010
0.0120
0.0011
0.0000
0.0000
0.0000
0.0000
0.0000
0.0000
0.0000
0.0000
0.0000
0.0000
0.0000
0.1488
1.0000
1.0000
0.9433
0.7826
0.5443
0.3753
0.2660
0.1457
0.0395
0.0015
0.0000
0.0000
0.0000
0.0025
0.0000
0.0125
0.0004
0.0000
0.0000
0.0000
0.0000
0.0000
0.0000
0.0000
0.0000
0.0000
0.0000
0.0000
0.0000
0.0000
0.8128
0.7977
0.7642
0.7799
0.6394
0.5436
0.4820
0.3981
0.3172
0.2441
0.1697
0.0950
0.0145
0.0002
0.0024
0.0000
0.0000
0.0024
0.0020
0.0013
0.0000
0.0000
0.0000
0.0000
0.0000
0.0000
0.0000
0.0000
0.0000
0.0000
0.6539
0.6023
0.6646
0.7644
0.6638
0.6062
0.5742
0.5090
0.4423
0.3808
0.3169
0.2507
0.1788
0.1091
0.0421
0.0002
0.0034
0.0053
0.0074
0.0000
0.0022
0.0000
0.0000
0.0000
0.0000
0.0000
0.0000
0.0000
0.0000
0.0000
0.5861
0.4976
0.5674
0.6920
0.6205
0.5926
0.5833
0.5324
0.4750
0.4189
0.3595
0.2989
0.2382
0.1799
0.1234
0.0700
0.0164
0.0001
0.0000
0.0000
0.0000
0.0025
0.0000
0.0000
0.0000
0.0000
0.0000
0.0000
0.0000
0.0000
0.5496
0.4383
0.5038
0.6400
0.5885
0.5847
0.5986
0.5673
0.5269
0.4852
0.4384
0.3875
0.3336
0.2770
0.2183
0.1591
0.0991
0.0388
0.0037
0.0006
0.0000
0.0000
0.0015
0.0000
0.0000
0.0000
0.0000
0.0000
0.0000
0.0000
0.5287
0.4068
0.4623
0.6027
0.5575
0.5681
0.5993
0.5851
0.5610
0.5338
0.4992
0.4582
0.4120
0.3608
0.3053
0.2467
0.1854
0.1230
0.0581
0.0000
0.0037
0.0000
0.0000
0.0007
0.0000
0.0000
0.0000
0.0000
0.0000
0.0000
0.5127
0.3818
0.4276
0.5670
0.5210
0.5388
0.5814
0.5804
0.5700
0.5557
0.5328
0.5019
0.4643
0.4207
0.3716
0.3179
0.2601
0.1990
0.1347
0.0694
0.0032
0.0000
0.0006
0.0000
0.0006
0.0000
0.0000
0.0000
0.0000
0.0000
0.4970
0.3570
0.3973
0.5350
0.4859
0.5066
0.5560
0.5643
0.5650
0.5622
0.5506
0.5306
0.5033
0.4690
0.4282
0.3815
0.3292
0.2719
0.2101
0.1451
0.0778
0.0102
0.0000
0.0000
0.0000
0.0013
0.0023
0.0000
0.0000
0.0000
0.4799
0.3304
0.3692
0.5060
0.4529
0.4741
0.5271
0.5415
0.5505
0.5574
0.5562
0.5469
0.5301
0.5060
0.4746
0.4362
0.3912
0.3396
0.2821
0.2194
0.1523
0.0820
0.0111
0.0000
0.0000
0.0000
0.0005
0.0000
0.0000
0.0000
0.4607
0.3004
0.3410
0.4774
0.4205
0.4411
0.4957
0.5138
0.5288
0.5434
0.5512
0.5518
0.5453
0.5313
0.5098
0.4807
0.4440
0.3998
0.3482
0.2897
0.2249
0.1545
0.0814
0.0047
0.0002
0.0042
0.0000
0.0038
0.0000
0.0000
0.4393
0.2666
0.3111
0.4480
0.3876
0.4072
0.4623
0.4826
0.5017
0.5222
0.5375
0.5468
0.5497
0.5457
0.5342
0.5150
0.4876
0.4519
0.4077
0.3553
0.2948
0.2267
0.1538
0.0763
0.0000
0.0000
0.0053
0.0000
0.0000
0.0017
0.4160
0.2297
0.2793
0.4170
0.3534
0.3721
0.4271
0.4485
0.4703
0.4951
0.5164
0.5330
0.5445
0.5498
0.5483
0.5391
0.5217
0.4956
0.4602
0.4154
0.3612
0.2975
0.2266
0.1497
0.0582
0.0013
0.0003
0.0010
0.0095
0.0020
0.3913
0.1905
0.2457
0.3842
0.3176
0.3354
0.3900
0.4118
0.4352
0.4631
0.4889
0.5116
0.5305
0.5444
0.5523
0.5532
0.5462
0.5304
0.5049
0.4693
0.4229
0.3655
0.2990
0.2245
0.1295
0.0328
0.0002
0.0119
0.0045
0.0007
0.3662
0.1505
0.2109
0.3503
0.2804
0.2973
0.3513
0.3728
0.3970
0.4267
0.4558
0.4833
0.5084
0.5299
0.5466
0.5573
0.5608
0.5558
0.5413
0.5161
0.4792
0.4300
0.3698
0.2990
0.2033
0.1012
0.0233
0.0002
0.0026
0.0000
0.3415
0.1115
0.1759
0.3160
0.2425
0.2583
0.3113
0.3321
0.3561
0.3868
0.4180
0.4489
0.4789
0.5069
0.5314
0.5514
0.5652
0.5714
0.5684
0.5549
0.5292
0.4901
0.4383
0.3731
0.2797
0.1746
0.1053
0.0002
0.0001
0.0598
0.3181
0.0754
0.1422
0.2829
0.2053
0.2194
0.2712
0.2905
0.3136
0.3441
0.3761
0.4092
0.4427
0.4758
0.5071
0.5353
0.5589
0.5763
0.5855
0.5846
0.5716
0.5446
0.5033
0.4460
0.3584
0.2569
0.1966
0.0250
0.0017
0.1330
0.2969
0.0440
0.1110
0.2525
0.1700
0.1820
0.2322
0.2493
0.2705
0.2998
0.3314
0.3652
0.4008
0.4373
0.4739
0.5092
0.5418
0.5698
0.5913
0.6039
0.6049
0.5919
0.5637
0.5171
0.4383
0.3434
0.2855
0.1165
0.0000
0.1993
0.2785
0.0187
0.0839
0.2264
0.1386
0.1478
0.1963
0.2103
0.2286
0.2556
0.2855
0.3184
0.3543
0.3926
0.4326
0.4734
0.5135
0.5513
0.5846
0.6110
0.6273
0.6303
0.6176
0.5852
0.5188
0.4345
0.3792
0.2164
0.0000
0.2724
0.2631
0.0001
0.0616
0.2058
0.1124
0.1184
0.1652
0.1754
0.1899
0.2136
0.2405
0.2709
0.3052
0.3432
0.3845
0.4285
0.4742
0.5200
0.5642
0.6041
0.6364
0.6570
0.6629
0.6486
0.5989
0.5294
0.4796
0.3257
0.0183
0.3550
0.2509
0.0009
0.0450
0.1912
0.0925
0.0950
0.1405
0.1465
0.1565
0.1763
0.1990
0.2254
0.2563
0.2917
0.3318
0.3763
0.4248
0.4763
0.5292
0.5814
0.6294
0.6689
0.6963
0.7044
0.6763
0.6266
0.5895
0.4493
0.1823
0.4546
0.2408
0.0086
0.0330
0.1814
0.0791
0.0781
0.1230
0.1248
0.1304
0.1459
0.1639
0.1852
0.2110
0.2417
0.2778
0.3197
0.3676
0.4212
0.4796
0.5414
0.6036
0.6621
0.7131
0.7480
0.7472
0.7247
0.7124
0.5943
0.3907
0.5810
0.2330
0.0043
0.0257
0.1756
0.0714
0.0670
0.1123
0.1105
0.1121
0.1240
0.1375
0.1535
0.1733
0.1976
0.2274
0.2635
0.3068
0.3579
0.4172
0.4841
0.5568
0.6323
0.7073
0.7723
0.8069
0.8276
0.8658
0.7923
0.6994
0.7711
0.2259
0.0281
0.0206
0.1716
0.0677
0.0604
0.1069
0.1024
0.1012
0.1106
0.1205
0.1319
0.1461
0.1638
0.1860
0.2138
0.2488
0.2926
0.3467
0.4121
0.4888
0.5757
0.6716
0.7670
0.8448
0.9252
0.9721
0.9340
0.6339
0.8848
0.2208
0.0217
0.0183
0.1697
0.0667
0.0567
0.1048
0.0985
0.0955
0.1038
0.1118
0.1202
0.1303
0.1426
0.1578
0.1769
0.2017
0.2341
0.2769
0.3327
0.4039
0.4922
0.5996
0.7188
0.8411
1.0000
0.9791
0.6957
0.5408
0.8791
0.2165
0.0212
0.0165
0.1687
0.0667
0.0545
0.1042
0.0967
0.0927
0.1009
0.1084
0.1157
0.1240
0.1333
0.1438
0.1562
0.1717
0.1920
0.2199
0.2591
0.3139
0.3893
0.4916
0.6183
0.7734
1.0000
0.9147
1.0000
0.9789
0.9872
0.2135
0.0253
0.0158
0.1688
0.0670
0.0529
0.1038
0.0954
0.0909
0.0996
0.1075
0.1151
0.1234
0.1322
0.1412
0.1505
0.1604
0.1718
0.1864
0.2073
0.2387
0.2876
0.3633
0.4698
0.6238
0.8884
0.9833
1.0000
1.0000
1.0000
0.2117
0.0202
0.0154
0.1695
0.0670
0.0516
0.1032
0.0940
0.0893
0.0985
0.1071
0.1155
0.1248
0.1347
0.1446
0.1543
0.1633
0.1716
0.1794
0.1879
0.1992
0.2183
0.2531
0.3106
0.4165
0.6217
1.0000
1.0000
1.0000
1.0000
0.2104
0.0172
0.0149
0.1702
0.0669
0.0506
0.1026
0.0928
0.0878
0.0974
0.1065
0.1157
0.1262
0.1375
0.1492
0.1610
0.1722
0.1822
0.1902
0.1955
0.1975
0.1975
0.1970
0.1970
0.2179
0.2875
0.4958
1.0000
1.0000
1.0000
0.2099
0.0161
0.0148
0.1708
0.0667
0.0500
0.1022
0.0920
0.0869
0.0966
0.1060
0.1157
0.1268
0.1390
0.1520
0.1655
0.1789
0.1916
0.2022
0.2092
0.2096
0.2008
0.1774
0.1348
0.0903
0.0509
0.1090
0.6727
1.0000
1.0000
0.2099
0.0161
0.0148
0.1708
0.0667
0.0500
0.1022
0.0920
0.0869
0.0966
0.1060
0.1157
0.1268
0.1390
0.1520
0.1655
0.1789
0.1916
0.2022
0.2092
0.2096
0.2008
0.1774
0.1348
0.0903
0.0509
0.1090
0.6727
1.0000
1.0000
0.2104
0.0172
0.0149
0.1702
0.0669
0.0506
0.1026
0.0928
0.0878
0.0974
0.1065
0.1157
0.1262
0.1375
0.1492
0.1610
0.1722
0.1822
0.1902
0.1955
0.1975
0.1975
0.1970
0.1970
0.2179
0.2875
0.4958
1.0000
1.0000
1.0000
0.2117
0.0202
0.0154
0.1695
0.0670
0.0516
0.1032
0.0940
0.0893
0.0985
0.1071
0.1155
0.1248
0.1347
0.1446
0.1543
0.1633
0.1716
0.1794
0.1879
0.1992
0.2183
0.2531
0.3106
0.4165
0.6217
1.0000
1.0000
1.0000
1.0000
0.2135
0.0253
0.0158
0.1688
0.0670
0.0529
0.1038
0.0954
0.0909
0.0996
0.1075
0.1151
0.1234
0.1322
0.1412
0.1505
0.1604
0.1718
0.1864
0.2073
0.2387
0.2876
0.3633
0.4698
0.6238
0.8884
0.9833
1.0000
1.0000
1.0000
0.2165
0.0212
0.0165
0.1687
0.0667
0.0545
0.1042
0.0967
0.0927
0.1009
0.1084
0.1157
0.1240
0.1333
0.1438
0.1562
0.1717
0.1920
0.2199
0.2591
0.3139
0.3893
0.4916
0.6183
0.7734
1.0000
0.9147
1.0000
0.9789
0.9872
0.2208
0.0217
0.0183
0.1697
0.0667
0.0567
0.1048
0.0985
0.0955
0.1038
0.1118
0.1202
0.1303
0.1426
0.1578
0.1769
0.2017
0.2341
0.2769
0.3327
0.4039
0.4922
0.5996
0.7188
0.8411
1.0000
0.9791
0.6957
0.5408
0.8791
0.2259
0.0281
0.0206
0.1716
0.0677
0.0604
0.1069
0.1024
0.1012
0.1106
0.1205
0.1319
0.1461
0.1638
0.1860
0.2138
0.2488
0.2926
0.3467
0.4121
0.4888
0.5757
0.6716
0.7670
0.8448
0.9252
0.9721
0.9340
0.6339
0.8848
0.2330
0.0043
0.0257
0.1756
0.0714
0.0670
0.1123
0.1105
0.1121
0.1240
0.1375
0.1535
0.1733
0.1976
0.2274
0.2635
0.3068
0.3579
0.4172
0.4841
0.5568
0.6323
0.7073
0.7723
0.8069
0.8276
0.8658
0.7923
0.6994
0.7711
0.2408
0.0086
0.0330
0.1814
0.0791
0.0781
0.1230
0.1248
0.1304
0.1459
0.1639
0.1852
0.2110
0.2417
0.2778
0.3197
0.3676
0.4212
0.4796
0.5414
0.6036
0.6621
0.7131
0.7480
0.7472
0.7247
0.7124
0.5943
0.3907
0.5810
0.2509
0.0009
0.0450
0.1912
0.0925
0.0950
0.1405
0.1465
0.1565
0.1763
0.1990
0.2254
0.2563
0.2917
0.3318
0.3763
0.4248
0.4763
0.5292
0.5814
0.6294
0.6689
0.6963
0.7044
0.6763
0.6266
0.5895
0.4493
0.1823
0.4546
0.2631
0.0001
0.0616
0.2058
0.1124
0.1184
0.1652
0.1754
0.1899
0.2136
0.2405
0.2709
0.3052
0.3432
0.3845
0.4285
0.4742
0.5200
0.5642
0.6041
0.6364
0.6570
0.6629
0.6486
0.5989
0.5294
0.4796
0.3257
0.0183
0.3550
0.2785
0.0187
0.0839
0.2264
0.1386
0.1478
0.1963
0.2103
0.2286
0.2556
0.2855
0.3184
0.3543
0.3926
0.4326
0.4734
0.5135
0.5513
0.5846
0.6110
0.6273
0.6303
0.6176
0.5852
0.5188
0.4345
0.3792
0.2164
0.0000
0.2724
0.2969
0.0440
0.1110
0.2525
0.1700
0.1820
0.2322
0.2493
0.2705
0.2998
0.3314
0.3652
0.4008
0.4373
0.4739
0.5092
0.5418
0.5698
0.5913
0.6039
0.6049
0.5919
0.5637
0.5171
0.4383
0.3434
0.2855
0.1165
0.0000
0.1993
0.3181
0.0754
0.1422
0.2829
0.2053
0.2194
0.2712
0.2905
0.3136
0.3441
0.3761
0.4092
0.4427
0.4758
0.5071
0.5353
0.5589
0.5763
0.5855
0.5846
0.5716
0.5446
0.5033
0.4460
0.3584
0.2569
0.1966
0.0250
0.0017
0.1330
0.3415
0.1115
0.1759
0.3160
0.2425
0.2583
0.3113
0.3321
0.3561
0.3868
0.4180
0.4489
0.4789
0.5069
0.5314
0.5514
0.5652
0.5714
0.5684
0.5549
0.5292
0.4901
0.4383
0.3731
0.2797
0.1746
0.1053
0.0002
0.0001
0.0598
0.3662
0.1505
0.2109
0.3503
0.2804
0.2973
0.3513
0.3728
0.3970
0.4267
0.4558
0.4833
0.5084
0.5299
0.5466
0.5573
0.5608
0.5558
0.5413
0.5161
0.4792
0.4300
0.3698
0.2990
0.2033
0.1012
0.0233
0.0002
0.0026
0.0000
0.3913
0.1905
0.2457
0.3842
0.3176
0.3354
0.3900
0.4118
0.4352
0.4631
0.4889
0.5116
0.5305
0.5444
0.5523
0.5532
0.5462
0.5304
0.5049
0.4693
0.4229
0.3655
0.2990
0.2245
0.1295
0.0328
0.0002
0.0119
0.0045
0.0007
0.4160
0.2297
0.2793
0.4170
0.3534
0.3721
0.4271
0.4485
0.4703
0.4951
0.5164
0.5330
0.5445
0.5498
0.5483
0.5391
0.5217
0.4956
0.4602
0.4154
0.3612
0.2975
0.2266
0.1497
0.0582
0.0013
0.0003
0.0010
0.0095
0.0020
0.4393
0.2666
0.3111
0.4480
0.3876
0.4072
0.4623
0.4826
0.5017
0.5222
0.5375
0.5468
0.5497
0.5457
0.5342
0.5150
0.4876
0.4519
0.4077
0.3553
0.2948
0.2267
0.1538
0.0763
0.0000
0.0000
0.0053
0.0000
0.0000
0.0017
0.4607
0.3004
0.3410
0.4774
0.4205
0.4411
0.4957
0.5138
0.5288
0.5434
0.5512
0.5518
0.5453
0.5313
0.5098
0.4807
0.4440
0.3998
0.3482
0.2897
0.2249
0.1545
0.0814
0.0047
0.0002
0.0042
0.0000
0.0038
0.0000
0.0000
0.4799
0.3304
0.3692
0.5060
0.4529
0.4741
0.5271
0.5415
0.5505
0.5574
0.5562
0.5469
0.5301
0.5060
0.4746
0.4362
0.3912
0.3396
0.2821
0.2194
0.1523
0.0820
0.0111
0.0000
0.0000
0.0000
0.0005
0.0000
0.0000
0.0000
0.4970
0.3570
0.3973
0.5350
0.4859
0.5066
0.5560
0.5643
0.5650
0.5622
0.5506
0.5306
0.5033
0.4690
0.4282
0.3815
0.3292
0.2719
0.2101
0.1451
0.0778
0.0102
0.0000
0.0000
0.0000
0.0013
0.0023
0.0000
0.0000
0.0000
0.5127
0.3818
0.4276
0.5670
0.5210
0.5388
0.5814
0.5804
0.5700
0.5557
0.5328
0.5019
0.4643
0.4207
0.3716
0.3179
0.2601
0.1990
0.1347
0.0694
0.0032
0.0000
0.0006
0.0000
0.0006
0.0000
0.0000
0.0000
0.0000
0.0000
0.5287
0.4068
0.4623
0.6027
0.5575
0.5681
0.5993
0.5851
0.5610
0.5338
0.4992
0.4582
0.4120
0.3608
0.3053
0.2467
0.1854
0.1230
0.0581
0.0000
0.0037
0.0000
0.0000
0.0007
0.0000
0.0000
0.0000
0.0000
0.0000
0.0000
0.5496
0.4383
0.5038
0.6400
0.5885
0.5847
0.5986
0.5673
0.5269
0.4852
0.4384
0.3875
0.3336
0.2770
0.2183
0.1591
0.0991
0.0388
0.0037
0.0006
0.0000
0.0000
0.0015
0.0000
0.0000
0.0000
0.0000
0.0000
0.0000
0.0000
0.5861
0.4976
0.5674
0.6920
0.6205
0.5926
0.5833
0.5324
0.4750
0.4189
0.3595
0.2989
0.2382
0.1799
0.1234
0.0700
0.0164
0.0001
0.0000
0.0000
0.0000
0.0025
0.0000
0.0000
0.0000
0.0000
0.0000
0.0000
0.0000
0.0000
0.6539
0.6023
0.6646
0.7644
0.6638
0.6062
0.5742
0.5090
0.4423
0.3808
0.3169
0.2507
0.1788
0.1091
0.0421
0.0002
0.0034
0.0053
0.0074
0.0000
0.0022
0.0000
0.0000
0.0000
0.0000
0.0000
0.0000
0.0000
0.0000
0.0000
0.8128
0.7977
0.7642
0.7799
0.6394
0.5436
0.4820
0.3981
0.3172
0.2441
0.1697
0.0950
0.0145
0.0002
0.0024
0.0000
0.0000
0.0024
0.0020
0.0013
0.0000
0.0000
0.0000
0.0000
0.0000
0.0000
0.0000
0.0000
0.0000
0.0000
1.0000
1.0000
0.9433
0.7826
0.5443
0.3753
0.2660
0.1457
0.0395
0.0015
0.0000
0.0000
0.0000
0.0025
0.0000
0.0125
0.0004
0.0000
0.0000
0.0000
0.0000
0.0000
0.0000
0.0000
0.0000
0.0000
0.0000
0.0000
0.0000
0.0000
0.9995
1.0000
0.9750
0.8528
0.7061
0.5918
0.5215
0.4462
0.3783
0.3205
0.2618
0.2016
0.1308
0.0656
0.0030
0.0010
0.0120
0.0011
0.0000
0.0000
0.0000
0.0000
0.0000
0.0000
0.0000
0.0000
0.0000
0.0000
0.0000
0.1488
# OPTIMIZATION PARAMETERS 
# nelx: 30
# nely: 60
# max buckling: 0.0
# penalization: 1.0
# initial densities: 1.0
# FEA MODEL DATA 
# material: {'Ex': 1, 'Ey': 1, 'NUxy': 0.3}
# loads: {'Val': 0.005, 'direction': 'x', 'dof': array([1859, 1921, 1983], dtype=int64)}
# bc: Left Clamped
# 
