# densities
0.6929
0.5959
0.5208
0.5432
0.4749
0.4431
0.4217
0.3983
0.3763
0.3565
0.3383
0.3224
0.3088
0.2973
0.2878
0.2801
0.2739
0.2691
0.2655
0.2629
0.2610
0.2597
0.2588
0.2583
0.2580
0.2578
0.2577
0.2577
0.0394
0.5086
0.5204
0.3816
0.2085
0.2293
0.1166
0.0682
0.0327
0.0000
0.0416
0.0186
0.0146
0.0000
0.0000
0.0000
0.0000
0.0000
0.0000
0.0000
0.0000
0.0000
0.0000
0.0000
0.0000
0.0000
0.0000
0.0000
0.0000
0.0000
0.0000
0.0394
0.5087
0.2548
0.3196
0.3575
0.2815
0.2548
0.2333
0.2065
0.1803
0.1557
0.1324
0.1113
0.0922
0.0754
0.0606
0.0479
0.0371
0.0281
0.0207
0.0146
0.0098
0.0061
0.0032
0.0011
0.0000
0.0000
0.0000
0.0000
0.0000
0.2578
0.4885
0.2301
0.3067
0.3533
0.2823
0.2636
0.2477
0.2249
0.2015
0.1786
0.1562
0.1351
0.1155
0.0976
0.0814
0.0669
0.0541
0.0430
0.0335
0.0254
0.0187
0.0132
0.0088
0.0054
0.0027
0.0007
0.0000
0.0000
0.0000
0.2580
0.4814
0.2109
0.2838
0.3288
0.2634
0.2515
0.2407
0.2227
0.2033
0.1835
0.1637
0.1444
0.1259
0.1084
0.0922
0.0773
0.0639
0.0519
0.0414
0.0323
0.0246
0.0181
0.0128
0.0085
0.0051
0.0025
0.0015
0.0000
0.0000
0.2584
0.4806
0.2084
0.2825
0.3277
0.2653
0.2565
0.2494
0.2352
0.2192
0.2022
0.1843
0.1662
0.1481
0.1306
0.1137
0.0978
0.0830
0.0695
0.0572
0.0463
0.0367
0.0285
0.0215
0.0156
0.0108
0.0069
0.0052
0.0020
0.0000
0.2594
0.4850
0.2183
0.2884
0.3353
0.2724
0.2654
0.2607
0.2491
0.2358
0.2212
0.2053
0.1885
0.1713
0.1540
0.1370
0.1204
0.1046
0.0897
0.0759
0.0633
0.0519
0.0418
0.0330
0.0254
0.0189
0.0134
0.0109
0.0062
0.0000
0.2613
0.4925
0.2335
0.2985
0.3467
0.2831
0.2770
0.2739
0.2641
0.2529
0.2402
0.2262
0.2110
0.1950
0.1783
0.1615
0.1447
0.1283
0.1124
0.0974
0.0833
0.0702
0.0584
0.0477
0.0383
0.0300
0.0228
0.0192
0.0128
0.0000
0.2646
0.5014
0.2513
0.3110
0.3608
0.2964
0.2910
0.2891
0.2806
0.2708
0.2599
0.2476
0.2340
0.2192
0.2036
0.1873
0.1707
0.1541
0.1376
0.1217
0.1064
0.0919
0.0784
0.0660
0.0548
0.0446
0.0355
0.0308
0.0226
0.0000
0.2702
0.5107
0.2698
0.3246
0.3761
0.3112
0.3063
0.3055
0.2981
0.2897
0.2803
0.2695
0.2575
0.2441
0.2297
0.2143
0.1982
0.1817
0.1651
0.1486
0.1325
0.1169
0.1021
0.0881
0.0751
0.0631
0.0522
0.0466
0.0364
0.0000
0.2788
0.5195
0.2872
0.3379
0.3914
0.3262
0.3222
0.3226
0.3161
0.3090
0.3010
0.2918
0.2813
0.2695
0.2564
0.2422
0.2270
0.2111
0.1947
0.1781
0.1615
0.1451
0.1292
0.1140
0.0996
0.0861
0.0735
0.0670
0.0551
0.0000
0.2911
0.5270
0.3022
0.3500
0.4055
0.3405
0.3374
0.3392
0.3340
0.3281
0.3217
0.3141
0.3053
0.2952
0.2837
0.2709
0.2570
0.2420
0.2262
0.2099
0.1932
0.1765
0.1600
0.1439
0.1284
0.1136
0.0998
0.0930
0.0796
0.0000
0.3082
0.5324
0.3134
0.3598
0.4173
0.3528
0.3511
0.3544
0.3506
0.3463
0.3416
0.3358
0.3289
0.3207
0.3111
0.3001
0.2877
0.2741
0.2594
0.2438
0.2275
0.2109
0.1941
0.1775
0.1614
0.1458
0.1313
0.1246
0.1103
0.0004
0.3305
0.5352
0.3196
0.3663
0.4258
0.3623
0.3621
0.3672
0.3651
0.3627
0.3599
0.3562
0.3515
0.3455
0.3381
0.3293
0.3189
0.3071
0.2939
0.2795
0.2642
0.2481
0.2316
0.2151
0.1988
0.1829
0.1681
0.1620
0.1474
0.0146
0.3580
0.5350
0.3200
0.3688
0.4301
0.3680
0.3696
0.3765
0.3764
0.3761
0.3755
0.3743
0.3721
0.3687
0.3640
0.3578
0.3500
0.3405
0.3295
0.3169
0.3030
0.2881
0.2725
0.2565
0.2405
0.2249
0.2104
0.2050
0.1904
0.0064
0.3903
0.5314
0.3140
0.3668
0.4295
0.3691
0.3725
0.3814
0.3835
0.3855
0.3875
0.3889
0.3896
0.3893
0.3878
0.3847
0.3801
0.3737
0.3654
0.3554
0.3438
0.3308
0.3166
0.3018
0.2868
0.2720
0.2582
0.2537
0.2396
0.0349
0.4274
0.5245
0.3016
0.3601
0.4237
0.3652
0.3704
0.3812
0.3854
0.3899
0.3945
0.3989
0.4028
0.4059
0.4080
0.4088
0.4081
0.4055
0.4010
0.3944
0.3860
0.3757
0.3640
0.3512
0.3379
0.3245
0.3120
0.3089
0.2957
0.1077
0.4702
0.5145
0.2829
0.3486
0.4125
0.3561
0.3630
0.3753
0.3816
0.3884
0.3957
0.4031
0.4103
0.4172
0.4234
0.4285
0.4324
0.4345
0.4348
0.4328
0.4287
0.4224
0.4143
0.4046
0.3940
0.3830
0.3726
0.3717
0.3602
0.1923
0.5200
0.5018
0.2589
0.3330
0.3964
0.3420
0.3502
0.3637
0.3718
0.3806
0.3903
0.4005
0.4109
0.4216
0.4320
0.4420
0.4511
0.4589
0.4650
0.4690
0.4707
0.4699
0.4669
0.4618
0.4553
0.4479
0.4408
0.4436
0.4349
0.2919
0.5787
0.4872
0.2308
0.3141
0.3762
0.3236
0.3326
0.3467
0.3561
0.3664
0.3780
0.3904
0.4037
0.4178
0.4323
0.4471
0.4618
0.4759
0.4890
0.5003
0.5096
0.5164
0.5205
0.5222
0.5218
0.5197
0.5177
0.5262
0.5217
0.4094
0.6481
0.4714
0.2002
0.2928
0.3530
0.3020
0.3112
0.3253
0.3352
0.3464
0.3590
0.3729
0.3882
0.4050
0.4230
0.4422
0.4623
0.4829
0.5035
0.5235
0.5421
0.5588
0.5728
0.5840
0.5926
0.5987
0.6042
0.6210
0.6229
0.5487
0.7305
0.4554
0.1688
0.2706
0.3282
0.2785
0.2873
0.3007
0.3104
0.3215
0.3343
0.3487
0.3649
0.3831
0.4034
0.4259
0.4504
0.4769
0.5049
0.5340
0.5634
0.5922
0.6193
0.6440
0.6657
0.6840
0.7008
0.7297
0.7408
0.7142
0.8284
0.4400
0.1384
0.2487
0.3033
0.2545
0.2625
0.2746
0.2835
0.2937
0.3056
0.3193
0.3351
0.3533
0.3742
0.3981
0.4252
0.4558
0.4898
0.5272
0.5674
0.6098
0.6530
0.6957
0.7364
0.7728
0.8070
0.8541
0.8796
0.9144
0.9478
0.4259
0.1103
0.2281
0.2798
0.2315
0.2384
0.2487
0.2562
0.2649
0.2751
0.2871
0.3011
0.3177
0.3372
0.3603
0.3875
0.4194
0.4565
0.4994
0.5483
0.6032
0.6635
0.7279
0.7942
0.8584
0.9209
0.9979
0.9946
0.9461
0.9693
0.4136
0.0859
0.2099
0.2588
0.2107
0.2163
0.2249
0.2306
0.2373
0.2453
0.2547
0.2659
0.2795
0.2959
0.3159
0.3403
0.3700
0.4061
0.4498
0.5025
0.5653
0.6392
0.7248
0.8209
0.9230
1.0000
0.9711
0.8061
0.9514
0.9757
0.4033
0.0658
0.1946
0.2412
0.1930
0.1973
0.2042
0.2083
0.2129
0.2184
0.2250
0.2329
0.2426
0.2547
0.2698
0.2888
0.3129
0.3435
0.3824
0.4317
0.4940
0.5725
0.6707
0.7916
0.9350
0.9756
0.8763
0.9540
1.0000
1.0000
0.3952
0.0503
0.1825
0.2274
0.1789
0.1821
0.1877
0.1903
0.1931
0.1964
0.2002
0.2049
0.2106
0.2180
0.2274
0.2397
0.2560
0.2775
0.3063
0.3449
0.3966
0.4662
0.5602
0.6863
0.8524
0.9817
0.9834
1.0000
1.0000
1.0000
0.3893
0.0391
0.1737
0.2174
0.1684
0.1710
0.1755
0.1770
0.1785
0.1800
0.1818
0.1837
0.1861
0.1893
0.1935
0.1992
0.2072
0.2185
0.2346
0.2576
0.2908
0.3387
0.4087
0.5111
0.6592
0.8900
0.8110
1.0000
1.0000
1.0000
0.3855
0.0320
0.1679
0.2109
0.1616
0.1637
0.1677
0.1685
0.1690
0.1695
0.1698
0.1700
0.1701
0.1703
0.1706
0.1713
0.1727
0.1753
0.1798
0.1876
0.2007
0.2223
0.2579
0.3161
0.4097
0.5736
0.8793
0.9894
1.0000
1.0000
0.3836
0.0286
0.1651
0.2078
0.1583
0.1602
0.1639
0.1643
0.1645
0.1644
0.1641
0.1634
0.1624
0.1611
0.1594
0.1574
0.1552
0.1528
0.1505
0.1488
0.1488
0.1523
0.1628
0.1860
0.2310
0.3224
0.5263
0.9783
1.0000
1.0000
0.3836
0.0286
0.1651
0.2078
0.1583
0.1602
0.1639
0.1643
0.1645
0.1644
0.1641
0.1634
0.1624
0.1611
0.1594
0.1574
0.1552
0.1528
0.1505
0.1488
0.1488
0.1523
0.1628
0.1860
0.2310
0.3224
0.5263
0.9783
1.0000
1.0000
0.3855
0.0320
0.1679
0.2109
0.1616
0.1637
0.1677
0.1685
0.1690
0.1695
0.1698
0.1700
0.1701
0.1703
0.1706
0.1713
0.1727
0.1753
0.1798
0.1876
0.2007
0.2223
0.2579
0.3161
0.4097
0.5736
0.8793
0.9894
1.0000
1.0000
0.3893
0.0391
0.1737
0.2174
0.1684
0.1710
0.1755
0.1770
0.1785
0.1800
0.1818
0.1837
0.1861
0.1893
0.1935
0.1992
0.2072
0.2185
0.2346
0.2576
0.2908
0.3387
0.4087
0.5111
0.6592
0.8900
0.8110
1.0000
1.0000
1.0000
0.3952
0.0503
0.1825
0.2274
0.1789
0.1821
0.1877
0.1903
0.1931
0.1964
0.2002
0.2049
0.2106
0.2180
0.2274
0.2397
0.2560
0.2775
0.3063
0.3449
0.3966
0.4662
0.5602
0.6863
0.8524
0.9817
0.9834
1.0000
1.0000
1.0000
0.4033
0.0658
0.1946
0.2412
0.1930
0.1973
0.2042
0.2083
0.2129
0.2184
0.2250
0.2329
0.2426
0.2547
0.2698
0.2888
0.3129
0.3435
0.3824
0.4317
0.4940
0.5725
0.6707
0.7916
0.9350
0.9756
0.8763
0.9540
1.0000
1.0000
0.4136
0.0859
0.2099
0.2588
0.2107
0.2163
0.2249
0.2306
0.2373
0.2453
0.2547
0.2659
0.2795
0.2959
0.3159
0.3403
0.3700
0.4061
0.4498
0.5025
0.5653
0.6392
0.7248
0.8209
0.9230
1.0000
0.9711
0.8061
0.9514
0.9757
0.4259
0.1103
0.2281
0.2798
0.2315
0.2384
0.2487
0.2562
0.2649
0.2751
0.2871
0.3011
0.3177
0.3372
0.3603
0.3875
0.4194
0.4565
0.4994
0.5483
0.6032
0.6635
0.7279
0.7942
0.8584
0.9209
0.9979
0.9946
0.9461
0.9693
0.4400
0.1384
0.2487
0.3033
0.2545
0.2625
0.2746
0.2835
0.2937
0.3056
0.3193
0.3351
0.3533
0.3742
0.3981
0.4252
0.4558
0.4898
0.5272
0.5674
0.6098
0.6530
0.6957
0.7364
0.7728
0.8070
0.8541
0.8796
0.9144
0.9478
0.4554
0.1688
0.2706
0.3282
0.2785
0.2873
0.3007
0.3104
0.3215
0.3343
0.3487
0.3649
0.3831
0.4034
0.4259
0.4504
0.4769
0.5049
0.5340
0.5634
0.5922
0.6193
0.6440
0.6657
0.6840
0.7008
0.7297
0.7408
0.7142
0.8284
0.4714
0.2002
0.2928
0.3530
0.3020
0.3112
0.3253
0.3352
0.3464
0.3590
0.3729
0.3882
0.4050
0.4230
0.4422
0.4623
0.4829
0.5035
0.5235
0.5421
0.5588
0.5728
0.5840
0.5926
0.5987
0.6042
0.6210
0.6229
0.5487
0.7305
0.4872
0.2308
0.3141
0.3762
0.3236
0.3326
0.3467
0.3561
0.3664
0.3780
0.3904
0.4037
0.4178
0.4323
0.4471
0.4618
0.4759
0.4890
0.5003
0.5096
0.5164
0.5205
0.5222
0.5218
0.5197
0.5177
0.5262
0.5217
0.4094
0.6481
0.5018
0.2589
0.3330
0.3964
0.3420
0.3502
0.3637
0.3718
0.3806
0.3903
0.4005
0.4109
0.4216
0.4320
0.4420
0.4511
0.4589
0.4650
0.4690
0.4707
0.4699
0.4669
0.4618
0.4553
0.4479
0.4408
0.4436
0.4349
0.2919
0.5787
0.5145
0.2829
0.3486
0.4125
0.3561
0.3630
0.3753
0.3816
0.3884
0.3957
0.4031
0.4103
0.4172
0.4234
0.4285
0.4324
0.4345
0.4348
0.4328
0.4287
0.4224
0.4143
0.4046
0.3940
0.3830
0.3726
0.3717
0.3602
0.1923
0.5200
0.5245
0.3016
0.3601
0.4237
0.3652
0.3704
0.3812
0.3854
0.3899
0.3945
0.3989
0.4028
0.4059
0.4080
0.4088
0.4081
0.4055
0.4010
0.3944
0.3860
0.3757
0.3640
0.3512
0.3379
0.3245
0.3120
0.3089
0.2957
0.1077
0.4702
0.5314
0.3140
0.3668
0.4295
0.3691
0.3725
0.3814
0.3835
0.3855
0.3875
0.3889
0.3896
0.3893
0.3878
0.3847
0.3801
0.3737
0.3654
0.3554
0.3438
0.3308
0.3166
0.3018
0.2868
0.2720
0.2582
0.2537
0.2396
0.0349
0.4274
0.5350
0.3200
0.3688
0.4301
0.3680
0.3696
0.3765
0.3764
0.3761
0.3755
0.3743
0.3721
0.3687
0.3640
0.3578
0.3500
0.3405
0.3295
0.3169
0.3030
0.2881
0.2725
0.2565
0.2405
0.2249
0.2104
0.2050
0.1904
0.0064
0.3903
0.5352
0.3196
0.3663
0.4258
0.3623
0.3621
0.3672
0.3651
0.3627
0.3599
0.3562
0.3515
0.3455
0.3381
0.3293
0.3189
0.3071
0.2939
0.2795
0.2642
0.2481
0.2316
0.2151
0.1988
0.1829
0.1681
0.1620
0.1474
0.0146
0.3580
0.5324
0.3134
0.3598
0.4173
0.3528
0.3511
0.3544
0.3506
0.3463
0.3416
0.3358
0.3289
0.3207
0.3111
0.3001
0.2877
0.2741
0.2594
0.2438
0.2275
0.2109
0.1941
0.1775
0.1614
0.1458
0.1313
0.1246
0.1103
0.0004
0.3305
0.5270
0.3022
0.3500
0.4055
0.3405
0.3374
0.3392
0.3340
0.3281
0.3217
0.3141
0.3053
0.2952
0.2837
0.2709
0.2570
0.2420
0.2262
0.2099
0.1932
0.1765
0.1600
0.1439
0.1284
0.1136
0.0998
0.0930
0.0796
0.0000
0.3082
0.5195
0.2872
0.3379
0.3914
0.3262
0.3222
0.3226
0.3161
0.3090
0.3010
0.2918
0.2813
0.2695
0.2564
0.2422
0.2270
0.2111
0.1947
0.1781
0.1615
0.1451
0.1292
0.1140
0.0996
0.0861
0.0735
0.0670
0.0551
0.0000
0.2911
0.5107
0.2698
0.3246
0.3761
0.3112
0.3063
0.3055
0.2981
0.2897
0.2803
0.2695
0.2575
0.2441
0.2297
0.2143
0.1982
0.1817
0.1651
0.1486
0.1325
0.1169
0.1021
0.0881
0.0751
0.0631
0.0522
0.0466
0.0364
0.0000
0.2788
0.5014
0.2513
0.3110
0.3608
0.2964
0.2910
0.2891
0.2806
0.2708
0.2599
0.2476
0.2340
0.2192
0.2036
0.1873
0.1707
0.1541
0.1376
0.1217
0.1064
0.0919
0.0784
0.0660
0.0548
0.0446
0.0355
0.0308
0.0226
0.0000
0.2702
0.4925
0.2335
0.2985
0.3467
0.2831
0.2770
0.2739
0.2641
0.2529
0.2402
0.2262
0.2110
0.1950
0.1783
0.1615
0.1447
0.1283
0.1124
0.0974
0.0833
0.0702
0.0584
0.0477
0.0383
0.0300
0.0228
0.0192
0.0128
0.0000
0.2646
0.4850
0.2183
0.2884
0.3353
0.2724
0.2654
0.2607
0.2491
0.2358
0.2212
0.2053
0.1885
0.1713
0.1540
0.1370
0.1204
0.1046
0.0897
0.0759
0.0633
0.0519
0.0418
0.0330
0.0254
0.0189
0.0134
0.0109
0.0062
0.0000
0.2613
0.4806
0.2084
0.2825
0.3277
0.2653
0.2565
0.2494
0.2352
0.2192
0.2022
0.1843
0.1662
0.1481
0.1306
0.1137
0.0978
0.0830
0.0695
0.0572
0.0463
0.0367
0.0285
0.0215
0.0156
0.0108
0.0069
0.0052
0.0020
0.0000
0.2594
0.4814
0.2109
0.2838
0.3288
0.2634
0.2515
0.2407
0.2227
0.2033
0.1835
0.1637
0.1444
0.1259
0.1084
0.0922
0.0773
0.0639
0.0519
0.0414
0.0323
0.0246
0.0181
0.0128
0.0085
0.0051
0.0025
0.0015
0.0000
0.0000
0.2584
0.4885
0.2301
0.3067
0.3533
0.2823
0.2636
0.2477
0.2249
0.2015
0.1786
0.1562
0.1351
0.1155
0.0976
0.0814
0.0669
0.0541
0.0430
0.0335
0.0254
0.0187
0.0132
0.0088
0.0054
0.0027
0.0007
0.0000
0.0000
0.0000
0.2580
0.5087
0.2548
0.3196
0.3575
0.2815
0.2548
0.2333
0.2065
0.1803
0.1557
0.1324
0.1113
0.0922
0.0754
0.0606
0.0479
0.0371
0.0281
0.0207
0.0146
0.0098
0.0061
0.0032
0.0011
0.0000
0.0000
0.0000
0.0000
0.0000
0.2578
0.5204
0.3816
0.2085
0.2293
0.1166
0.0682
0.0327
0.0000
0.0416
0.0186
0.0146
0.0000
0.0000
0.0000
0.0000
0.0000
0.0000
0.0000
0.0000
0.0000
0.0000
0.0000
0.0000
0.0000
0.0000
0.0000
0.0000
0.0000
0.0000
0.0394
0.6929
0.5959
0.5208
0.5432
0.4749
0.4431
0.4217
0.3983
0.3763
0.3565
0.3383
0.3224
0.3088
0.2973
0.2878
0.2801
0.2739
0.2691
0.2655
0.2629
0.2610
0.2597
0.2588
0.2583
0.2580
0.2578
0.2577
0.2577
0.0394
0.5086
# OPTIMIZATION PARAMETERS 
# nelx: 30
# nely: 60
# max buckling: 0.0
# penalization: 1.0
# initial densities: 1.0
# FEA MODEL DATA 
# material: {'Ex': 1, 'Ey': 0.2, 'NUxy': 0.3}
# loads: {'Val': 0.005, 'direction': 'x', 'dof': array([1859, 1921, 1983], dtype=int64)}
# bc: Left Clamped
# 
