# it, buckling[l1, l2, l3, l4, l5], volume, compliance
1.0000 -3.8505 -3.3403 -2.7499 -2.4844 -2.4210 0.3000 0.7702
2.0000 -3.4323 -3.0299 -2.9467 -2.9148 -2.7706 0.3000 0.8681
3.0000 -3.2584 -2.9866 -2.6320 -2.5876 -2.4379 0.3000 0.8681
4.0000 -3.0568 -2.8815 -2.8065 -2.7422 -2.5407 0.3000 0.9182
5.0000 -2.9772 -2.8361 -2.7883 -2.6593 -2.6323 0.3000 0.9376
6.0000 -2.9451 -2.8134 -2.7429 -2.7182 -2.6528 0.3000 0.9494
7.0000 -2.8949 -2.7942 -2.7337 -2.6986 -2.6535 0.3000 0.9607
8.0000 -2.8667 -2.7724 -2.7148 -2.6757 -2.6709 0.3000 0.9682
9.0000 -2.8182 -2.7944 -2.6649 -2.6527 -2.5979 0.3000 0.9775
10.0000 -2.8087 -2.7149 -2.6634 -2.5155 -2.4443 0.3000 0.9877
11.0000 -2.7787 -2.7179 -2.6949 -2.6112 -2.4747 0.3000 0.9872
12.0000 -2.7637 -2.7319 -2.7167 -2.5853 -2.4186 0.3000 0.9848
13.0000 -2.7535 -2.7324 -2.7258 -2.5853 -2.4225 0.3000 0.9904
14.0000 -2.7463 -2.7437 -2.7038 -2.5749 -2.4239 0.3000 0.9938
15.0000 -2.7399 -2.7365 -2.7155 -2.5593 -2.4256 0.3000 0.9974
16.0000 -2.7278 -2.7269 -2.7165 -2.5156 -2.4359 0.3000 1.0012
17.0000 -2.7122 -2.7043 -2.6935 -2.4919 -2.4377 0.3000 1.0029
18.0000 -2.7051 -2.7008 -2.6798 -2.4681 -2.4326 0.3000 1.0032
19.0000 -2.7030 -2.6993 -2.6775 -2.4679 -2.4334 0.3000 1.0036
20.0000 -2.7027 -2.6993 -2.6787 -2.4681 -2.4334 0.3000 1.0025
21.0000 -2.7028 -2.7001 -2.6839 -2.4684 -2.4343 0.3000 0.9980
22.0000 -2.7028 -2.7007 -2.6861 -2.4653 -2.4356 0.3000 0.9926
23.0000 -2.7028 -2.7012 -2.6852 -2.4612 -2.4365 0.3000 0.9880
24.0000 -2.7032 -2.7022 -2.6803 -2.4535 -2.4371 0.3000 0.9807
25.0000 -2.7028 -2.7018 -2.6751 -2.4499 -2.4346 0.3000 0.9781
26.0000 -2.7027 -2.7019 -2.6713 -2.4479 -2.4318 0.3000 0.9753
27.0000 -2.7028 -2.7022 -2.6666 -2.4465 -2.4272 0.3000 0.9723
28.0000 -2.7030 -2.7024 -2.6581 -2.4449 -2.4195 0.3000 0.9687
29.0000 -2.7028 -2.7020 -2.6509 -2.4435 -2.4145 0.3000 0.9665
30.0000 -2.7027 -2.7020 -2.6429 -2.4428 -2.4091 0.3000 0.9627
31.0000 -2.7027 -2.7022 -2.6336 -2.4424 -2.4037 0.3000 0.9586
32.0000 -2.7027 -2.7025 -2.6289 -2.4424 -2.4019 0.3000 0.9563
33.0000 -2.7031 -2.7027 -2.6231 -2.4426 -2.4002 0.3000 0.9529
34.0000 -2.7029 -2.7026 -2.6196 -2.4417 -2.3992 0.3000 0.9513
35.0000 -2.7030 -2.7025 -2.6137 -2.4419 -2.3964 0.3000 0.9474
36.0000 -2.7027 -2.7022 -2.6109 -2.4416 -2.3970 0.3000 0.9465
37.0000 -2.7027 -2.7021 -2.6063 -2.4418 -2.3969 0.3000 0.9440
38.0000 -2.7027 -2.7021 -2.6000 -2.4424 -2.3961 0.3000 0.9406
39.0000 -2.7028 -2.7023 -2.5879 -2.4437 -2.3952 0.3000 0.9341
40.0000 -2.7027 -2.7023 -2.5862 -2.4440 -2.3957 0.3000 0.9330
41.0000 -2.7027 -2.7025 -2.5841 -2.4448 -2.3971 0.3000 0.9307
42.0000 -2.7028 -2.7027 -2.5812 -2.4454 -2.3972 0.3000 0.9287
43.0000 -2.7028 -2.7026 -2.5780 -2.4457 -2.3967 0.3000 0.9267
44.0000 -2.7028 -2.7025 -2.5735 -2.4461 -2.3964 0.3000 0.9240
45.0000 -2.7027 -2.7024 -2.5712 -2.4462 -2.3964 0.3000 0.9227
46.0000 -2.7028 -2.7024 -2.5649 -2.4468 -2.3971 0.3000 0.9193
47.0000 -2.7027 -2.7023 -2.5618 -2.4470 -2.3983 0.3000 0.9179
48.0000 -2.7028 -2.7023 -2.5550 -2.4474 -2.4017 0.3000 0.9149
49.0000 -2.7028 -2.7022 -2.5468 -2.4478 -2.4057 0.3000 0.9119
50.0000 -2.7027 -2.7023 -2.5424 -2.4479 -2.4079 0.3000 0.9106
51.0000 -2.7027 -2.7024 -2.5373 -2.4481 -2.4103 0.3000 0.9092
52.0000 -2.7027 -2.7026 -2.5279 -2.4485 -2.4147 0.3000 0.9070
53.0000 -2.7028 -2.7027 -2.5171 -2.4488 -2.4194 0.3000 0.9049
54.0000 -2.7028 -2.7026 -2.5095 -2.4490 -2.4217 0.3000 0.9037
55.0000 -2.7028 -2.7026 -2.4921 -2.4482 -2.4264 0.3000 0.9009
56.0000 -2.7027 -2.7027 -2.4848 -2.4471 -2.4277 0.3000 0.8995
57.0000 -2.7029 -2.7027 -2.4784 -2.4454 -2.4263 0.3000 0.8978
58.0000 -2.7028 -2.7026 -2.4761 -2.4450 -2.4218 0.3000 0.8966
59.0000 -2.7027 -2.7026 -2.4758 -2.4458 -2.4163 0.3000 0.8954
60.0000 -2.7027 -2.7027 -2.4783 -2.4482 -2.4152 0.3000 0.8933
61.0000 -2.7027 -2.7027 -2.4808 -2.4498 -2.4167 0.3000 0.8918
62.0000 -2.7027 -2.7027 -2.4822 -2.4508 -2.4177 0.3000 0.8905
63.0000 -2.7028 -2.7027 -2.4860 -2.4526 -2.4203 0.3000 0.8881
64.0000 -2.7028 -2.7026 -2.4865 -2.4528 -2.4203 0.3000 0.8873
65.0000 -2.7027 -2.7025 -2.4876 -2.4533 -2.4206 0.3000 0.8862
66.0000 -2.7027 -2.7023 -2.4893 -2.4544 -2.4215 0.3000 0.8841
67.0000 -2.7027 -2.7022 -2.4897 -2.4548 -2.4220 0.3000 0.8831
68.0000 -2.7027 -2.7022 -2.4904 -2.4555 -2.4229 0.3000 0.8818
69.0000 -2.7027 -2.7024 -2.4914 -2.4570 -2.4251 0.3000 0.8790
70.0000 -2.7028 -2.7024 -2.4912 -2.4577 -2.4265 0.3000 0.8770
71.0000 -2.7027 -2.7024 -2.4903 -2.4576 -2.4265 0.3000 0.8762
72.0000 -2.7027 -2.7024 -2.4897 -2.4576 -2.4267 0.3000 0.8755
73.0000 -2.7027 -2.7025 -2.4891 -2.4575 -2.4272 0.3000 0.8745
74.0000 -2.7028 -2.7027 -2.4892 -2.4573 -2.4286 0.3000 0.8735
75.0000 -2.7027 -2.7026 -2.4882 -2.4569 -2.4289 0.3000 0.8725
76.0000 -2.7027 -2.7026 -2.4873 -2.4562 -2.4290 0.3000 0.8717
77.0000 -2.7027 -2.7026 -2.4866 -2.4558 -2.4294 0.3000 0.8709
78.0000 -2.7027 -2.7027 -2.4861 -2.4555 -2.4310 0.3000 0.8698
79.0000 -2.7027 -2.7027 -2.4855 -2.4552 -2.4323 0.3000 0.8689
80.0000 -2.7027 -2.7027 -2.4846 -2.4549 -2.4347 0.3000 0.8675
81.0000 -2.7027 -2.7027 -2.4842 -2.4548 -2.4353 0.3000 0.8672
82.0000 -2.7030 -2.7027 -2.4817 -2.4557 -2.4420 0.3000 0.8641
83.0000 -2.7027 -2.7025 -2.4808 -2.4561 -2.4424 0.3000 0.8638
84.0000 -2.7027 -2.7025 -2.4806 -2.4578 -2.4435 0.3000 0.8630
85.0000 -2.7027 -2.7027 -2.4802 -2.4615 -2.4443 0.3000 0.8619
86.0000 -2.7028 -2.7027 -2.4803 -2.4640 -2.4447 0.3000 0.8612
87.0000 -2.7027 -2.7026 -2.4796 -2.4665 -2.4442 0.3000 0.8606
88.0000 -2.7028 -2.7025 -2.4783 -2.4729 -2.4427 0.3000 0.8589
89.0000 -2.7028 -2.7025 -2.4816 -2.4772 -2.4411 0.3000 0.8570
90.0000 -2.7027 -2.7025 -2.4848 -2.4773 -2.4411 0.3000 0.8563
91.0000 -2.7027 -2.7025 -2.4888 -2.4776 -2.4410 0.3000 0.8554
92.0000 -2.7027 -2.7026 -2.4922 -2.4778 -2.4408 0.3000 0.8543
93.0000 -2.7027 -2.7026 -2.4935 -2.4778 -2.4407 0.3000 0.8538
94.0000 -2.7028 -2.7027 -2.4986 -2.4780 -2.4408 0.3000 0.8525
95.0000 -2.7027 -2.7027 -2.4993 -2.4780 -2.4408 0.3000 0.8523
96.0000 -2.7029 -2.7027 -2.5036 -2.4785 -2.4411 0.3000 0.8512
97.0000 -2.7027 -2.7025 -2.5063 -2.4786 -2.4409 0.3000 0.8503
98.0000 -2.7027 -2.7025 -2.5064 -2.4786 -2.4408 0.3000 0.8501
99.0000 -2.7027 -2.7025 -2.5068 -2.4788 -2.4407 0.3000 0.8496
100.0000 -2.7027 -2.7025 -2.5067 -2.4789 -2.4403 0.3000 0.8491
101.0000 -2.7027 -2.7024 -2.5060 -2.4789 -2.4399 0.3000 0.8489
102.0000 -2.7027 -2.7023 -2.5052 -2.4790 -2.4393 0.3000 0.8485
103.0000 -2.7027 -2.7022 -2.5042 -2.4791 -2.4384 0.3000 0.8482
104.0000 -2.7027 -2.7021 -2.5028 -2.4791 -2.4372 0.3000 0.8477
105.0000 -2.7027 -2.7020 -2.5019 -2.4791 -2.4364 0.3000 0.8473
106.0000 -2.7027 -2.7020 -2.5013 -2.4792 -2.4361 0.3000 0.8471
107.0000 -2.7027 -2.7020 -2.4978 -2.4801 -2.4351 0.3000 0.8461
108.0000 -2.7028 -2.7024 -2.4902 -2.4820 -2.4334 0.3000 0.8440
109.0000 -2.7027 -2.7024 -2.4892 -2.4820 -2.4332 0.3000 0.8438
# OPTIMIZATION PARAMETERS 
# nelx: 30
# nely: 60
# max buckling: 0.37
# penalization: 3.0
# initial densities: [0.0301 0.     0.     ... 0.     0.     0.    ]
# FEA MODEL DATA 
# material: {'Ex': 1, 'Ey': 0.2, 'NUxy': 0.3}
# loads: {'Val': 0.005, 'direction': 'x', 'dof': array([1859, 1921, 1983], dtype=int64)}
# bc: Left Clamped
# 
