# it, buckling[l1, l2, l3, l4, l5], volume, compliance
1.0000 -6.2237 -4.7761 -3.7338 -3.3118 -3.1362 0.3000 0.7269
2.0000 -4.2942 -4.1377 -3.8827 -3.3367 -3.2562 0.3000 0.8580
3.0000 -4.0392 -3.9988 -3.9073 -3.7610 -3.2427 0.3000 0.9000
4.0000 -3.9914 -3.9656 -3.8857 -3.3962 -3.2124 0.3000 0.8946
5.0000 -3.9998 -3.9911 -3.8814 -3.2188 -3.1235 0.3000 0.8747
6.0000 -3.9912 -3.9627 -3.9602 -3.2066 -3.1696 0.3000 0.8591
7.0000 -4.0040 -3.9909 -3.9471 -3.2158 -3.2042 0.3000 0.8438
8.0000 -4.0214 -4.0145 -3.9282 -3.3649 -3.2217 0.3000 0.7917
9.0000 -3.9905 -3.9658 -3.9045 -3.3895 -3.2084 0.3000 0.7888
10.0000 -3.9904 -3.9728 -3.9057 -3.4003 -3.2135 0.3000 0.7815
11.0000 -3.9905 -3.9888 -3.9085 -3.3954 -3.2205 0.3000 0.7731
12.0000 -3.9928 -3.9578 -3.9124 -3.3570 -3.2276 0.3000 0.7654
13.0000 -3.9903 -3.9338 -3.9158 -3.3163 -3.2347 0.3000 0.7562
14.0000 -3.9904 -3.9196 -3.8818 -3.2792 -3.2396 0.3000 0.7508
15.0000 -3.9904 -3.9235 -3.7412 -3.2455 -3.2300 0.3000 0.7444
16.0000 -3.9904 -3.9267 -3.5521 -3.2503 -3.1915 0.3000 0.7394
17.0000 -3.9904 -3.9296 -3.3166 -3.2546 -3.1386 0.3000 0.7349
18.0000 -3.9904 -3.9325 -3.2592 -3.1799 -2.9714 0.3000 0.7305
19.0000 -3.9904 -3.9347 -3.2630 -3.1395 -2.8858 0.3000 0.7266
20.0000 -3.9904 -3.9371 -3.2675 -3.0972 -2.8457 0.3000 0.7224
21.0000 -3.9904 -3.9389 -3.2712 -3.0617 -2.8241 0.3000 0.7189
22.0000 -3.9904 -3.9398 -3.2731 -3.0413 -2.8130 0.3000 0.7168
23.0000 -3.9904 -3.9409 -3.2752 -3.0081 -2.7941 0.3000 0.7141
24.0000 -3.9904 -3.9420 -3.2773 -2.9704 -2.7717 0.3000 0.7113
25.0000 -3.9904 -3.9431 -3.2803 -2.9193 -2.7432 0.3000 0.7078
26.0000 -3.9904 -3.9441 -3.2826 -2.8705 -2.7438 0.3000 0.7047
27.0000 -3.9904 -3.9452 -3.2846 -2.8260 -2.7441 0.3000 0.7017
28.0000 -3.9904 -3.9455 -3.2851 -2.8173 -2.7428 0.3000 0.7007
29.0000 -3.9904 -3.9458 -3.2861 -2.8014 -2.7409 0.3000 0.6988
30.0000 -3.9904 -3.9460 -3.2870 -2.7814 -2.7391 0.3000 0.6970
31.0000 -3.9904 -3.9462 -3.2881 -2.7534 -2.7361 0.3000 0.6943
32.0000 -3.9904 -3.9465 -3.2888 -2.7340 -2.7318 0.3000 0.6924
33.0000 -3.9904 -3.9465 -3.2891 -2.7326 -2.7161 0.3000 0.6912
34.0000 -3.9904 -3.9464 -3.2893 -2.7315 -2.7026 0.3000 0.6902
35.0000 -3.9904 -3.9463 -3.2897 -2.7300 -2.6838 0.3000 0.6890
36.0000 -3.9905 -3.9461 -3.2910 -2.7284 -2.6491 0.3000 0.6868
37.0000 -3.9904 -3.9460 -3.2915 -2.7275 -2.6377 0.3000 0.6858
38.0000 -3.9904 -3.9459 -3.2923 -2.7261 -2.6346 0.3000 0.6847
39.0000 -3.9904 -3.9457 -3.2931 -2.7244 -2.6311 0.3000 0.6836
40.0000 -3.9904 -3.9455 -3.2933 -2.7230 -2.6280 0.3000 0.6831
41.0000 -3.9904 -3.9450 -3.2935 -2.7212 -2.6238 0.3000 0.6823
42.0000 -3.9904 -3.9440 -3.2935 -2.7183 -2.6166 0.3000 0.6812
43.0000 -3.9904 -3.9432 -3.2934 -2.7159 -2.6099 0.3000 0.6800
44.0000 -3.9904 -3.9421 -3.2937 -2.7138 -2.6014 0.3000 0.6782
45.0000 -3.9904 -3.9417 -3.2938 -2.7133 -2.5984 0.3000 0.6775
46.0000 -3.9904 -3.9413 -3.2941 -2.7127 -2.5952 0.3000 0.6769
47.0000 -3.9904 -3.9408 -3.2943 -2.7120 -2.5907 0.3000 0.6760
48.0000 -3.9904 -3.9399 -3.2947 -2.7109 -2.5830 0.3000 0.6746
49.0000 -3.9904 -3.9395 -3.2946 -2.7105 -2.5810 0.3000 0.6742
50.0000 -3.9904 -3.9394 -3.2945 -2.7101 -2.5792 0.3000 0.6739
51.0000 -3.9904 -3.9396 -3.2944 -2.7096 -2.5766 0.3000 0.6734
52.0000 -3.9905 -3.9405 -3.2940 -2.7084 -2.5707 0.3000 0.6722
53.0000 -3.9904 -3.9413 -3.2938 -2.7074 -2.5646 0.3000 0.6713
54.0000 -3.9904 -3.9416 -3.2938 -2.7071 -2.5625 0.3000 0.6709
55.0000 -3.9904 -3.9418 -3.2938 -2.7070 -2.5617 0.3000 0.6707
56.0000 -3.9904 -3.9425 -3.2937 -2.7071 -2.5597 0.3000 0.6700
57.0000 -3.9904 -3.9429 -3.2937 -2.7071 -2.5590 0.3000 0.6696
58.0000 -3.9904 -3.9432 -3.2936 -2.7071 -2.5582 0.3000 0.6691
59.0000 -3.9904 -3.9433 -3.2934 -2.7071 -2.5575 0.3000 0.6689
60.0000 -3.9904 -3.9435 -3.2930 -2.7069 -2.5552 0.3000 0.6684
61.0000 -3.9904 -3.9436 -3.2925 -2.7066 -2.5524 0.3000 0.6679
62.0000 -3.9904 -3.9438 -3.2921 -2.7064 -2.5498 0.3000 0.6675
63.0000 -3.9904 -3.9439 -3.2917 -2.7062 -2.5469 0.3000 0.6671
64.0000 -3.9904 -3.9438 -3.2916 -2.7059 -2.5453 0.3000 0.6669
65.0000 -3.9904 -3.9436 -3.2914 -2.7057 -2.5425 0.3000 0.6666
66.0000 -3.9904 -3.9435 -3.2910 -2.7054 -2.5392 0.3000 0.6664
67.0000 -3.9904 -3.9432 -3.2904 -2.7051 -2.5346 0.3000 0.6660
68.0000 -3.9904 -3.9431 -3.2899 -2.7051 -2.5308 0.3000 0.6656
69.0000 -3.9904 -3.9431 -3.2897 -2.7051 -2.5295 0.3000 0.6655
70.0000 -3.9904 -3.9430 -3.2895 -2.7052 -2.5280 0.3000 0.6653
71.0000 -3.9904 -3.9430 -3.2888 -2.7055 -2.5249 0.3000 0.6647
72.0000 -3.9905 -3.9427 -3.2877 -2.7060 -2.5207 0.3000 0.6639
73.0000 -3.9904 -3.9426 -3.2873 -2.7062 -2.5195 0.3000 0.6637
74.0000 -3.9904 -3.9422 -3.2865 -2.7065 -2.5169 0.3000 0.6632
75.0000 -3.9904 -3.9420 -3.2859 -2.7067 -2.5152 0.3000 0.6630
76.0000 -3.9904 -3.9417 -3.2853 -2.7069 -2.5135 0.3000 0.6627
77.0000 -3.9904 -3.9414 -3.2847 -2.7072 -2.5125 0.3000 0.6624
78.0000 -3.9904 -3.9410 -3.2841 -2.7074 -2.5114 0.3000 0.6621
79.0000 -3.9904 -3.9405 -3.2833 -2.7075 -2.5097 0.3000 0.6618
80.0000 -3.9904 -3.9398 -3.2825 -2.7076 -2.5082 0.3000 0.6615
81.0000 -3.9904 -3.9394 -3.2819 -2.7076 -2.5069 0.3000 0.6613
82.0000 -3.9904 -3.9380 -3.2801 -2.7077 -2.5034 0.3000 0.6607
83.0000 -3.9904 -3.9377 -3.2796 -2.7077 -2.5031 0.3000 0.6606
84.0000 -3.9904 -3.9371 -3.2786 -2.7075 -2.5024 0.3000 0.6603
85.0000 -3.9904 -3.9364 -3.2776 -2.7073 -2.5014 0.3000 0.6601
86.0000 -3.9904 -3.9358 -3.2769 -2.7071 -2.5004 0.3000 0.6599
87.0000 -3.9904 -3.9352 -3.2763 -2.7070 -2.5003 0.3000 0.6597
88.0000 -3.9904 -3.9336 -3.2746 -2.7067 -2.5000 0.3000 0.6591
89.0000 -3.9904 -3.9332 -3.2742 -2.7066 -2.5001 0.3000 0.6590
90.0000 -3.9904 -3.9323 -3.2733 -2.7065 -2.5005 0.3000 0.6586
# OPTIMIZATION PARAMETERS 
# nelx: 30
# nely: 60
# max buckling: 0.2506
# penalization: 3.0
# initial densities: [0.3467 0.298  0.238  ... 0.     0.     0.    ]
# FEA MODEL DATA 
# material: {'Ex': 1, 'Ey': 0.2, 'NUxy': 0.3}
# loads: {'Val': 0.005, 'direction': 'x', 'dof': array([1859, 1921, 1983], dtype=int64)}
# bc: Left Clamped
# 
