# densities
1.0000
1.0000
0.9783
0.9501
0.9871
0.8546
0.7374
0.6322
0.5371
0.4505
0.3714
0.2992
0.2335
0.1742
0.1213
0.0748
0.0347
0.0006
0.0000
0.0000
0.0000
0.0000
0.0000
0.0000
0.0000
0.0000
0.0000
0.0000
0.0000
0.0000
1.0000
1.0000
0.9855
0.9995
0.9110
0.8102
0.7163
0.6288
0.5473
0.4711
0.3998
0.3332
0.2712
0.2139
0.1613
0.1137
0.0714
0.0343
0.0025
0.0000
0.0000
0.0000
0.0000
0.0000
0.0000
0.0000
0.0000
0.0000
0.0000
0.0000
0.7545
0.8718
0.9318
0.9066
0.8540
0.7891
0.7207
0.6518
0.5836
0.5168
0.4519
0.3891
0.3288
0.2713
0.2171
0.1667
0.1204
0.0787
0.0419
0.0101
0.0000
0.0000
0.0000
0.0000
0.0000
0.0000
0.0000
0.0000
0.0000
0.0000
0.5859
0.6760
0.7504
0.7913
0.7895
0.7636
0.7236
0.6754
0.6224
0.5664
0.5089
0.4506
0.3925
0.3352
0.2797
0.2265
0.1765
0.1301
0.0879
0.0503
0.0173
0.0000
0.0000
0.0000
0.0000
0.0000
0.0000
0.0000
0.0000
0.0000
0.4889
0.5561
0.6269
0.6823
0.7149
0.7221
0.7102
0.6845
0.6491
0.6065
0.5587
0.5073
0.4535
0.3985
0.3433
0.2888
0.2362
0.1860
0.1391
0.0959
0.0569
0.0225
0.0000
0.0000
0.0000
0.0000
0.0000
0.0000
0.0000
0.0000
0.4213
0.4731
0.5338
0.5918
0.6377
0.6670
0.6784
0.6744
0.6575
0.6304
0.5951
0.5534
0.5067
0.4564
0.4040
0.3504
0.2969
0.2444
0.1939
0.1461
0.1017
0.0613
0.0254
0.0000
0.0000
0.0000
0.0000
0.0000
0.0000
0.0000
0.3679
0.4088
0.4600
0.5142
0.5644
0.6049
0.6327
0.6467
0.6475
0.6367
0.6156
0.5858
0.5489
0.5061
0.4589
0.4086
0.3564
0.3035
0.2510
0.1999
0.1511
0.1054
0.0638
0.0268
0.0000
0.0000
0.0000
0.0000
0.0000
0.0000
0.3222
0.3552
0.3979
0.4463
0.4955
0.5408
0.5784
0.6057
0.6217
0.6263
0.6199
0.6036
0.5784
0.5454
0.5059
0.4613
0.4127
0.3615
0.3088
0.2560
0.2040
0.1542
0.1074
0.0647
0.0268
0.0000
0.0000
0.0000
0.0000
0.0000
0.2816
0.3082
0.3436
0.3857
0.4314
0.4773
0.5197
0.5559
0.5836
0.6017
0.6094
0.6070
0.5946
0.5732
0.5435
0.5067
0.4640
0.4165
0.3657
0.3129
0.2594
0.2066
0.1557
0.1079
0.0642
0.0254
0.0000
0.0000
0.0000
0.0000
0.2454
0.2665
0.2953
0.3310
0.3719
0.4156
0.4595
0.5007
0.5367
0.5657
0.5860
0.5969
0.5978
0.5889
0.5706
0.5435
0.5086
0.4671
0.4202
0.3694
0.3160
0.2617
0.2078
0.1558
0.1068
0.0620
0.0220
0.0000
0.0000
0.0000
0.2139
0.2298
0.2525
0.2818
0.3171
0.3569
0.3995
0.4426
0.4839
0.5209
0.5518
0.5747
0.5885
0.5926
0.5866
0.5707
0.5455
0.5119
0.4709
0.4240
0.3726
0.3183
0.2629
0.2078
0.1546
0.1043
0.0581
0.0166
0.0000
0.0000
0.1876
0.1986
0.2155
0.2385
0.2674
0.3020
0.3413
0.3838
0.4274
0.4698
0.5087
0.5419
0.5677
0.5844
0.5912
0.5876
0.5735
0.5495
0.5163
0.4753
0.4278
0.3756
0.3203
0.2637
0.2073
0.1526
0.1008
0.0531
0.0111
0.0000
0.1668
0.1735
0.1850
0.2016
0.2240
0.2524
0.2867
0.3261
0.3693
0.4143
0.4587
0.5001
0.5363
0.5649
0.5845
0.5937
0.5918
0.5789
0.5554
0.5222
0.4807
0.4324
0.3793
0.3230
0.2651
0.2073
0.1509
0.0977
0.0499
0.0116
0.1519
0.1547
0.1614
0.1722
0.1880
0.2096
0.2375
0.2718
0.3120
0.3566
0.4037
0.4508
0.4954
0.5347
0.5664
0.5885
0.5997
0.5992
0.5869
0.5634
0.5299
0.4879
0.4392
0.3856
0.3285
0.2695
0.2101
0.1524
0.0995
0.0568
0.1424
0.1420
0.1447
0.1506
0.1605
0.1753
0.1960
0.2236
0.2582
0.2995
0.3460
0.3958
0.4463
0.4943
0.5371
0.5719
0.5964
0.6092
0.6096
0.5976
0.5743
0.5410
0.4995
0.4515
0.3984
0.3411
0.2811
0.2206
0.1638
0.1176
0.1375
0.1346
0.1343
0.1366
0.1419
0.1509
0.1648
0.1847
0.2118
0.2466
0.2890
0.3378
0.3908
0.4449
0.4969
0.5434
0.5812
0.6080
0.6223
0.6237
0.6126
0.5906
0.5595
0.5210
0.4761
0.4249
0.3680
0.3075
0.2486
0.2003
0.1359
0.1312
0.1289
0.1290
0.1314
0.1366
0.1452
0.1582
0.1771
0.2032
0.2378
0.2811
0.3320
0.3883
0.4466
0.5029
0.5532
0.5943
0.6236
0.6400
0.6435
0.6355
0.6185
0.5943
0.5634
0.5249
0.4768
0.4206
0.3626
0.3141
0.1358
0.1302
0.1270
0.1263
0.1277
0.1313
0.1370
0.1455
0.1577
0.1751
0.1996
0.2329
0.2760
0.3286
0.3881
0.4507
0.5116
0.5665
0.6117
0.6448
0.6653
0.6745
0.6752
0.6720
0.6628
0.6459
0.6152
0.5705
0.5186
0.4726
0.1357
0.1301
0.1271
0.1268
0.1289
0.1329
0.1385
0.1454
0.1542
0.1656
0.1811
0.2029
0.2334
0.2745
0.3271
0.3891
0.4561
0.5228
0.5839
0.6355
0.6759
0.7056
0.7296
0.7518
0.7799
0.7577
0.7358
0.7150
0.6974
0.6860
0.1344
0.1295
0.1278
0.1291
0.1333
0.1395
0.1470
0.1552
0.1637
0.1729
0.1836
0.1972
0.2157
0.2413
0.2771
0.3260
0.3891
0.4621
0.5370
0.6077
0.6710
0.7267
0.7771
0.8279
0.8046
0.7862
0.7637
0.7407
0.7195
0.7030
0.1317
0.1279
0.1281
0.1320
0.1393
0.1493
0.1606
0.1722
0.1832
0.1932
0.2025
0.2123
0.2242
0.2391
0.2575
0.2824
0.3232
0.3870
0.4676
0.5552
0.6432
0.7294
0.8158
0.8502
0.8352
0.8180
0.7984
0.7753
0.7515
0.7297
0.1280
0.1254
0.1279
0.1349
0.1461
0.1607
0.1774
0.1944
0.2100
0.2234
0.2335
0.2406
0.2482
0.2572
0.2666
0.2776
0.2935
0.3179
0.3749
0.4699
0.5819
0.7007
0.8293
0.8755
0.8658
0.8557
0.8414
0.8217
0.7971
0.7708
0.1245
0.1230
0.1277
0.1377
0.1527
0.1720
0.1945
0.2182
0.2410
0.2611
0.2765
0.2835
0.2833
0.2807
0.2732
0.2903
0.3062
0.2935
0.2865
0.3494
0.4743
0.6253
0.8015
0.8994
0.8976
0.8975
0.8941
0.8831
0.8619
0.8340
0.1223
0.1219
0.1284
0.1408
0.1587
0.1814
0.2080
0.2374
0.2680
0.2974
0.3241
0.3405
0.3378
0.3045
0.3029
0.3065
0.2989
0.2625
0.2612
0.2734
0.3274
0.4811
0.7053
0.9149
0.9260
0.9402
0.9560
0.9636
0.9549
0.9311
0.1220
0.1226
0.1305
0.1445
0.1638
0.1877
0.2151
0.2455
0.2782
0.3125
0.3451
0.3666
0.3418
0.3245
0.2947
0.2891
0.1884
0.0933
0.1440
0.2357
0.2936
0.3106
0.4963
0.8610
0.9446
0.9772
1.0000
1.0000
0.9959
0.9870
0.1232
0.1250
0.1340
0.1486
0.1677
0.1902
0.2152
0.2415
0.2683
0.2948
0.3206
0.3426
0.3717
0.3503
0.2999
0.2110
0.0000
0.0000
0.0000
0.0000
0.0000
0.2175
0.3002
0.5556
0.9426
0.9958
1.0000
1.0000
1.0000
1.0000
0.1247
0.1282
0.1380
0.1524
0.1700
0.1895
0.2098
0.2298
0.2482
0.2645
0.2810
0.3081
0.3252
0.3560
0.3377
0.2107
0.0000
0.0000
0.0000
0.0000
0.0000
0.0000
0.0000
0.2471
0.7106
0.9680
1.0000
1.0000
1.0000
1.0000
0.1250
0.1306
0.1413
0.1552
0.1707
0.1867
0.2019
0.2156
0.2276
0.2391
0.2530
0.2665
0.2836
0.2805
0.2978
0.3297
0.0000
0.0000
0.0000
0.0000
0.0000
0.0000
0.0000
0.0000
0.2205
0.8739
1.0000
1.0000
1.0000
1.0000
0.1231
0.1312
0.1431
0.1567
0.1704
0.1832
0.1944
0.2038
0.2118
0.2198
0.2278
0.2347
0.2378
0.2438
0.2326
0.2242
0.2984
0.2529
0.0000
0.0000
0.0000
0.0000
0.0000
0.0000
0.0000
0.5811
0.8023
1.0000
1.0000
1.0000
0.1192
0.1300
0.1435
0.1574
0.1701
0.1811
0.1899
0.1969
0.2024
0.2067
0.2090
0.2075
0.2025
0.1917
0.1822
0.1856
0.2243
0.2385
0.2326
0.2108
0.0000
0.0000
0.0000
0.0000
0.0000
0.9762
0.7673
0.9876
1.0000
1.0000
0.1150
0.1286
0.1441
0.1588
0.1716
0.1821
0.1903
0.1964
0.2006
0.2024
0.2010
0.1953
0.1840
0.1690
0.1567
0.1582
0.1660
0.1827
0.2025
0.2045
0.2883
0.3767
0.5878
0.7699
0.8954
0.9129
0.9270
0.9831
1.0000
1.0000
0.1139
0.1299
0.1473
0.1633
0.1771
0.1885
0.1976
0.2045
0.2090
0.2107
0.2091
0.2042
0.1967
0.1896
0.1873
0.1938
0.2137
0.2499
0.3066
0.3988
0.5464
0.7730
0.8510
0.8648
0.9033
0.9824
1.0000
1.0000
1.0000
1.0000
0.1198
0.1373
0.1562
0.1739
0.1895
0.2030
0.2144
0.2238
0.2309
0.2358
0.2389
0.2412
0.2451
0.2538
0.2708
0.3000
0.3457
0.4125
0.5085
0.6508
0.8265
0.8353
0.8220
0.8295
0.9556
0.9788
1.0000
1.0000
1.0000
0.9496
0.1363
0.1542
0.1740
0.1935
0.2116
0.2279
0.2427
0.2561
0.2679
0.2784
0.2888
0.3009
0.3172
0.3403
0.3730
0.4180
0.4790
0.5616
0.6758
0.7970
0.7956
0.7969
0.8069
0.8479
0.9411
0.9758
1.0000
1.0000
0.0000
0.0000
0.1653
0.1830
0.2036
0.2251
0.2459
0.2651
0.2832
0.3008
0.3177
0.3339
0.3507
0.3701
0.3943
0.4253
0.4650
0.5155
0.5799
0.6634
0.7744
0.7935
0.8000
0.8141
0.8459
0.9051
0.9567
0.9695
0.9215
0.0000
0.0000
0.0000
0.2061
0.2255
0.2471
0.2707
0.2944
0.3157
0.3351
0.3550
0.3755
0.3952
0.4149
0.4367
0.4627
0.4945
0.5336
0.5814
0.6398
0.7116
0.8007
0.8098
0.8274
0.8559
0.8925
0.9210
0.9506
0.9782
0.0000
0.0000
0.0000
0.0000
0.2562
0.2821
0.3062
0.3314
0.3585
0.3810
0.3970
0.4141
0.4350
0.4550
0.4733
0.4921
0.5142
0.5413
0.5743
0.6140
0.6608
0.7147
0.7771
0.8442
0.8535
0.8668
0.8815
0.8941
0.7156
0.0020
0.0000
0.0000
0.0000
0.0000
0.3123
0.3507
0.3818
0.4074
0.4374
0.4632
0.4697
0.4730
0.4885
0.5056
0.5184
0.5303
0.5446
0.5633
0.5874
0.6165
0.6497
0.6856
0.7237
0.7629
0.8048
0.8266
0.7972
0.6534
0.0019
0.0000
0.0000
0.0000
0.0000
0.0000
0.3721
0.4245
0.4706
0.4968
0.5241
0.5606
0.5576
0.5276
0.5264
0.5381
0.5431
0.5463
0.5516
0.5615
0.5762
0.5946
0.6144
0.6331
0.6473
0.6528
0.6373
0.5794
0.4383
0.0011
0.0000
0.0000
0.0000
0.0000
0.0000
0.0000
0.4335
0.4962
0.5594
0.5934
0.6030
0.6533
0.6630
0.5802
0.5375
0.5441
0.5410
0.5374
0.5363
0.5394
0.5468
0.5560
0.5637
0.5661
0.5577
0.5290
0.4641
0.3404
0.0357
0.0000
0.0000
0.0000
0.0000
0.0000
0.0000
0.0000
0.4921
0.5668
0.6225
0.6787
0.6590
0.6969
0.7612
0.6425
0.5205
0.5172
0.5128
0.5067
0.5049
0.5052
0.5079
0.5099
0.5072
0.4951
0.4659
0.4060
0.2999
0.0495
0.0000
0.0000
0.0000
0.0000
0.0000
0.0000
0.0000
0.0000
0.5422
0.6443
0.6369
0.7161
0.6914
0.6622
0.7822
0.7196
0.5025
0.4611
0.4726
0.4675
0.4694
0.4701
0.4684
0.4628
0.4491
0.4222
0.3719
0.2808
0.0564
0.0000
0.0000
0.0000
0.0000
0.0000
0.0000
0.0000
0.0000
0.0000
0.5801
0.7182
0.6147
0.6699
0.7018
0.5871
0.6822
0.7648
0.5301
0.4103
0.4336
0.4407
0.4416
0.4405
0.4310
0.4131
0.3832
0.3349
0.2532
0.0805
0.0000
0.0000
0.0000
0.0000
0.0000
0.0000
0.0000
0.0000
0.0000
0.0000
0.6046
0.7498
0.6087
0.5551
0.6628
0.5457
0.5345
0.7073
0.6060
0.4149
0.4045
0.4271
0.4236
0.4112
0.3881
0.3522
0.3006
0.2228
0.0994
0.0000
0.0000
0.0000
0.0000
0.0000
0.0000
0.0000
0.0000
0.0000
0.0000
0.0000
0.6129
0.7153
0.6574
0.4371
0.5542
0.5462
0.4481
0.5835
0.6412
0.4827
0.4050
0.4083
0.4000
0.3716
0.3298
0.2737
0.1993
0.1013
0.0000
0.0000
0.0000
0.0000
0.0000
0.0000
0.0000
0.0000
0.0000
0.0000
0.0000
0.0000
0.5983
0.6525
0.7211
0.3727
0.4292
0.5226
0.4475
0.4888
0.5955
0.5332
0.4258
0.3848
0.3556
0.3115
0.2529
0.1804
0.0920
0.0000
0.0000
0.0000
0.0000
0.0000
0.0000
0.0000
0.0000
0.0000
0.0000
0.0000
0.0000
0.0000
0.5550
0.6339
0.7061
0.3759
0.3533
0.4531
0.4613
0.4543
0.5203
0.5061
0.4184
0.3459
0.2911
0.2308
0.1606
0.0791
0.0000
0.0000
0.0000
0.0000
0.0000
0.0000
0.0000
0.0000
0.0000
0.0000
0.0000
0.0000
0.0000
0.0000
0.4899
0.6812
0.5770
0.4148
0.3251
0.3858
0.4416
0.4363
0.4483
0.4295
0.3576
0.2782
0.2074
0.1368
0.0615
0.0000
0.0000
0.0000
0.0000
0.0000
0.0000
0.0000
0.0000
0.0000
0.0000
0.0000
0.0000
0.0000
0.0000
0.0000
0.4249
0.7235
0.4227
0.4539
0.3341
0.3561
0.3987
0.3924
0.3709
0.3325
0.2646
0.1868
0.1118
0.0389
0.0000
0.0000
0.0000
0.0000
0.0000
0.0000
0.0000
0.0000
0.0000
0.0000
0.0000
0.0000
0.0000
0.0000
0.0000
0.0027
0.3847
0.6813
0.3504
0.4516
0.3562
0.3424
0.3464
0.3211
0.2781
0.2251
0.1589
0.0865
0.0137
0.0000
0.0000
0.0000
0.0000
0.0000
0.0000
0.0000
0.0000
0.0000
0.0000
0.0000
0.0000
0.0000
0.0000
0.0000
0.0000
0.0000
0.3799
0.5723
0.3656
0.4223
0.3598
0.3138
0.2803
0.2316
0.1741
0.1142
0.0513
0.0000
0.0000
0.0000
0.0000
0.0000
0.0000
0.0000
0.0000
0.0000
0.0000
0.0000
0.0000
0.0000
0.0000
0.0000
0.0000
0.0000
0.0000
0.0013
0.3982
0.4794
0.3934
0.3828
0.3225
0.2553
0.1950
0.1305
0.0662
0.0045
0.0000
0.0000
0.0000
0.0000
0.0000
0.0000
0.0000
0.0000
0.0000
0.0000
0.0000
0.0000
0.0003
0.0000
0.0000
0.0000
0.0000
0.0000
0.0000
0.0151
0.4167
0.4292
0.3740
0.3228
0.2463
0.1672
0.0943
0.0244
0.0000
0.0000
0.0000
0.0000
0.0000
0.0000
0.0000
0.0000
0.0000
0.0000
0.0000
0.0000
0.0000
0.0000
0.0000
0.0000
0.0000
0.0000
0.0000
0.0002
0.0123
0.0000
0.4062
0.3628
0.2896
0.2201
0.1361
0.0544
0.0000
0.0000
0.0000
0.0000
0.0000
0.0000
0.0000
0.0000
0.0000
0.0000
0.0000
0.0000
0.0000
0.0000
0.0000
0.0000
0.0000
0.0000
0.0000
0.0000
0.0003
0.0092
0.0000
0.0000
0.2902
0.1836
0.1097
0.0349
0.0000
0.0000
0.0000
0.0000
0.0000
0.0000
0.0000
0.0000
0.0000
0.0000
0.0000
0.0000
0.0000
0.0000
0.0000
0.0000
0.0000
0.0000
0.0000
0.0000
0.0000
0.0000
0.0088
0.0041
0.0000
0.0000
0.0000
0.0000
0.0000
0.0000
0.0000
0.0000
0.0000
0.0000
0.0000
0.0000
0.0000
0.0000
0.0000
0.0000
0.0000
0.0000
0.0000
0.0000
0.0000
0.0000
0.0000
0.0000
0.0028
0.0000
0.0000
0.0097
0.0050
0.0000
0.0000
0.0000
0.0000
0.0000
0.0000
0.0000
0.0000
0.0000
0.0000
0.0000
0.0000
0.0000
0.0000
0.0000
0.0000
0.0000
0.0000
0.0000
0.0000
0.0000
0.0000
0.0024
0.0000
0.0000
0.0000
0.0000
0.0110
0.0022
0.0000
0.0000
0.0000
0.0000
0.0000
0.0000
0.0000
0.0000
0.0000
0.0000
0.0000
0.0000
0.0000
0.0000
0.0000
0.0000
0.0000
0.0000
0.0000
0.0000
0.0000
0.0000
0.0000
0.0000
0.0000
0.0000
0.0022
0.0131
0.0000
0.0000
0.0000
0.0000
0.0000
0.0000
0.0000
0.0000
0.0000
0.0000
0.0000
0.0000
0.0000
0.0000
0.0000
0.0000
0.0000
0.0000
0.0000
0.0000
0.0000
0.0000
0.0000
0.0004
0.0000
0.0000
0.0000
0.0067
0.0169
0.0000
0.0000
0.0000
0.0000
0.0000
0.0000
0.0000
0.0000
0.0000
0.0000
0.0000
0.0000
0.0000
0.0000
0.0000
0.0000
0.0000
0.0000
0.0000
0.0000
0.0000
0.0000
0.0000
0.0000
0.0000
0.0000
0.0000
0.0097
0.0000
0.0000
0.0000
0.0000
0.0000
0.0000
0.0000
0.0000
0.0000
# OPTIMIZATION PARAMETERS 
# nelx: 30
# nely: 60
# max buckling: 0.61
# penalization: 1.484
# initial densities: 1.0
# FEA MODEL DATA 
# material: {'Ex': 1, 'Ey': 1, 'NUxy': 0.3}
# loads: {'Val': 0.005, 'direction': 'x', 'dof': array([1859, 1921, 1983], dtype=int64)}
# bc: Left Clamped
# 
